# Messung der Leerlaufspannung am Generator
# Gleich beim ersten Einschalten des Generators
# Ohne angelegtes Magnetfeld (höchstns noch Restmagnetisierung)
# 
# Spalte 1: t [s]
# Spalte 2: Generatorspannung [mV]
0	7.65
1	17.55
2	24.6
3	26.1
4	25.35
5	24.45
6	23.55
7	22.2
8	20.55
9	19.2
10	18.15
11	17.25
12	16.35
13	15.6
14	14.85
15	13.95
16	13.2
17	12.6
18	11.85
19	11.25
20	10.65
21	10.2
22	9.9
23	9.45
24	9.15
25	8.7
26	8.1
27	7.65
28	7.2
29	6.75
30	6.3
31	6
32	5.7
33	5.4
34	5.1
35	4.8
36	4.65
37	4.35
38	4.2
39	3.9
40	3.75
41	3.45
42	3.3
43	3.15
44	3
45	2.85
46	2.7
47	2.55
48	2.55
49	2.4
50	2.25
51	2.1
52	1.95
53	1.65
54	1.5
55	1.2
56	1.05
57	0.75
58	0.6
59	0.45
60	0.45
61	0.45
62	0.3
63	0.15
64	0.15
65	0.15
66	0
67	0
68	0
69	-0.15
70	-0.3
71	-0.3
72	-0.45
73	-0.6
74	-0.6
75	-0.75
76	-0.75
77	-0.9
78	-0.9
79	-1.05
80	-1.05
81	-1.2
82	-1.2
83	-1.35
84	-1.5
85	-1.5
86	-1.65
87	-1.65
88	-1.8
89	-1.8
90	-1.8
91	-1.95
92	-1.95
93	-2.1
94	-2.1
95	-2.1
96	-2.25
97	-2.25
98	-2.25
99	-2.25
100	-2.4
101	-2.4
102	-2.4
103	-2.4
104	-2.4
105	-2.4
106	-2.4
107	-2.55
108	-2.55
109	-2.55
110	-2.55
111	-2.7
112	-2.7
113	-2.7
114	-2.7
115	-2.7
116	-2.7
117	-2.7
118	-2.7
119	-2.7
120	-2.85
121	-2.85
122	-2.85
123	-2.85
124	-2.85
125	-2.85
126	-2.85
127	-2.85
128	-3
129	-3
130	-3
131	-3
132	-3.15
133	-3.15
134	-3.15
135	-3.15
136	-3.3
137	-3.3
138	-3.3
139	-3.3
140	-3.3
141	-3.3
142	-3.3
143	-3.3
144	-3.3
145	-3.3
146	-3.3
147	-3.3
148	-3.45
149	-3.45
150	-3.45
151	-3.45
152	-3.45
153	-3.45
154	-3.45
155	-3.45
156	-3.6
157	-3.6
158	-3.6
159	-3.6
160	-3.75
161	-3.75
162	-3.75
163	-3.75
164	-3.9
165	-3.9
166	-3.9
167	-3.9
168	-4.05
169	-4.05
170	-4.05
171	-4.05
172	-4.05
173	-4.2
174	-4.2
175	-4.2
176	-4.2
177	-4.35
178	-4.35
179	-4.35
180	-4.35
181	-4.5
182	-4.5
183	-4.5
184	-4.5
185	-4.5
186	-4.5
187	-4.5
188	-4.65
189	-4.65
190	-4.65
191	-4.65
192	-4.8
193	-4.8
194	-4.8
195	-4.8
196	-4.8
197	-4.95
198	-4.95
199	-4.95
200	-4.95
201	-4.95
202	-4.95
203	-4.95
204	-5.1
205	-5.1
206	-5.1
207	-5.1
208	-5.1
209	-5.1
210	-5.1
211	-5.1
212	-5.25
213	-5.25
214	-5.25
215	-5.25
216	-5.25
217	-5.25
218	-5.25
219	-5.25
220	-5.25
221	-5.25
222	-5.25
223	-5.25
224	-5.25
225	-5.25
226	-5.25
227	-5.25
228	-5.4
229	-5.4
230	-5.4
231	-5.4
232	-5.4
233	-5.4
234	-5.4
235	-5.4
236	-5.4
237	-5.4
238	-5.4
239	-5.4
240	-5.4
241	-5.4
242	-5.4
243	-5.4
244	-5.4
245	-5.4
246	-5.4
247	-5.4
248	-5.4
249	-5.4
250	-5.4
251	-5.4
252	-5.4
253	-5.4
254	-5.4
255	-5.4
256	-5.55
257	-5.55
258	-5.55
259	-5.55
260	-5.55
261	-5.55
262	-5.55
263	-5.55
264	-5.55
265	-5.55
266	-5.55
267	-5.55
268	-5.55
269	-5.55
270	-5.55
271	-5.55
272	-5.55
273	-5.55
274	-5.7
275	-5.7
276	-5.7
277	-5.7
278	-5.7
279	-5.7
280	-5.7
281	-5.7
282	-5.7
283	-5.7
284	-5.7
285	-5.85
286	-5.85
287	-5.85
288	-5.85
289	-5.85
290	-5.85
291	-6
292	-6
293	-6
294	-6
295	-6
296	-6.15
297	-6.15
298	-6.15
299	-6.15
300	-6.15
301	-6.15
302	-6.3
303	-6.3
304	-6.3
305	-6.3
306	-6.3
307	-6.3
308	-6.3
309	-6.3
310	-6.3
311	-6.3
312	-6.3
313	-6.3
314	-6.3
315	-6.3
316	-6.3
317	-6.3
318	-6.3
319	-6.3
320	-6.3
321	-6.3
322	-6.3
323	-6.3
324	-6.3
325	-6.3
326	-6.3
327	-6.3
328	-6.3
329	-6.3
330	-6.3
331	-6.3
332	-6.3
333	-6.3
334	-6.3
335	-6.3
336	-6.3
337	-6.3
338	-6.3
339	-6.3
340	-6.3
341	-6.3
342	-6.3
343	-6.3
344	-6.3
345	-6.3
346	-6.3
347	-6.3
348	-6.3
349	-6.3
350	-6.3
351	-6.3
352	-6.3
353	-6.3
354	-6.3
355	-6.3
356	-6.3
357	-6.3
358	-6.3
359	-6.3
360	-6.3
361	-6.3
362	-6.3
363	-6.3
364	-6.3
365	-6.3
366	-6.3
367	-6.3
368	-6.3
369	-6.3
370	-6.3
371	-6.3
372	-6.3
373	-6.3
374	-6.3
375	-6.3
376	-6.3
377	-6.3
378	-6.3
379	-6.3
380	-6.3
381	-6.3
382	-6.3
383	-6.3
384	-6.3
385	-6.3
386	-6.3
387	-6.3
388	-6.3
389	-6.3
390	-6.3
391	-6.3
392	-6.3
393	-6.3
394	-6.3
395	-6.3
396	-6.45
397	-6.3
398	-6.3
399	-6.3
400	-6.3
401	-6.3
402	-6.3
403	-6.3
404	-6.3
405	-6.45
406	-6.3
407	-6.3
408	-6.45
409	-6.3
410	-6.3
411	-6.3
412	-6.3
413	-6.3
414	-6.3
415	-6.3
416	-6.3
417	-6.3
418	-6.3
419	-6.3
420	-6.3
421	-6.3
422	-6.3
423	-6.3
424	-6.3
425	-6.3
426	-6.3
427	-6.3
428	-6.3
429	-6.3
430	-6.15
431	-6.15
432	-6.15
433	-6.15
434	-6.3
435	-6.3
436	-6.3
437	-6.3
438	-6.3
439	-6.3
440	-6.3
441	-6.3
442	-6.3
443	-6.3
444	-6.3
445	-6.3
446	-6.3
447	-6.3
448	-6.3
449	-6.3
450	-6.15
451	-6
452	-5.85
453	-5.7
454	-5.7
455	-5.55
456	-5.7
457	-5.7
458	-5.85
459	-5.85
460	-6
461	-6
462	-6.15
463	-6.15
464	-6.3
465	-6.3
466	-6.3
467	-6.3
468	-6.45
469	-6.45
470	-6.45
471	-6.45
472	-6.45
473	-6.45
474	-6.45
475	-6.45
476	-6.45
477	-6.45
478	-6.45
479	-6.45
480	-6.45
481	-6.45
482	-6.6
483	-6.6
484	-6.6
485	-6.6
486	-6.6
487	-6.6
488	-6.6
489	-6.6
490	-6.6
491	-6.6
492	-6.6
493	-6.6
494	-6.6
495	-6.6
496	-6.6
497	-6.6
498	-6.6
499	-6.6
500	-6.6
501	-6.6
502	-6.6
503	-6.6
504	-6.6
505	-6.6
506	-6.75
507	-6.75
508	-6.75
509	-6.75
510	-6.75
511	-6.75
512	-6.75
513	-6.75
514	-6.75
515	-6.75
516	-6.6
517	-6.6
518	-6.6
519	-6.6
520	-6.6
521	-6.6
522	-6.6
523	-6.6
524	-6.6
525	-6.6
526	-6.6
527	-6.6
528	-6.6
529	-6.6
530	-6.6
531	-6.6
532	-6.6
533	-6.6
534	-6.6
535	-6.6
536	-6.6
537	-6.6
538	-6.6
539	-6.6
540	-6.6
541	-6.6
542	-6.75
543	-6.75
544	-6.75
545	-6.75
546	-6.75
547	-6.75
548	-6.9
549	-6.9
550	-6.9
551	-6.9
552	-6.9
553	-6.9
554	-6.9
555	-6.9
556	-6.9
557	-6.9
558	-6.9
559	-6.9
560	-6.9
561	-6.9
562	-6.9
563	-7.05
564	-7.05
565	-7.05
566	-7.05
567	-7.05
568	-7.05
569	-7.05
570	-7.05
571	-7.05
572	-7.05
573	-7.05
574	-7.2
575	-7.2
576	-7.2
577	-7.2
578	-7.2
579	-7.2
580	-7.2
581	-7.2
582	-7.2
583	-7.2
584	-7.2
585	-7.2
586	-7.2
587	-7.2
588	-7.2
589	-7.2
590	-7.2
591	-7.2
592	-7.2
593	-7.35
594	-7.35
595	-7.35
596	-7.35
597	-7.35
598	-7.35
599	-7.35
600	-7.35
601	-7.35
602	-7.35
603	-7.5
604	-7.5
605	-7.5
606	-7.5
607	-7.5
608	-7.5
609	-7.35
610	-7.35
611	-7.35
612	-7.35
613	-7.35
614	-7.2
615	-7.2
616	-7.2
617	-7.2
618	-7.2
619	-7.2
620	-7.2
621	-7.35
622	-7.35
623	-7.35
624	-7.35
625	-7.35
626	-7.35
627	-7.35
628	-7.35
629	-7.35
630	-7.35
631	-7.2
632	-7.2
633	-7.2
634	-7.2
635	-7.2
636	-7.2
637	-7.2
638	-7.2
639	-7.2
640	-7.2
641	-7.2
642	-7.2
643	-7.2
644	-7.2
645	-7.2
646	-7.2
647	-7.2
648	-7.2
649	-7.2
650	-7.2
651	-7.2
652	-7.2
653	-7.2
654	-7.2
655	-7.2
656	-7.2
657	-7.2
658	-7.2
659	-7.2
660	-7.2
661	-7.2
662	-7.2
663	-7.2
664	-7.2
665	-7.2
666	-7.2
667	-7.2
668	-7.2
669	-7.2
670	-7.2
671	-7.2
672	-7.2
673	-7.2
674	-7.2
675	-7.2
676	-7.2
677	-7.2
678	-7.2
679	-7.2
680	-7.2
681	-7.2
682	-7.2
683	-7.05
684	-7.05
685	-7.05
686	-7.05
687	-7.05
688	-7.05
689	-7.05
690	-7.05
691	-7.05
692	-7.05
693	-7.05
694	-7.05
695	-7.05
696	-7.05
697	-7.05
698	-7.05
699	-7.05
700	-7.05
701	-7.05
702	-7.05
703	-7.05
704	-7.05
705	-7.05
706	-7.05
707	-6.9
708	-6.9
709	-6.9
710	-6.9
711	-6.9
712	-6.9
713	-6.9
714	-6.9
715	-6.9
716	-6.9
717	-6.9
718	-6.9
719	-6.9
720	-6.9
721	-6.9
722	-6.9
723	-6.9
724	-6.9
725	-6.9
726	-6.9
727	-6.9
728	-6.9
729	-6.9
730	-6.9
731	-6.9
732	-6.9
733	-6.9
734	-6.9
735	-6.9
736	-6.9
737	-6.9
738	-6.9
739	-6.9
740	-6.9
741	-6.9
742	-6.9
743	-6.9
744	-6.9
745	-6.9
746	-6.9
747	-6.9
748	-6.9
749	-6.9
750	-6.9
751	-6.9
752	-6.9
753	-6.9
754	-6.9
755	-6.9
756	-6.9
757	-6.9
758	-6.9
759	-6.9
760	-6.9
761	-6.75
762	-6.75
763	-6.75
764	-6.75
765	-6.75
766	-6.75
767	-6.75
768	-6.75
769	-6.75
770	-6.75
771	-6.75
772	-6.75
773	-6.75
774	-6.75
775	-6.75
776	-6.75
777	-6.75
778	-6.75
779	-6.75
780	-6.75
781	-6.75
782	-6.75
783	-6.75
784	-6.75
785	-6.75
786	-6.75
787	-6.75
788	-6.75
789	-6.75
790	-6.75
791	-6.75
792	-6.75
793	-6.75
794	-6.75
795	-6.75
796	-6.75
797	-6.75
798	-6.75
799	-6.75
800	-6.75
801	-6.75
802	-6.75
803	-6.75
804	-6.75
805	-6.9
806	-6.9
807	-6.9
808	-6.9
809	-6.9
810	-6.75
811	-6.6
812	-6.45
813	-6.3
814	-6.45
815	-6.45
816	-6.6
817	-6.6
818	-6.6
819	-6.6
820	-6.6
821	-6.75
822	-6.75
823	-6.75
824	-6.75
825	-6.75
826	-6.75
827	-6.75
828	-6.75
829	-6.75
830	-6.75
831	-6.75
832	-6.75
833	-6.75
834	-6.75
835	-6.75
836	-6.9
837	-6.9
838	-6.9
839	-6.9
840	-6.9
841	-6.9
842	-6.9
843	-6.9
844	-6.9
845	-6.9
846	-6.9
847	-6.9
848	-6.9
849	-6.9
850	-6.9
851	-6.9
852	-6.9
853	-6.75
854	-6.75
855	-6.75
856	-6.75
857	-6.75
858	-6.6
859	-6.6
860	-6.45
861	-6.3
862	-6.3
863	-6.3
864	-6.45
865	-6.45
866	-6.45
867	-6.45
868	-6.45
869	-6.6
870	-6.6
871	-6.6
872	-6.6
873	-6.6
874	-6.75
875	-6.75
876	-6.75
877	-6.75
878	-6.75
879	-6.75
880	-6.75
881	-6.75
882 -6.75
883	-6.75
