MIN=0	-30	-3	-300	0	
MAX=320	30	3	300	5	
SCALE=100	10	1	100	1	
DEC=1	2	3	1	3	
DEF="Zeit" t / s	"Spannung" U_A1 / mV	"Strom" I_A2 / A	"Magn. Flussdichte" B_B2 / mT	"Frequenz" f / Hz	
0	-1,5	NAN	9,9	NAN	
0,1	-1,5	NAN	9,9	NAN	
0,2	-1,5	NAN	9,9	NAN	
0,3	-1,5	NAN	9,9	NAN	
0,4	-1,5	NAN	9,9	NAN	
0,5	-1,485	NAN	9,9	NAN	
0,6	-1,485	NAN	9,9	NAN	
0,7	-1,485	NAN	9,9	NAN	
0,8	-1,485	NAN	9,9	NAN	
0,9	-1,485	NAN	9,9	NAN	
1	-1,485	NAN	9,9	NAN	
1,1	-1,485	NAN	9,9	NAN	
1,2	-1,485	NAN	9,9	NAN	
1,3	-1,485	NAN	9,9	NAN	
1,4	-1,485	NAN	9,9	NAN	
1,5	-1,485	NAN	9,9	NAN	
1,6	-1,485	NAN	9,9	NAN	
1,7	-1,485	NAN	9,9	NAN	
1,8	-1,485	NAN	9,9	NAN	
1,9	-1,485	NAN	9,9	NAN	
2	-1,485	NAN	9,9	NAN	
2,1	-1,485	NAN	9,9	NAN	
2,2	-1,485	NAN	9,9	NAN	
2,3	-1,485	NAN	9,9	NAN	
2,4	-1,485	NAN	9,9	NAN	
2,5	-1,485	NAN	9,9	NAN	
2,6	-1,485	NAN	9,9	NAN	
2,7	-1,485	NAN	9,9	NAN	
2,8	-1,485	NAN	9,9	NAN	
2,9	-1,485	NAN	9,9	NAN	
3	-1,485	NAN	9,9	NAN	
3,1	-1,485	NAN	9,9	NAN	
3,2	-1,485	NAN	9,9	NAN	
3,3	-1,485	NAN	9,9	NAN	
3,4	-1,485	NAN	9,9	NAN	
3,5	-1,485	NAN	9,9	NAN	
3,6	-1,485	NAN	9,9	NAN	
3,7	-1,485	NAN	9,9	NAN	
3,8	-1,485	NAN	9,9	NAN	
3,9	-1,485	NAN	9,9	NAN	
4	-1,485	NAN	9,9	NAN	
4,1	-1,485	NAN	9,9	NAN	
4,2	-1,485	NAN	9,9	NAN	
4,3	-1,485	NAN	9,9	NAN	
4,4	-1,485	NAN	9,9	NAN	
4,5	-1,47	NAN	9,9	NAN	
4,6	-1,47	NAN	9,9	NAN	
4,7	-1,47	NAN	9,9	NAN	
4,8	-1,47	NAN	9,9	NAN	
4,9	-1,47	NAN	9,9	NAN	
5	-1,47	NAN	9,9	NAN	
5,1	-1,47	NAN	9,9	NAN	
5,2	-1,47	NAN	9,9	NAN	
5,3	-1,47	NAN	9,9	NAN	
5,4	-1,47	NAN	9,9	NAN	
5,5	-1,47	NAN	9,9	NAN	
5,6	-1,47	NAN	9,9	NAN	
5,7	-1,47	NAN	9,9	NAN	
5,8	-1,47	NAN	9,9	NAN	
5,9	-1,47	NAN	9,9	NAN	
6	-1,47	NAN	9,9	NAN	
6,1	-1,47	NAN	9,9	NAN	
6,2	-1,47	NAN	9,9	NAN	
6,3	-1,47	NAN	9,9	NAN	
6,4	-1,47	NAN	9,9	NAN	
6,5	-1,455	NAN	9,9	NAN	
6,6	-1,455	NAN	9,9	NAN	
6,7	-1,455	NAN	9,9	NAN	
6,8	-1,455	NAN	9,9	NAN	
6,9	-1,455	NAN	9,9	NAN	
7	-1,455	NAN	9,9	NAN	
7,1	-1,455	NAN	9,9	NAN	
7,2	-1,455	NAN	9,9	NAN	
7,3	-1,455	NAN	9,9	NAN	
7,4	-1,455	NAN	9,9	NAN	
7,5	-1,44	NAN	9,9	NAN	
7,6	-1,44	NAN	9,9	NAN	
7,7	-1,44	NAN	9,9	NAN	
7,8	-1,44	NAN	9,9	NAN	
7,9	-1,44	NAN	9,9	NAN	
8	-1,44	NAN	9,9	NAN	
8,1	-1,44	NAN	9,9	NAN	
8,2	-1,44	NAN	9,9	NAN	
8,3	-1,44	NAN	9,9	NAN	
8,4	-1,44	NAN	9,9	NAN	
8,5	-1,44	NAN	9,9	NAN	
8,6	-1,44	NAN	9,9	NAN	
8,7	-1,44	NAN	9,9	NAN	
8,8	-1,44	NAN	9,9	NAN	
8,9	-1,44	NAN	9,9	NAN	
9	-1,44	NAN	9,9	NAN	
9,1	-1,44	NAN	9,9	NAN	
9,2	-1,44	NAN	9,9	NAN	
9,3	-1,44	NAN	9,9	NAN	
9,4	-1,44	NAN	9,9	NAN	
9,5	-1,425	NAN	9,9	NAN	
9,6	-1,425	NAN	9,9	NAN	
9,7	-1,425	NAN	9,9	NAN	
9,8	-1,425	NAN	9,9	NAN	
9,9	-1,425	NAN	9,9	NAN	
10	-1,425	NAN	9,9	NAN	
10,1	-1,425	NAN	9,9	NAN	
10,2	-1,425	NAN	9,9	NAN	
10,3	-1,425	NAN	9,9	NAN	
10,4	-1,425	NAN	9,9	NAN	
10,5	-1,425	NAN	9,9	NAN	
10,6	-1,425	NAN	9,9	NAN	
10,7	-1,425	NAN	9,9	NAN	
10,8	-1,425	NAN	9,9	NAN	
10,9	-1,425	NAN	9,9	NAN	
11	-1,425	NAN	9,9	NAN	
11,1	-1,425	NAN	9,9	NAN	
11,2	-1,425	NAN	9,9	NAN	
11,3	-1,425	NAN	9,9	NAN	
11,4	-1,425	NAN	9,9	NAN	
11,5	-1,41	NAN	9,9	NAN	
11,6	-1,41	NAN	9,9	NAN	
11,7	-1,41	NAN	9,9	NAN	
11,8	-1,41	NAN	9,9	NAN	
11,9	-1,41	NAN	9,9	NAN	
12	-1,41	NAN	9,9	NAN	
12,1	-1,41	NAN	9,9	NAN	
12,2	-1,41	NAN	9,9	NAN	
12,3	-1,41	NAN	9,9	NAN	
12,4	-1,41	NAN	9,9	NAN	
12,5	-1,41	NAN	9,9	NAN	
12,6	-1,41	NAN	9,9	NAN	
12,7	-1,41	NAN	9,9	NAN	
12,8	-1,41	NAN	9,9	NAN	
12,9	-1,41	NAN	9,9	NAN	
13	-1,41	NAN	9,9	NAN	
13,1	-1,41	NAN	9,9	NAN	
13,2	-1,41	NAN	9,9	NAN	
13,3	-1,41	NAN	9,9	NAN	
13,4	-1,41	NAN	9,9	NAN	
13,5	-1,395	NAN	9,9	NAN	
13,6	-1,395	NAN	9,9	NAN	
13,7	-1,395	NAN	9,9	NAN	
13,8	-1,395	NAN	9,9	NAN	
13,9	-1,395	NAN	9,9	NAN	
14	-1,395	NAN	9,9	NAN	
14,1	-1,395	NAN	9,9	NAN	
14,2	-1,395	NAN	9,9	NAN	
14,3	-1,395	NAN	9,9	NAN	
14,4	-1,395	NAN	9,9	NAN	
14,5	-1,395	NAN	9,9	NAN	
14,6	-1,395	NAN	9,9	NAN	
14,7	-1,395	NAN	9,9	NAN	
14,8	-1,395	NAN	9,9	NAN	
14,9	-1,395	NAN	9,9	NAN	
15	-1,395	NAN	9,9	NAN	
15,1	-1,395	NAN	9,9	NAN	
15,2	-1,395	NAN	9,9	NAN	
15,3	-1,395	NAN	9,9	NAN	
15,4	-1,395	NAN	9,9	NAN	
15,5	-1,38	NAN	9,9	NAN	
15,6	-1,38	NAN	9,9	NAN	
15,7	-1,38	NAN	9,9	NAN	
15,8	-1,38	NAN	9,9	NAN	
15,9	-1,38	NAN	9,9	NAN	
16	-1,38	NAN	9,9	NAN	
16,1	-1,38	NAN	9,9	NAN	
16,2	-1,38	NAN	9,9	NAN	
16,3	-1,38	NAN	9,9	NAN	
16,4	-1,38	NAN	9,9	NAN	
16,5	-1,365	NAN	9,9	NAN	
16,6	-1,365	NAN	9,9	NAN	
16,7	-1,365	NAN	9,9	NAN	
16,8	-1,365	NAN	9,9	NAN	
16,9	-1,365	NAN	9,9	NAN	
17	-1,365	NAN	9,9	NAN	
17,1	-1,365	NAN	9,9	NAN	
17,2	-1,365	NAN	9,9	NAN	
17,3	-1,365	NAN	9,9	NAN	
17,4	-1,365	NAN	9,9	NAN	
17,5	-1,365	NAN	9,9	NAN	
17,6	-1,365	NAN	9,9	NAN	
17,7	-1,365	NAN	9,9	NAN	
17,8	-1,365	NAN	9,9	NAN	
17,9	-1,365	NAN	9,9	NAN	
18	-1,365	NAN	9,9	NAN	
18,1	-1,365	NAN	9,9	NAN	
18,2	-1,365	NAN	9,9	NAN	
18,3	-1,365	NAN	9,9	NAN	
18,4	-1,365	NAN	9,9	NAN	
18,5	-1,365	NAN	9,9	NAN	
18,6	-1,35	NAN	9,9	NAN	
18,7	-1,35	NAN	9,9	NAN	
18,8	-1,35	NAN	9,9	NAN	
18,9	-1,35	NAN	9,9	NAN	
19	-1,35	NAN	9,9	NAN	
19,1	-1,35	NAN	9,9	NAN	
19,2	-1,35	NAN	9,9	NAN	
19,3	-1,35	NAN	9,9	NAN	
19,4	-1,35	NAN	9,9	NAN	
19,5	-1,35	NAN	9,9	NAN	
19,6	-1,35	NAN	9,9	NAN	
19,7	-1,35	NAN	9,9	NAN	
19,8	-1,35	NAN	9,9	NAN	
19,9	-1,35	NAN	9,9	NAN	
20	-1,35	NAN	9,9	NAN	
20,1	-1,35	NAN	9,9	NAN	
20,2	-1,35	NAN	9,9	NAN	
20,3	-1,35	NAN	9,9	NAN	
20,4	-1,35	NAN	9,9	NAN	
20,5	-1,35	NAN	9,9	NAN	
20,6	-1,335	NAN	9,9	NAN	
20,7	-1,335	NAN	9,9	NAN	
20,8	-1,335	NAN	9,9	NAN	
20,9	-1,335	NAN	9,9	NAN	
21	-1,335	NAN	9,9	NAN	
21,1	-1,335	NAN	9,9	NAN	
21,2	-1,335	NAN	9,9	NAN	
21,3	-1,335	NAN	9,9	NAN	
21,4	-1,335	NAN	9,9	NAN	
21,5	-1,335	NAN	9,9	NAN	
21,6	-1,335	NAN	9,9	NAN	
21,7	-1,335	NAN	9,9	NAN	
21,8	-1,335	NAN	9,9	NAN	
21,9	-1,335	NAN	9,9	NAN	
22	-1,335	NAN	9,9	NAN	
22,1	-1,335	NAN	9,9	NAN	
22,2	-1,335	NAN	9,9	NAN	
22,3	-1,335	NAN	9,9	NAN	
22,4	-1,335	NAN	9,9	NAN	
22,5	-1,335	NAN	9,9	NAN	
22,6	-1,335	NAN	9,9	NAN	
22,7	-1,335	NAN	9,9	NAN	
22,8	-1,335	NAN	9,9	NAN	
22,903	-1,335	NAN	9,9	NAN	
23	-1,335	NAN	9,9	NAN	
23,1	-1,335	NAN	9,9	NAN	
23,2	-1,335	NAN	9,9	NAN	
23,3	-1,335	NAN	9,9	NAN	
23,4	-1,335	NAN	9,9	NAN	
23,5	-1,335	NAN	9,9	NAN	
23,6	-1,32	NAN	9,9	NAN	
23,7	-1,32	NAN	9,9	NAN	
23,8	-1,32	NAN	9,9	NAN	
23,9	-1,32	NAN	9,9	NAN	
24	-1,32	NAN	9,9	NAN	
24,1	-1,32	NAN	9,9	NAN	
24,2	-1,32	NAN	9,9	NAN	
24,3	-1,32	NAN	9,9	NAN	
24,4	-1,32	NAN	9,9	NAN	
24,5	-1,32	NAN	9,9	NAN	
24,6	-1,32	NAN	9,9	NAN	
24,852	-1,32	NAN	9,9	NAN	
24,869	-1,32	NAN	9,9	NAN	
24,9	-1,32	NAN	9,9	NAN	
25	-1,32	NAN	9,9	NAN	
25,1	-1,32	NAN	9,9	NAN	
25,2	-1,32	NAN	9,9	NAN	
25,3	-1,32	NAN	9,9	NAN	
25,4	-1,32	NAN	9,9	NAN	
25,5	-1,32	NAN	9,9	NAN	
25,6	-1,32	NAN	9,9	NAN	
25,7	-1,32	NAN	9,9	NAN	
25,8	-1,32	NAN	9,9	NAN	
25,9	-1,32	NAN	9,9	NAN	
26	-1,32	NAN	9,9	NAN	
26,1	-1,32	NAN	9,9	NAN	
26,2	-1,32	NAN	9,9	NAN	
26,3	-1,32	NAN	9,9	NAN	
26,4	-1,32	NAN	9,9	NAN	
26,5	-1,32	NAN	9,9	NAN	
26,6	-1,305	NAN	9,9	NAN	
26,7	-1,305	NAN	9,9	NAN	
26,8	-1,305	NAN	9,9	NAN	
26,9	-1,305	NAN	9,9	NAN	
27	-1,305	NAN	9,9	NAN	
27,1	-1,305	NAN	9,9	NAN	
27,2	-1,305	NAN	9,9	NAN	
27,3	-1,305	NAN	9,9	NAN	
27,4	-1,305	NAN	9,9	NAN	
27,602	-1,305	NAN	9,9	NAN	
27,622	-1,305	NAN	9,9	NAN	
27,7	-1,305	NAN	9,9	NAN	
27,8	-1,305	NAN	9,9	NAN	
27,9	-1,305	NAN	9,9	NAN	
28	-1,305	NAN	9,9	NAN	
28,1	-1,305	NAN	9,9	NAN	
28,2	-1,305	NAN	9,9	NAN	
28,3	-1,305	NAN	9,9	NAN	
28,4	-1,305	NAN	9,9	NAN	
28,5	-1,305	NAN	9,9	NAN	
28,6	-1,305	NAN	9,9	NAN	
28,7	-1,305	NAN	9,9	NAN	
28,8	-1,305	NAN	9,9	NAN	
28,9	-1,305	NAN	9,9	NAN	
29	-1,305	NAN	9,9	NAN	
29,1	-1,305	NAN	9,9	NAN	
29,2	-1,305	NAN	9,9	NAN	
29,3	-1,305	NAN	9,9	NAN	
29,4	-1,305	NAN	9,9	NAN	
29,5	-1,305	NAN	9,9	NAN	
29,6	-1,305	NAN	9,9	NAN	
29,7	-1,305	NAN	9,9	NAN	
29,8	-1,305	NAN	9,9	NAN	
29,9	-1,305	NAN	9,9	NAN	
30,118	-1,305	NAN	9,9	NAN	
30,135	-1,305	NAN	9,9	NAN	
30,2	-1,305	NAN	9,9	NAN	
30,3	-1,305	NAN	9,9	NAN	
30,4	-1,305	NAN	9,9	NAN	
30,5	-1,305	NAN	9,9	NAN	
30,6	-1,305	NAN	9,9	NAN	
30,7	-1,305	NAN	9,9	NAN	
30,8	-1,305	NAN	9,9	NAN	
33,64	-1,29	NAN	9,9	NAN	
33,66	-1,29	NAN	9,9	NAN	
33,677	-1,29	NAN	9,9	NAN	
33,694	-1,29	NAN	9,9	NAN	
33,713	-1,29	NAN	9,9	NAN	
33,731	-1,29	NAN	9,9	NAN	
33,75	-1,29	NAN	9,9	NAN	
33,769	-1,29	NAN	9,9	NAN	
33,788	-1,29	NAN	9,9	NAN	
33,804	-1,29	NAN	9,9	NAN	
33,823	-1,29	NAN	9,9	NAN	
33,841	-1,29	NAN	9,9	NAN	
33,86	-1,29	NAN	9,9	NAN	
33,876	-1,29	NAN	9,9	NAN	
33,894	-1,29	NAN	9,9	NAN	
33,914	-1,29	NAN	9,9	NAN	
33,934	-1,29	NAN	9,9	NAN	
33,953	-1,29	NAN	9,9	NAN	
33,972	-1,29	NAN	9,9	NAN	
33,99	-1,29	NAN	9,9	NAN	
34,009	-1,29	NAN	9,9	NAN	
34,027	-1,29	NAN	9,9	NAN	
34,045	-1,29	NAN	9,9	NAN	
34,062	-1,29	NAN	9,9	NAN	
34,243	-1,29	NAN	9,9	NAN	
34,26	-1,29	NAN	9,9	NAN	
34,277	-1,29	NAN	9,9	NAN	
34,296	-1,29	NAN	9,9	NAN	
34,314	-1,29	NAN	9,9	NAN	
34,332	-1,29	NAN	9,9	NAN	
34,348	-1,29	NAN	9,9	NAN	
34,364	-1,29	NAN	9,9	NAN	
34,382	-1,29	NAN	9,9	NAN	
34,401	-1,29	NAN	9,9	NAN	
34,419	-1,29	NAN	9,9	NAN	
34,438	-1,29	NAN	9,9	NAN	
34,5	-1,29	NAN	9,9	NAN	
34,6	-1,275	NAN	9,9	NAN	
34,7	-1,275	NAN	9,9	NAN	
34,8	-1,275	NAN	9,9	NAN	
34,9	-1,275	NAN	9,9	NAN	
36,667	-1,275	NAN	9,9	NAN	
36,699	-1,275	NAN	9,9	NAN	
36,742	-1,275	NAN	9,9	NAN	
36,761	-1,275	NAN	9,9	NAN	
36,78	-1,275	NAN	9,9	NAN	
36,797	-1,275	NAN	9,9	NAN	
36,815	-1,275	NAN	9,9	NAN	
36,833	-1,275	NAN	9,9	NAN	
36,851	-1,275	NAN	9,9	NAN	
36,869	-1,275	NAN	9,9	NAN	
36,887	-1,275	NAN	9,9	NAN	
36,905	-1,275	NAN	9,9	NAN	
36,923	-1,275	NAN	9,9	NAN	
36,942	-1,275	NAN	9,9	NAN	
36,961	-1,275	NAN	9,9	NAN	
36,979	-1,275	NAN	9,9	NAN	
36,997	-1,275	NAN	9,9	NAN	
37,016	-1,275	NAN	9,9	NAN	
37,032	-1,275	NAN	9,9	NAN	
37,048	-1,275	NAN	9,9	NAN	
37,065	-1,275	NAN	9,9	NAN	
37,103	-1,275	NAN	9,9	NAN	
37,204	-1,275	NAN	9,9	NAN	
37,303	-1,275	NAN	9,9	NAN	
37,404	-1,275	NAN	9,9	NAN	
37,503	-1,275	NAN	9,9	NAN	
37,603	-1,275	NAN	9,9	NAN	
37,704	-1,275	NAN	9,9	NAN	
37,8	-1,275	NAN	9,9	NAN	
37,9	-1,275	NAN	9,9	NAN	
38	-1,275	NAN	9,9	NAN	
38,1	-1,275	NAN	9,9	NAN	
38,2	-1,275	NAN	9,9	NAN	
38,3	-1,275	NAN	9,9	NAN	
38,525	-1,275	NAN	9,9	NAN	
38,543	-1,275	NAN	9,9	NAN	
38,6	-1,275	NAN	9,9	NAN	
38,7	-1,275	NAN	9,9	NAN	
38,8	-1,275	NAN	9,9	NAN	
38,9	-1,275	NAN	9,9	NAN	
39	-1,275	NAN	9,9	NAN	
39,1	-1,275	NAN	9,9	NAN	
39,797	-1,275	0	9,9	NAN	
39,818	-1,275	0	9,9	NAN	
39,835	-1,275	0	9,9	NAN	
39,852	-1,275	0	9,9	NAN	
39,868	-1,275	0	9,9	NAN	
39,886	-1,275	0,0005	9,9	NAN	
39,905	-1,275	0	9,9	NAN	
39,924	-1,275	0	9,9	NAN	
40	-1,275	0	9,9	NAN	
40,1	-1,275	0,0005	9,9	NAN	
40,2	-1,275	0	9,9	NAN	
40,3	-1,275	0	9,9	NAN	
40,4	-1,275	0	9,9	NAN	
40,5	-1,275	0	9,9	NAN	
40,6	-1,275	0	9,9	NAN	
40,7	-1,275	0	9,9	NAN	
40,8	-1,275	0	9,9	NAN	
40,9	-1,275	-0,0005	9,9	NAN	
41	-1,275	0,0005	9,9	NAN	
41,1	-1,275	0	9,9	NAN	
41,2	-1,275	0	9,9	NAN	
41,3	-1,275	0	9,9	NAN	
41,4	-1,275	0	9,9	NAN	
41,5	-1,275	0	9,9	NAN	
41,6	-1,275	0	9,9	NAN	
41,7	-1,275	0,0005	9,9	NAN	
41,8	-1,275	-0,0005	9,9	NAN	
41,9	-1,275	0	9,9	NAN	
42	-1,275	0	9,9	NAN	
42,1	-1,275	0	9,9	NAN	
42,2	-1,275	0,0005	9,9	NAN	
42,3	-1,275	0	9,9	NAN	
42,4	-1,275	0	9,9	NAN	
42,5	-1,275	0	9,9	NAN	
42,6	-1,275	0	9,9	NAN	
42,7	-1,275	0	9,9	NAN	
42,8	-1,275	0	9,9	NAN	
42,9	-1,275	0	9,9	NAN	
43	-1,275	0	9,9	NAN	
43,1	-1,275	0	9,9	NAN	
43,2	-1,275	0	9,9	NAN	
43,3	-1,275	0,0005	9,9	NAN	
43,4	-1,275	-0,0005	9,9	NAN	
43,5	-1,275	0	9,9	NAN	
43,6	-1,275	0	9,9	NAN	
43,837	-1,275	0,0005	9,9	NAN	
43,854	-1,275	0,0005	9,9	NAN	
43,9	-1,275	0,0005	9,9	NAN	
44	-1,275	0	9,9	NAN	
44,1	-1,275	0	9,9	NAN	
44,2	-1,275	0	9,9	NAN	
44,3	-1,275	0	9,9	NAN	
44,4	-1,275	0,0005	9,9	NAN	
44,5	-1,275	-0,0005	9,9	NAN	
44,6	-1,275	0,0005	9,9	NAN	
44,7	-1,275	0	9,9	NAN	
44,8	-1,275	0	9,9	NAN	
44,9	-1,275	0	9,9	NAN	
45	-1,275	-0,0005	9,9	NAN	
45,1	-1,275	0,0005	9,9	NAN	
45,2	-1,275	0,0015	9,9	NAN	
45,3	-1,275	0,0015	9,9	NAN	
45,4	-1,275	0,0015	9,9	NAN	
45,5	-1,275	0	9,9	NAN	
45,6	-1,26	-0,0015	9,9	NAN	
45,7	-1,26	-0,0015	9,9	NAN	
45,8	-1,26	0	9,9	NAN	
45,9	-1,26	0	9,9	NAN	
46	-1,26	0	9,9	NAN	
46,1	-1,26	0	9,9	NAN	
46,2	-1,26	0	9,9	NAN	
46,3	-1,26	-0,0015	9,9	NAN	
46,4	-1,26	0	9,9	NAN	
46,5	-1,26	0	9,9	NAN	
46,6	-1,26	0	9,9	NAN	
46,7	-1,26	0	9,9	NAN	
46,8	-1,26	0	9,9	NAN	
46,9	-1,26	-0,0015	9,9	NAN	
47	-1,26	0	9,9	NAN	
47,1	-1,26	0	9,9	NAN	
47,2	-1,26	0	9,9	NAN	
47,3	-1,26	0	9,9	NAN	
47,4	-1,26	0	9,9	NAN	
47,5	-1,26	0	9,9	NAN	
47,6	-1,26	0,0015	9,9	NAN	
47,7	-1,26	0,0015	9,9	NAN	
47,8	-1,26	0,0015	9,9	NAN	
47,9	-1,26	0,0015	9,9	NAN	
48,002	-1,26	0,003	9,9	NAN	
48,1	-1,26	0	9,9	NAN	
48,2	-1,26	0	9,9	NAN	
48,3	-1,26	0	9,9	NAN	
48,4	-1,26	0	9,9	NAN	
48,5	-1,26	0	9,9	NAN	
48,6	-1,26	0	9,9	NAN	
48,7	-1,26	0	9,9	NAN	
48,8	-1,26	0	9,9	NAN	
48,9	-1,26	0	9,9	NAN	
49	-1,26	0	9,9	NAN	
49,1	-1,26	0	9,9	NAN	
49,2	-1,26	0	9,9	NAN	
49,3	-1,26	0	9,9	NAN	
49,4	-1,26	0	9,9	NAN	
49,5	-1,26	0	9,9	NAN	
49,6	-1,26	0	9,9	NAN	
49,7	-1,26	0	9,9	NAN	
49,8	-1,26	0	9,9	NAN	
49,9	-1,26	0	9,9	NAN	
50	-1,26	0	9,9	NAN	
50,1	-1,26	0	9,9	NAN	
50,2	-1,26	0	9,9	NAN	
50,3	-1,26	0	9,9	NAN	
50,4	-1,26	0	9,9	NAN	
50,5	-1,26	0	9,9	NAN	
50,6	-1,245	0	9,9	NAN	
50,7	-1,245	0	9,9	NAN	
50,8	-1,245	0	9,9	NAN	
50,9	-1,245	0	9,9	NAN	
51	-1,245	0	9,9	NAN	
51,1	-1,245	0	9,9	NAN	
51,2	-1,245	0	9,9	NAN	
51,3	-1,245	0	9,9	NAN	
51,4	-1,245	0	9,9	NAN	
51,5	-1,245	0	9,9	NAN	
51,6	-1,245	0	9,9	NAN	
51,703	-1,245	0	9,9	NAN	
51,803	-1,245	0	9,9	NAN	
51,905	-1,245	0	9,9	NAN	
52,003	-1,245	0	9,9	NAN	
52,103	-1,245	0	9,9	NAN	
52,203	-1,245	0	9,9	NAN	
52,303	-1,245	0	9,9	NAN	
52,402	-1,245	0	9,9	NAN	
52,503	-1,245	0	9,9	NAN	
52,603	-1,245	0	9,9	NAN	
52,705	-1,245	0	9,9	NAN	
52,803	-1,245	0	9,9	NAN	
52,902	-1,245	0	9,9	NAN	
53,003	-1,245	0	9,9	NAN	
53,103	-1,245	0	9,9	NAN	
53,203	-1,245	0	9,9	NAN	
53,303	-1,245	0	9,9	NAN	
53,403	-1,245	0	9,9	NAN	
53,503	-1,245	0	9,9	NAN	
53,603	-1,245	0	9,9	NAN	
53,703	-1,245	0	9,9	NAN	
53,803	-1,245	0	9,9	NAN	
53,903	-1,245	0	9,9	NAN	
54,003	-1,245	0	9,9	NAN	
54,103	-1,245	0	9,9	NAN	
54,2	-1,245	0	9,9	NAN	
54,3	-1,245	0	9,9	NAN	
54,4	-1,245	0	9,9	NAN	
54,5	-1,245	0	9,9	NAN	
54,6	-1,23	0	9,9	NAN	
54,7	-1,23	0	9,9	NAN	
54,8	-1,23	0	9,9	NAN	
54,9	-1,23	0	9,9	NAN	
55	-1,23	0	9,9	NAN	
55,1	-1,23	0	9,9	NAN	
55,2	-1,23	0	9,9	NAN	
55,3	-1,23	0	9,9	NAN	
55,4	-1,23	0	9,9	NAN	
55,5	-1,23	0	9,9	NAN	
55,6	-1,23	0	9,9	NAN	
55,7	-1,23	0	9,9	NAN	
55,8	-1,23	0	9,9	NAN	
55,9	-1,23	0	9,9	NAN	
56	-1,23	0	9,9	NAN	
56,1	-1,23	0	9,9	NAN	
56,2	-1,23	0	9,9	NAN	
56,3	-1,23	0	9,9	NAN	
56,4	-1,23	0	9,9	NAN	
56,5	-1,23	0	9,9	NAN	
56,6	-1,23	0	9,9	NAN	
56,7	-1,23	0	9,9	NAN	
56,8	-1,23	0	9,9	NAN	
56,9	-1,23	0	9,9	NAN	
57	-1,23	0	9,9	NAN	
57,1	-1,23	0	9,9	NAN	
57,2	-1,23	0	9,9	NAN	
57,3	-1,23	0	9,9	NAN	
57,4	-1,23	0	9,9	NAN	
57,5	-1,23	0	9,9	NAN	
57,6	-1,215	0	9,9	NAN	
57,7	-1,215	0	9,9	NAN	
57,8	-1,215	0	9,9	NAN	
57,9	-1,215	0	9,9	NAN	
58	-1,215	0	9,9	NAN	
58,1	-1,215	0	9,9	NAN	
58,2	-1,215	0	9,9	NAN	
58,3	-1,215	0	9,9	NAN	
58,4	-1,215	0	9,9	NAN	
58,5	-1,215	-0,552	-46,05	NAN	
58,6	0,705	-0,552	-46,05	NAN	
58,7	0,705	-0,552	-46,05	NAN	
58,8	0,705	-0,552	-46,05	NAN	
58,9	0,705	-0,552	-46,05	NAN	
59	0,705	-0,552	-46,05	NAN	
59,1	0,705	-0,552	-46,05	NAN	
59,2	0,705	-0,552	-46,05	NAN	
59,3	0,705	-0,552	-46,05	NAN	
59,4	0,705	-0,552	-46,05	NAN	
59,5	0,705	-1,746	-159,3	NAN	
59,6	2,34	-1,746	-159,3	NAN	
59,7	2,34	-1,746	-159,3	NAN	
59,8	2,34	-1,746	-159,3	NAN	
59,9	2,34	-1,746	-159,3	NAN	
60	2,34	-1,746	-159,3	NAN	
60,1	2,34	-1,746	-159,3	NAN	
60,2	2,34	-1,746	-159,3	NAN	
60,3	2,34	-1,746	-159,3	NAN	
60,4	2,34	-1,746	-159,3	NAN	
60,5	2,34	-1,7475	-159,3	NAN	
60,6	2,34	-1,7475	-159,3	NAN	
60,7	2,34	-1,7475	-159,3	NAN	
60,8	2,34	-1,7475	-159,3	NAN	
60,9	2,34	-1,7475	-159,3	NAN	
61	2,34	-1,7475	-159,3	NAN	
61,1	2,34	-1,7475	-159,3	NAN	
61,2	2,34	-1,7475	-159,3	NAN	
61,3	2,34	-1,7475	-159,3	NAN	
61,4	2,34	-1,7475	-159,3	NAN	
61,5	2,34	-1,7475	-159,3	NAN	
61,6	2,325	-1,7475	-159,3	NAN	
61,7	2,325	-1,7475	-159,3	NAN	
61,8	2,325	-1,7475	-159,3	NAN	
61,9	2,325	-1,7475	-159,3	NAN	
62	2,325	-1,7475	-159,3	NAN	
62,1	2,325	-1,7475	-159,3	NAN	
62,2	2,325	-1,7475	-159,3	NAN	
62,3	2,325	-1,7475	-159,3	NAN	
62,4	2,325	-1,7475	-159,3	NAN	
62,5	2,325	-1,746	-159,15	NAN	
62,6	2,325	-1,746	-159,15	NAN	
62,7	2,325	-1,746	-159,15	NAN	
62,8	2,325	-1,746	-159,15	NAN	
62,9	2,325	-1,746	-159,15	NAN	
63	2,325	-1,746	-159,15	NAN	
63,1	2,325	-1,746	-159,15	NAN	
63,2	2,325	-1,746	-159,15	NAN	
63,3	2,325	-1,746	-159,15	NAN	
63,4	2,325	-1,746	-159,15	NAN	
63,5	2,325	-1,7475	-159,15	NAN	
63,6	2,325	-1,7475	-159,15	NAN	
63,7	2,325	-1,7475	-159,15	NAN	
63,8	2,325	-1,7475	-159,15	NAN	
63,9	2,325	-1,7475	-159,15	NAN	
64	2,325	-1,7475	-159,15	NAN	
64,1	2,325	-1,7475	-159,15	NAN	
64,2	2,325	-1,7475	-159,15	NAN	
64,3	2,325	-1,7475	-159,15	NAN	
64,4	2,325	-1,7475	-159,15	NAN	
64,5	2,325	-1,7445	-159,15	NAN	
64,6	2,325	-1,7445	-159,15	NAN	
64,7	2,325	-1,7445	-159,15	NAN	
64,8	2,325	-1,7445	-159,15	NAN	
64,9	2,325	-1,7445	-159,15	NAN	
65	2,325	-1,7445	-159,15	NAN	
65,1	2,325	-1,7445	-159,15	NAN	
65,2	2,325	-1,7445	-159,15	NAN	
65,3	2,325	-1,7445	-159,15	NAN	
65,4	2,325	-1,7445	-159,15	NAN	
65,5	2,325	-1,746	-159,15	NAN	
65,6	2,325	-1,746	-159,15	NAN	
65,7	2,325	-1,746	-159,15	NAN	
65,8	2,325	-1,746	-159,15	NAN	
65,9	2,325	-1,746	-159,15	NAN	
66	2,325	-1,746	-159,15	NAN	
66,1	2,325	-1,746	-159,15	NAN	
66,2	2,325	-1,746	-159,15	NAN	
66,3	2,325	-1,746	-159,15	NAN	
66,4	2,325	-1,746	-159,15	NAN	
66,5	2,325	-1,746	-159,15	NAN	
66,6	2,31	-1,746	-159,15	NAN	
66,7	2,31	-1,746	-159,15	NAN	
66,8	2,31	-1,746	-159,15	NAN	
66,9	2,31	-1,746	-159,15	NAN	
67	2,31	-1,746	-159,15	NAN	
67,1	2,31	-1,746	-159,15	NAN	
67,2	2,31	-1,746	-159,15	NAN	
67,3	2,31	-1,746	-159,15	NAN	
67,4	2,31	-1,746	-159,15	NAN	
67,5	2,31	-1,7445	-159,15	NAN	
67,6	2,31	-1,7445	-159,15	NAN	
67,7	2,31	-1,7445	-159,15	NAN	
67,8	2,31	-1,7445	-159,15	NAN	
67,9	2,31	-1,7445	-159,15	NAN	
68	2,31	-1,7445	-159,15	NAN	
68,1	2,31	-1,7445	-159,15	NAN	
68,2	2,31	-1,7445	-159,15	NAN	
68,3	2,31	-1,7445	-159,15	NAN	
68,4	2,31	-1,7445	-159,15	NAN	
68,5	2,31	-1,746	-159,15	NAN	
68,6	2,31	-1,746	-159,15	NAN	
68,7	2,31	-1,746	-159,15	NAN	
68,8	2,31	-1,746	-159,15	NAN	
68,9	2,31	-1,746	-159,15	NAN	
69	2,31	-1,746	-159,15	NAN	
69,1	2,31	-1,746	-159,15	NAN	
69,2	2,31	-1,746	-159,15	NAN	
69,3	2,31	-1,746	-159,15	NAN	
69,4	2,31	-1,746	-159,15	NAN	
69,5	2,31	-1,7445	-159,15	NAN	
69,6	2,295	-1,7445	-159,15	NAN	
69,7	2,295	-1,7445	-159,15	NAN	
69,8	2,295	-1,7445	-159,15	NAN	
69,9	2,295	-1,7445	-159,15	NAN	
70	2,295	-1,7445	-159,15	NAN	
70,1	2,295	-1,7445	-159,15	NAN	
70,2	2,295	-1,7445	-159,15	NAN	
70,3	2,295	-1,7445	-159,15	NAN	
70,4	2,295	-1,7445	-159,15	NAN	
70,5	2,295	-1,7445	-159	NAN	
70,6	2,295	-1,7445	-159	NAN	
70,7	2,295	-1,7445	-159	NAN	
70,8	2,295	-1,7445	-159	NAN	
70,9	2,295	-1,7445	-159	NAN	
71	2,295	-1,7445	-159	NAN	
71,1	2,295	-1,7445	-159	NAN	
71,2	2,295	-1,7445	-159	NAN	
71,3	2,295	-1,7445	-159	NAN	
71,4	2,295	-1,7445	-159	NAN	
71,5	2,295	-1,7445	-159	NAN	
71,6	2,295	-1,7445	-159	NAN	
71,7	2,295	-1,7445	-159	NAN	
71,8	2,295	-1,7445	-159	NAN	
71,9	2,295	-1,7445	-159	NAN	
72	2,295	-1,7445	-159	NAN	
72,1	2,295	-1,7445	-159	NAN	
72,2	2,295	-1,7445	-159	NAN	
72,3	2,295	-1,7445	-159	NAN	
72,4	2,295	-1,7445	-159	NAN	
72,5	2,295	-1,7445	-159	NAN	
72,6	2,28	-1,743	-159	NAN	
72,7	2,28	-1,743	-159	NAN	
72,8	2,28	-1,743	-159	NAN	
72,9	2,28	-1,743	-159	NAN	
73	2,28	-1,743	-159	NAN	
73,1	2,28	-1,743	-159	NAN	
73,2	2,28	-1,743	-159	NAN	
73,3	2,28	-1,743	-159	NAN	
73,4	2,28	-1,743	-159	NAN	
73,5	2,28	-1,743	-159	NAN	
73,6	2,28	-1,743	-159	NAN	
73,7	2,28	-1,743	-159	NAN	
73,8	2,28	-1,743	-159	NAN	
73,9	2,28	-1,743	-159	NAN	
74	2,28	-1,743	-159	NAN	
74,1	2,28	-1,743	-159	NAN	
74,2	2,28	-1,743	-159	NAN	
74,3	2,28	-1,743	-159	NAN	
74,4	2,28	-1,743	-159	NAN	
74,5	2,28	-1,743	-159	NAN	
74,6	2,28	-1,743	-159	NAN	
74,7	2,28	-1,743	-159	NAN	
74,8	2,28	-1,743	-159	NAN	
74,9	2,28	-1,743	-159	NAN	
75	2,28	-1,743	-159	NAN	
75,1	2,28	-1,743	-159	NAN	
75,2	2,28	-1,743	-159	NAN	
75,3	2,28	-1,743	-159	NAN	
75,4	2,28	-1,743	-159	NAN	
75,5	2,28	-1,743	-159	NAN	
75,6	2,265	-1,7415	-159	NAN	
75,7	2,265	-1,7415	-159	NAN	
75,8	2,265	-1,7415	-159	NAN	
75,9	2,265	-1,7415	-159	NAN	
76	2,265	-1,7415	-159	NAN	
76,1	2,265	-1,7415	-159	NAN	
76,2	2,265	-1,7415	-159	NAN	
76,3	2,265	-1,7415	-159	NAN	
76,4	2,265	-1,7415	-159	NAN	
76,5	2,265	-1,7415	-159	NAN	
76,6	2,265	-1,7415	-159	NAN	
76,7	2,265	-1,7415	-159	NAN	
76,8	2,265	-1,7415	-159	NAN	
76,9	2,265	-1,7415	-159	NAN	
77	2,265	-1,7415	-159	NAN	
77,1	2,265	-1,7415	-159	NAN	
77,2	2,265	-1,7415	-159	NAN	
77,3	2,265	-1,7415	-159	NAN	
77,4	2,265	-1,7415	-159	NAN	
77,5	2,265	-1,7415	-159	NAN	
77,6	2,265	-1,743	-159	NAN	
77,7	2,265	-1,743	-159	NAN	
77,8	2,265	-1,743	-159	NAN	
77,9	2,265	-1,743	-159	NAN	
78	2,265	-1,743	-159	NAN	
78,1	2,265	-1,743	-159	NAN	
78,2	2,265	-1,743	-159	NAN	
78,3	2,265	-1,743	-159	NAN	
78,4	2,265	-1,743	-159	NAN	
78,5	2,265	-1,743	-159	NAN	
78,6	2,265	-1,743	-158,85	NAN	
78,7	2,265	-1,743	-158,85	NAN	
78,8	2,265	-1,743	-158,85	NAN	
78,9	2,265	-1,743	-158,85	NAN	
79	2,265	-1,743	-158,85	NAN	
79,1	2,265	-1,743	-158,85	NAN	
79,2	2,265	-1,743	-158,85	NAN	
79,3	2,265	-1,743	-158,85	NAN	
79,4	2,265	-1,743	-158,85	NAN	
79,5	2,265	-1,743	-158,85	NAN	
79,6	2,25	-1,7415	-158,85	NAN	
79,7	2,25	-1,7415	-158,85	NAN	
79,8	2,25	-1,7415	-158,85	NAN	
79,9	2,25	-1,7415	-158,85	NAN	
80	2,25	-1,7415	-158,85	NAN	
80,1	2,25	-1,7415	-158,85	NAN	
80,2	2,25	-1,7415	-158,85	NAN	
80,3	2,25	-1,7415	-158,85	NAN	
80,4	2,25	-1,7415	-158,85	NAN	
80,5	2,25	-1,7415	-158,85	NAN	
80,6	2,25	-1,74	-158,85	NAN	
80,7	2,25	-1,74	-158,85	NAN	
80,8	2,25	-1,74	-158,85	NAN	
80,9	2,25	-1,74	-158,85	NAN	
81	2,25	-1,74	-158,85	NAN	
81,1	2,25	-1,74	-158,85	NAN	
81,2	2,25	-1,74	-158,85	NAN	
81,3	2,25	-1,74	-158,85	NAN	
81,4	2,25	-1,74	-158,85	NAN	
81,5	2,25	-1,74	-158,85	NAN	
81,6	2,265	-1,74	-158,85	NAN	
81,7	2,265	-1,74	-158,85	NAN	
81,8	2,265	-1,74	-158,85	NAN	
81,9	2,265	-1,74	-158,85	NAN	
82	2,265	-1,74	-158,85	NAN	
82,1	2,265	-1,74	-158,85	NAN	
82,2	2,265	-1,74	-158,85	NAN	
82,3	2,265	-1,74	-158,85	NAN	
82,4	2,265	-1,74	-158,85	NAN	
82,5	2,265	-1,74	-158,85	NAN	
82,6	2,25	-1,74	-158,85	NAN	
82,7	2,25	-1,74	-158,85	NAN	
82,8	2,25	-1,74	-158,85	NAN	
82,9	2,25	-1,74	-158,85	NAN	
83	2,25	-1,74	-158,85	NAN	
83,1	2,25	-1,74	-158,85	NAN	
83,2	2,25	-1,74	-158,85	NAN	
83,3	2,25	-1,74	-158,85	NAN	
83,4	2,25	-1,74	-158,85	NAN	
83,5	2,25	-1,74	-158,85	NAN	
83,6	2,25	-1,7385	-158,85	NAN	
83,7	2,25	-1,7385	-158,85	NAN	
83,8	2,25	-1,7385	-158,85	NAN	
83,9	2,25	-1,7385	-158,85	NAN	
84	2,25	-1,7385	-158,85	NAN	
84,1	2,25	-1,7385	-158,85	NAN	
84,2	2,25	-1,7385	-158,85	NAN	
84,3	2,25	-1,7385	-158,85	NAN	
84,4	2,25	-1,7385	-158,85	NAN	
84,5	2,25	-1,7385	-158,85	NAN	
84,6	2,25	-1,7385	-158,85	NAN	
84,7	2,25	-1,7385	-158,85	NAN	
84,8	2,25	-1,7385	-158,85	NAN	
84,9	2,25	-1,7385	-158,85	NAN	
85	2,25	-1,7385	-158,85	NAN	
85,1	2,25	-1,7385	-158,85	NAN	
85,2	2,25	-1,7385	-158,85	NAN	
85,3	2,25	-1,7385	-158,85	NAN	
85,4	2,25	-1,7385	-158,85	NAN	
85,5	2,25	-1,7385	-158,85	NAN	
85,6	2,25	-1,7385	-158,7	NAN	
85,7	2,25	-1,7385	-158,7	NAN	
85,8	2,25	-1,7385	-158,7	NAN	
85,9	2,25	-1,7385	-158,7	NAN	
86	2,25	-1,7385	-158,7	NAN	
86,1	2,25	-1,7385	-158,7	NAN	
86,2	2,25	-1,7385	-158,7	NAN	
86,3	2,25	-1,7385	-158,7	NAN	
86,4	2,25	-1,7385	-158,7	NAN	
86,5	2,25	-1,7385	-158,7	NAN	
86,6	2,25	-1,737	-158,7	NAN	
86,7	2,25	-1,737	-158,7	NAN	
86,8	2,25	-1,737	-158,7	NAN	
86,9	2,25	-1,737	-158,7	NAN	
87	2,25	-1,737	-158,7	NAN	
87,1	2,25	-1,737	-158,7	NAN	
87,2	2,25	-1,737	-158,7	NAN	
87,3	2,25	-1,737	-158,7	NAN	
87,4	2,25	-1,737	-158,7	NAN	
87,5	2,25	-1,737	-158,7	NAN	
87,6	2,235	-1,7385	-158,7	NAN	
87,7	2,235	-1,7385	-158,7	NAN	
87,8	2,235	-1,7385	-158,7	NAN	
87,9	2,235	-1,7385	-158,7	NAN	
88	2,235	-1,7385	-158,7	NAN	
88,1	2,235	-1,7385	-158,7	NAN	
88,2	2,235	-1,7385	-158,7	NAN	
88,3	2,235	-1,7385	-158,7	NAN	
88,4	2,235	-1,7385	-158,7	NAN	
88,5	2,235	-1,7385	-158,7	NAN	
88,6	2,235	-1,737	-158,7	NAN	
88,7	2,235	-1,737	-158,7	NAN	
88,8	2,235	-1,737	-158,7	NAN	
88,9	2,235	-1,737	-158,7	NAN	
89	2,235	-1,737	-158,7	NAN	
89,1	2,235	-1,737	-158,7	NAN	
89,2	2,235	-1,737	-158,7	NAN	
89,3	2,235	-1,737	-158,7	NAN	
89,4	2,235	-1,737	-158,7	NAN	
89,5	2,235	-1,737	-158,7	NAN	
89,6	2,22	-1,737	-158,7	NAN	
89,7	2,22	-1,737	-158,7	NAN	
89,8	2,22	-1,737	-158,7	NAN	
89,9	2,22	-1,737	-158,7	NAN	
90	2,22	-1,737	-158,7	NAN	
90,1	2,22	-1,737	-158,7	NAN	
90,2	2,22	-1,737	-158,7	NAN	
90,3	2,22	-1,737	-158,7	NAN	
90,4	2,22	-1,737	-158,7	NAN	
90,5	2,22	-1,737	-158,7	NAN	
90,6	2,22	-1,7355	-158,55	NAN	
90,7	2,22	-1,7355	-158,55	NAN	
90,8	2,22	-1,7355	-158,55	NAN	
90,9	2,22	-1,7355	-158,55	NAN	
91	2,22	-1,7355	-158,55	NAN	
91,1	2,22	-1,7355	-158,55	NAN	
91,2	2,22	-1,7355	-158,55	NAN	
91,3	2,22	-1,7355	-158,55	NAN	
91,4	2,22	-1,7355	-158,55	NAN	
91,5	2,22	-1,7355	-158,55	NAN	
91,6	2,205	-1,7355	-158,55	NAN	
91,7	2,205	-1,7355	-158,55	NAN	
91,8	2,205	-1,7355	-158,55	NAN	
91,9	2,205	-1,7355	-158,55	NAN	
92	2,205	-1,7355	-158,55	NAN	
92,1	2,205	-1,7355	-158,55	NAN	
92,2	2,205	-1,7355	-158,55	NAN	
92,3	2,205	-1,7355	-158,55	NAN	
92,4	2,205	-1,7355	-158,55	NAN	
92,5	2,205	-1,7355	-158,55	NAN	
92,6	2,19	-1,734	-158,55	NAN	
92,7	2,19	-1,734	-158,55	NAN	
92,8	2,19	-1,734	-158,55	NAN	
92,9	2,19	-1,734	-158,55	NAN	
93	2,19	-1,734	-158,55	NAN	
93,1	2,19	-1,734	-158,55	NAN	
93,2	2,19	-1,734	-158,55	NAN	
93,3	2,19	-1,734	-158,55	NAN	
93,4	2,19	-1,734	-158,55	NAN	
93,5	2,19	-1,734	-158,55	NAN	
93,6	2,19	-1,7355	-158,55	NAN	
93,7	2,19	-1,7355	-158,55	NAN	
93,8	2,19	-1,7355	-158,55	NAN	
93,9	2,19	-1,7355	-158,55	NAN	
94	2,19	-1,7355	-158,55	NAN	
94,1	2,19	-1,7355	-158,55	NAN	
94,2	2,19	-1,7355	-158,55	NAN	
94,3	2,19	-1,7355	-158,55	NAN	
94,4	2,19	-1,7355	-158,55	NAN	
94,5	2,19	-1,7355	-158,55	NAN	
94,6	2,19	-1,7355	-158,55	NAN	
94,7	2,19	-1,7355	-158,55	NAN	
94,8	2,19	-1,7355	-158,55	NAN	
94,9	2,19	-1,7355	-158,55	NAN	
95	2,19	-1,7355	-158,55	NAN	
95,1	2,19	-1,7355	-158,55	NAN	
95,2	2,19	-1,7355	-158,55	NAN	
95,3	2,19	-1,7355	-158,55	NAN	
95,4	2,19	-1,7355	-158,55	NAN	
95,5	2,19	-1,7355	-158,55	NAN	
95,6	2,175	-1,734	-158,55	NAN	
95,7	2,175	-1,734	-158,55	NAN	
95,8	2,175	-1,734	-158,55	NAN	
95,9	2,175	-1,734	-158,55	NAN	
96	2,175	-1,734	-158,55	NAN	
96,1	2,175	-1,734	-158,55	NAN	
96,2	2,175	-1,734	-158,55	NAN	
96,3	2,175	-1,734	-158,55	NAN	
96,4	2,175	-1,734	-158,55	NAN	
96,5	2,175	-1,734	-158,55	NAN	
96,6	2,16	-1,734	-158,55	NAN	
96,7	2,16	-1,734	-158,55	NAN	
96,8	2,16	-1,734	-158,55	NAN	
96,9	2,16	-1,734	-158,55	NAN	
97	2,16	-1,734	-158,55	NAN	
97,1	2,16	-1,734	-158,55	NAN	
97,2	2,16	-1,734	-158,55	NAN	
97,3	2,16	-1,734	-158,55	NAN	
97,4	2,16	-1,734	-158,55	NAN	
97,5	2,16	-1,734	-158,55	NAN	
97,6	2,16	-1,7325	-158,4	NAN	
97,7	2,16	-1,7325	-158,4	NAN	
97,8	2,16	-1,7325	-158,4	NAN	
97,9	2,16	-1,7325	-158,4	NAN	
98	2,16	-1,7325	-158,4	NAN	
98,1	2,16	-1,7325	-158,4	NAN	
98,2	2,16	-1,7325	-158,4	NAN	
98,3	2,16	-1,7325	-158,4	NAN	
98,4	2,16	-1,7325	-158,4	NAN	
98,5	2,16	-1,7325	-158,4	NAN	
98,6	2,16	-1,7325	-158,4	NAN	
98,7	2,16	-1,7325	-158,4	NAN	
98,8	2,16	-1,7325	-158,4	NAN	
98,9	2,16	-1,7325	-158,4	NAN	
99	2,16	-1,7325	-158,4	NAN	
99,1	2,16	-1,7325	-158,4	NAN	
99,203	2,16	-1,7325	-158,4	NAN	
99,3	2,16	-1,7325	-158,4	NAN	
99,4	2,16	-1,7325	-158,4	NAN	
99,5	2,16	-1,7325	-158,4	NAN	
99,6	2,145	-1,7295	-158,4	NAN	
99,7	2,145	-1,7295	-158,4	NAN	
99,8	2,145	-1,7295	-158,4	NAN	
99,9	2,145	-1,7295	-158,4	NAN	
100	2,145	-1,7295	-158,4	NAN	
100,1	2,145	-1,7295	-158,4	NAN	
100,2	2,145	-1,7295	-158,4	NAN	
100,3	2,145	-1,7295	-158,4	NAN	
100,4	2,145	-1,7295	-158,4	NAN	
100,5	2,145	-1,7295	-158,4	NAN	
100,6	0,855	-1,119	-117	NAN	
100,7	0,855	-1,119	-117	NAN	
100,8	0,855	-1,119	-117	NAN	
100,9	0,855	-1,119	-117	NAN	
101	0,855	-1,119	-117	NAN	
101,1	0,855	-1,119	-117	NAN	
101,2	0,855	-1,119	-117	NAN	
101,3	0,855	-1,119	-117	NAN	
101,4	0,855	-1,119	-117	NAN	
101,5	0,855	-1,119	-117	NAN	
101,6	-1,44	-0,0405	3,75	NAN	
101,7	-1,44	-0,0405	3,75	NAN	
101,8	-1,44	-0,0405	3,75	NAN	
101,9	-1,44	-0,0405	3,75	NAN	
102	-1,44	-0,0405	3,75	NAN	
102,1	-1,44	-0,0405	3,75	NAN	
102,2	-1,44	-0,0405	3,75	NAN	
102,3	-1,44	-0,0405	3,75	NAN	
102,4	-1,44	-0,0405	3,75	NAN	
102,5	-1,44	-0,0405	3,75	NAN	
102,6	-1,38	0	9,75	NAN	
102,7	-1,38	0	9,75	NAN	
102,8	-1,38	0	9,75	NAN	
102,9	-1,38	0	9,75	NAN	
103	-1,38	0	9,75	NAN	
103,1	-1,38	0	9,75	NAN	
103,2	-1,38	0	9,75	NAN	
103,3	-1,38	0	9,75	NAN	
103,4	-1,38	0	9,75	NAN	
103,5	-1,38	0	9,75	NAN	
103,6	-1,365	0	9,9	NAN	
103,7	-1,365	0	9,9	NAN	
103,8	-1,365	0	9,9	NAN	
103,9	-1,365	0	9,9	NAN	
104	-1,365	0	9,9	NAN	
104,1	-1,365	0	9,9	NAN	
104,2	-1,365	0	9,9	NAN	
104,3	-1,365	0	9,9	NAN	
104,4	-1,365	0	9,9	NAN	
104,5	-1,365	0	9,9	NAN	
104,6	-1,35	0	9,9	NAN	
104,7	-1,35	0	9,9	NAN	
104,8	-1,35	0	9,9	NAN	
104,9	-1,35	0	9,9	NAN	
105	-1,35	0	9,9	NAN	
105,1	-1,35	0	9,9	NAN	
105,2	-1,35	0	9,9	NAN	
105,3	-1,35	0	9,9	NAN	
105,4	-1,35	0	9,9	NAN	
105,5	-1,35	0	9,9	NAN	
105,6	-1,35	0	9,9	NAN	
105,7	-1,35	0	9,9	NAN	
105,8	-1,35	0	9,9	NAN	
105,9	-1,35	0	9,9	NAN	
106	-1,35	0	9,9	NAN	
106,1	-1,35	0	9,9	NAN	
106,2	-1,35	0	9,9	NAN	
106,3	-1,35	0	9,9	NAN	
106,4	-1,35	0	9,9	NAN	
106,5	-1,35	0	9,9	NAN	
106,6	-1,335	0	9,9	NAN	
106,7	-1,335	0	9,9	NAN	
106,8	-1,335	0	9,9	NAN	
106,9	-1,335	0	9,9	NAN	
107	-1,335	0	9,9	NAN	
107,1	-1,335	0	9,9	NAN	
107,2	-1,335	0	9,9	NAN	
107,3	-1,335	0	9,9	NAN	
107,4	-1,335	0	9,9	NAN	
107,5	-1,335	0	9,9	NAN	
107,6	-1,32	0	9,9	NAN	
107,7	-1,32	0	9,9	NAN	
107,8	-1,32	0	9,9	NAN	
107,9	-1,32	0	9,9	NAN	
108	-1,32	0	9,9	NAN	
108,1	-1,32	0	9,9	NAN	
108,2	-1,32	0	9,9	NAN	
108,3	-1,32	0	9,9	NAN	
108,4	-1,32	0	9,9	NAN	
108,5	-1,32	0	9,9	NAN	
108,6	-1,32	0	9,9	NAN	
108,7	-1,32	0	9,9	NAN	
108,8	-1,32	0	9,9	NAN	
108,9	-1,32	0	9,9	NAN	
109	-1,32	0	9,9	NAN	
109,1	-1,32	0	9,9	NAN	
109,2	-1,32	0	9,9	NAN	
109,3	-1,32	0	9,9	NAN	
109,4	-1,32	0	9,9	NAN	
109,5	-1,32	0	9,9	NAN	
109,6	-1,32	0	9,9	NAN	
109,7	-1,32	0	9,9	NAN	
109,8	-1,32	0	9,9	NAN	
109,9	-1,32	0	9,9	NAN	
110	-1,32	0	9,9	NAN	
110,1	-1,32	0	9,9	NAN	
110,2	-1,32	0	9,9	NAN	
110,3	-1,32	0	9,9	NAN	
110,4	-1,32	0	9,9	NAN	
110,5	-1,32	0	9,9	NAN	
110,6	-1,305	0	9,9	NAN	
110,7	-1,305	0	9,9	NAN	
110,8	-1,305	0	9,9	NAN	
110,9	-1,305	0	9,9	NAN	
111	-1,305	0	9,9	NAN	
111,1	-1,305	0	9,9	NAN	
111,2	-1,305	0	9,9	NAN	
111,3	-1,305	0	9,9	NAN	
111,4	-1,305	0	9,9	NAN	
111,5	-1,305	0	9,9	NAN	
111,6	-1,305	0	9,9	NAN	
111,7	-1,305	0	9,9	NAN	
111,8	-1,305	0	9,9	NAN	
111,9	-1,305	0	9,9	NAN	
112	-1,305	0	9,9	NAN	
112,1	-1,305	0	9,9	NAN	
112,2	-1,305	0	9,9	NAN	
112,3	-1,305	0	9,9	NAN	
112,4	-1,305	0	9,9	NAN	
112,5	-1,305	0	9,9	NAN	
112,6	-1,29	0	9,9	NAN	
112,7	-1,29	0	9,9	NAN	
112,8	-1,29	0	9,9	NAN	
112,9	-1,29	0	9,9	NAN	
113	-1,29	0	9,9	NAN	
113,1	-1,29	0	9,9	NAN	
113,2	-1,29	0	9,9	NAN	
113,3	-1,29	0	9,9	NAN	
113,4	-1,29	0	9,9	NAN	
113,5	-1,29	0	9,9	NAN	
113,6	-1,29	0	9,9	NAN	
113,7	-1,29	0	9,9	NAN	
113,8	-1,29	0	9,9	NAN	
113,9	-1,29	0	9,9	NAN	
114	-1,29	0	9,9	NAN	
114,1	-1,29	0	9,9	NAN	
114,2	-1,29	0	9,9	NAN	
114,3	-1,29	0	9,9	NAN	
114,4	-1,29	0	9,9	NAN	
114,5	-1,29	0	9,9	NAN	
114,6	-1,275	0	9,9	NAN	
114,7	-1,275	0	9,9	NAN	
114,8	-1,275	0	9,9	NAN	
114,9	-1,275	0	9,9	NAN	
115	-1,275	0	9,9	NAN	
115,1	-1,275	0	9,9	NAN	
115,2	-1,275	0	9,9	NAN	
115,3	-1,275	0	9,9	NAN	
115,4	-1,275	0	9,9	NAN	
115,5	-1,275	0	9,9	NAN	
115,6	-1,275	0	9,9	NAN	
115,7	-1,275	0	9,9	NAN	
115,8	-1,275	0	9,9	NAN	
115,9	-1,275	0	9,9	NAN	
116	-1,275	0	9,9	NAN	
116,1	-1,275	0	9,9	NAN	
116,2	-1,275	0	9,9	NAN	
116,3	-1,275	0	9,9	NAN	
116,4	-1,275	0	9,9	NAN	
116,5	-1,275	0	9,9	NAN	
116,6	-1,26	0	9,9	NAN	
116,7	-1,26	0	9,9	NAN	
116,8	-1,26	0	9,9	NAN	
116,9	-1,26	0	9,9	NAN	
117	-1,26	0	9,9	NAN	
117,1	-1,26	0	9,9	NAN	
117,2	-1,26	0	9,9	NAN	
117,3	-1,26	0	9,9	NAN	
117,4	-1,26	0	9,9	NAN	
117,5	-1,26	0	9,9	NAN	
117,6	-1,26	0	9,9	NAN	
117,7	-1,26	0	9,9	NAN	
117,8	-1,26	0	9,9	NAN	
117,9	-1,26	0	9,9	NAN	
118	-1,26	0	9,9	NAN	
118,1	-1,26	0	9,9	NAN	
118,2	-1,26	0	9,9	NAN	
118,3	-1,26	0	9,9	NAN	
118,4	-1,26	0	9,9	NAN	
118,5	-1,26	0	9,9	NAN	
118,6	-1,245	0	9,9	NAN	
118,7	-1,245	0	9,9	NAN	
118,8	-1,245	0	9,9	NAN	
118,9	-1,245	0	9,9	NAN	
119	-1,245	0	9,9	NAN	
119,1	-1,245	0	9,9	NAN	
119,2	-1,245	0	9,9	NAN	
119,3	-1,245	0	9,9	NAN	
119,4	-1,245	0	9,9	NAN	
119,5	-1,245	0	9,9	NAN	
119,6	-1,245	0	9,9	NAN	
119,7	-1,245	0	9,9	NAN	
119,8	-1,245	0	9,9	NAN	
119,9	-1,245	0	9,9	NAN	
120	-1,245	0	9,9	NAN	
120,1	-1,245	0	9,9	NAN	
120,2	-1,245	0	9,9	NAN	
120,3	-1,245	0	9,9	NAN	
120,4	-1,245	0	9,9	NAN	
120,5	-1,245	0	9,9	NAN	
120,6	-1,245	0	9,9	NAN	
120,7	-1,245	0	9,9	NAN	
120,8	-1,245	0	9,9	NAN	
120,9	-1,245	0	9,9	NAN	
121	-1,245	0	9,9	NAN	
121,1	-1,245	0	9,9	NAN	
121,2	-1,245	0	9,9	NAN	
121,3	-1,245	0	9,9	NAN	
121,4	-1,245	0	9,9	NAN	
121,5	-1,245	0	9,9	NAN	
121,6	-1,23	0	9,9	NAN	
121,7	-1,23	0	9,9	NAN	
121,8	-1,23	0	9,9	NAN	
121,9	-1,23	0	9,9	NAN	
122	-1,23	0	9,9	NAN	
122,1	-1,23	0	9,9	NAN	
122,2	-1,23	0	9,9	NAN	
122,3	-1,23	0	9,9	NAN	
122,4	-1,23	0	9,9	NAN	
122,5	-1,23	0	9,9	NAN	
122,6	-1,23	0	9,9	NAN	
122,7	-1,23	0	9,9	NAN	
122,8	-1,23	0	9,9	NAN	
122,9	-1,23	0	9,9	NAN	
123	-1,23	0	9,9	NAN	
123,1	-1,23	0	9,9	NAN	
123,2	-1,23	0	9,9	NAN	
123,3	-1,23	0	9,9	NAN	
123,4	-1,23	0	9,9	NAN	
123,5	-1,23	0	9,9	NAN	
123,6	-1,215	0	9,9	NAN	
123,7	-1,215	0	9,9	NAN	
123,8	-1,215	0	9,9	NAN	
123,9	-1,215	0	9,9	NAN	
124	-1,215	0	9,9	NAN	
124,1	-1,215	0	9,9	NAN	
124,2	-1,215	0	9,9	NAN	
124,3	-1,215	0	9,9	NAN	
124,4	-1,215	0	9,9	NAN	
124,5	-1,215	0	9,9	NAN	
124,6	-1,215	0	9,9	NAN	
124,7	-1,215	0	9,9	NAN	
124,8	-1,215	0	9,9	NAN	
124,9	-1,215	0	9,9	NAN	
125	-1,215	0	9,9	NAN	
125,1	-1,215	0	9,9	NAN	
125,2	-1,215	0	9,9	NAN	
125,3	-1,215	0	9,9	NAN	
125,4	-1,215	0	9,9	NAN	
125,5	-1,215	0	9,9	NAN	
125,6	-1,215	-0,0015	9,9	NAN	
125,7	-1,215	-0,0015	9,9	NAN	
125,8	-1,215	-0,0015	9,9	NAN	
125,9	-1,215	-0,0015	9,9	NAN	
126	-1,215	-0,0015	9,9	NAN	
126,1	-1,215	-0,0015	9,9	NAN	
126,2	-1,215	-0,0015	9,9	NAN	
126,3	-1,215	-0,0015	9,9	NAN	
126,4	-1,215	-0,0015	9,9	NAN	
126,5	-1,215	-0,0015	9,9	NAN	
126,6	-1,2	0	9,9	NAN	
126,7	-1,2	0	9,9	NAN	
126,8	-1,2	0	9,9	NAN	
126,9	-1,2	0	9,9	NAN	
127	-1,2	0	9,9	NAN	
127,1	-1,2	0	9,9	NAN	
127,2	-1,2	0	9,9	NAN	
127,3	-1,2	0	9,9	NAN	
127,4	-1,2	0	9,9	NAN	
127,5	-1,2	0	9,9	NAN	
127,6	-1,2	0	9,9	NAN	
127,7	-1,2	0	9,9	NAN	
127,8	-1,2	0	9,9	NAN	
127,9	-1,2	0	9,9	NAN	
128	-1,2	0	9,9	NAN	
128,1	-1,2	0	9,9	NAN	
128,2	-1,2	0	9,9	NAN	
128,3	-1,2	0	9,9	NAN	
128,4	-1,2	0	9,9	NAN	
128,5	-1,2	0	9,9	NAN	
128,6	-1,2	0	9,9	NAN	
128,7	-1,2	0	9,9	NAN	
128,8	-1,2	0	9,9	NAN	
128,9	-1,2	0	9,9	NAN	
129	-1,2	0	9,9	NAN	
129,1	-1,2	0	9,9	NAN	
129,2	-1,2	0	9,9	NAN	
129,3	-1,2	0	9,9	NAN	
129,4	-1,2	0	9,9	NAN	
129,5	-1,2	0	9,9	NAN	
129,6	-1,185	0	9,9	NAN	
129,7	-1,185	0	9,9	NAN	
129,8	-1,185	0	9,9	NAN	
129,9	-1,185	0	9,9	NAN	
130	-1,185	0	9,9	NAN	
130,1	-1,185	0	9,9	NAN	
130,2	-1,185	0	9,9	NAN	
130,3	-1,185	0	9,9	NAN	
130,4	-1,185	0	9,9	NAN	
130,5	-1,185	0	9,9	NAN	
130,6	-1,185	0	9,9	NAN	
130,7	-1,185	0	9,9	NAN	
130,8	-1,185	0	9,9	NAN	
130,9	-1,185	0	9,9	NAN	
131	-1,185	0	9,9	NAN	
131,1	-1,185	0	9,9	NAN	
131,2	-1,185	0	9,9	NAN	
131,3	-1,185	0	9,9	NAN	
131,4	-1,185	0	9,9	NAN	
131,5	-1,185	0	9,9	NAN	
131,6	-1,185	0	9,9	NAN	
131,7	-1,185	0	9,9	NAN	
131,8	-1,185	0	9,9	NAN	
131,9	-1,185	0	9,9	NAN	
132	-1,185	0	9,9	NAN	
132,1	-1,185	0	9,9	NAN	
132,2	-1,185	0	9,9	NAN	
132,3	-1,185	0	9,9	NAN	
132,4	-1,185	0	9,9	NAN	
132,5	-1,185	0	9,9	NAN	
132,6	-1,185	0	9,9	NAN	
132,7	-1,185	0	9,9	NAN	
132,8	-1,185	0	9,9	NAN	
132,9	-1,185	0	9,9	NAN	
133	-1,185	0	9,9	NAN	
133,1	-1,185	0	9,9	NAN	
133,2	-1,185	0	9,9	NAN	
133,3	-1,185	0	9,9	NAN	
133,4	-1,185	0	9,9	NAN	
133,5	-1,185	0	9,9	NAN	
133,6	-1,185	0	9,9	NAN	
133,7	-1,185	0	9,9	NAN	
133,8	-1,185	0	9,9	NAN	
133,9	-1,185	0	9,9	NAN	
134	-1,185	0	9,9	NAN	
134,1	-1,185	0	9,9	NAN	
134,2	-1,185	0	9,9	NAN	
134,3	-1,185	0	9,9	NAN	
134,4	-1,185	0	9,9	NAN	
134,5	-1,185	0	9,9	NAN	
134,6	-1,185	0	9,9	NAN	
134,7	-1,185	0	9,9	NAN	
134,8	-1,185	0	9,9	NAN	
134,9	-1,185	0	9,9	NAN	
135	-1,185	0	9,9	NAN	
135,1	-1,185	0	9,9	NAN	
135,2	-1,185	0	9,9	NAN	
135,3	-1,185	0	9,9	NAN	
135,4	-1,185	0	9,9	NAN	
135,5	-1,185	0	9,9	NAN	
135,6	-1,17	0	9,9	NAN	
135,7	-1,17	0	9,9	NAN	
135,8	-1,17	0	9,9	NAN	
135,9	-1,17	0	9,9	NAN	
136	-1,17	0	9,9	NAN	
136,1	-1,17	0	9,9	NAN	
136,2	-1,17	0	9,9	NAN	
136,3	-1,17	0	9,9	NAN	
136,4	-1,17	0	9,9	NAN	
136,5	-1,17	0	9,9	NAN	
136,6	-1,17	0	9,9	NAN	
136,7	-1,17	0	9,9	NAN	
136,8	-1,17	0	9,9	NAN	
136,9	-1,17	0	9,9	NAN	
137	-1,17	0	9,9	NAN	
137,1	-1,17	0	9,9	NAN	
137,2	-1,17	0	9,9	NAN	
137,3	-1,17	0	9,9	NAN	
137,4	-1,17	0	9,9	NAN	
137,5	-1,17	0	9,9	NAN	
137,6	-1,17	0	9,9	NAN	
137,7	-1,17	0	9,9	NAN	
137,8	-1,17	0	9,9	NAN	
137,9	-1,17	0	9,9	NAN	
138	-1,17	0	9,9	NAN	
138,1	-1,17	0	9,9	NAN	
138,2	-1,17	0	9,9	NAN	
138,3	-1,17	0	9,9	NAN	
138,4	-1,17	0	9,9	NAN	
138,5	-1,17	0	9,9	NAN	
138,6	-1,185	0	9,9	NAN	
138,7	-1,185	0	9,9	NAN	
138,8	-1,185	0	9,9	NAN	
138,9	-1,185	0	9,9	NAN	
139	-1,185	0	9,9	NAN	
139,1	-1,185	0	9,9	NAN	
139,2	-1,185	0	9,9	NAN	
139,3	-1,185	0	9,9	NAN	
139,4	-1,185	0	9,9	NAN	
139,5	-1,185	0	9,9	NAN	
139,6	-1,185	0	9,9	NAN	
139,7	-1,185	0	9,9	NAN	
139,8	-1,185	0	9,9	NAN	
139,9	-1,185	0	9,9	NAN	
140	-1,185	0	9,9	NAN	
140,1	-1,185	0	9,9	NAN	
140,2	-1,185	0	9,9	NAN	
140,3	-1,185	0	9,9	NAN	
140,4	-1,185	0	9,9	NAN	
140,5	-1,185	0	9,9	NAN	
140,6	-1,185	0	9,9	NAN	
140,7	-1,17	0	9,9	NAN	
140,8	-1,17	0	9,9	NAN	
140,9	-1,17	0	9,9	NAN	
141	-1,17	0	9,9	NAN	
141,1	-1,17	0	9,9	NAN	
141,2	-1,17	0	9,9	NAN	
141,3	-1,17	0	9,9	NAN	
141,4	-1,17	0	9,9	NAN	
141,5	-1,17	0	9,9	NAN	
141,6	-1,17	0	9,9	NAN	
141,7	-1,17	0	9,9	NAN	
141,8	-1,17	0	9,9	NAN	
141,9	-1,17	0	9,9	NAN	
142	-1,17	0	9,9	NAN	
142,1	-1,17	0	9,9	NAN	
142,2	-1,17	0	9,9	NAN	
142,3	-1,17	0	9,9	NAN	
142,4	-1,17	0	9,9	NAN	
142,5	-1,17	0	9,9	NAN	
142,6	-1,17	0	9,9	NAN	
142,7	-1,17	0	9,9	NAN	
142,8	-1,17	0	9,9	NAN	
142,9	-1,17	0	9,9	NAN	
143	-1,17	0	9,9	NAN	
143,1	-1,17	0	9,9	NAN	
143,2	-1,17	0	9,9	NAN	
143,3	-1,17	0	9,9	NAN	
143,4	-1,17	0	9,9	NAN	
143,5	-1,17	0	9,9	NAN	
143,6	-1,17	0	9,9	NAN	
143,7	-1,17	0	9,9	NAN	
143,8	-1,17	0	9,9	NAN	
143,9	-1,17	0	9,9	NAN	
144	-1,17	0	9,9	NAN	
144,1	-1,17	0	9,9	NAN	
144,2	-1,17	0	9,9	NAN	
144,3	-1,17	0	9,9	NAN	
144,4	-1,17	0	9,9	NAN	
144,5	-1,17	0	9,9	NAN	
144,6	-1,17	0	9,9	NAN	
144,7	-1,17	0	9,9	NAN	
144,8	-1,17	0	9,9	NAN	
144,9	-1,17	0	9,9	NAN	
145	-1,17	0	9,9	NAN	
145,1	-1,17	0	9,9	NAN	
145,2	-1,17	0	9,9	NAN	
145,3	-1,17	0	9,9	NAN	
145,4	-1,17	0	9,9	NAN	
145,5	-1,17	0	9,9	NAN	
145,6	-1,17	0	9,9	NAN	
145,7	-1,155	0	9,9	NAN	
145,8	-1,155	0	9,9	NAN	
145,9	-1,155	0	9,9	NAN	
146	-1,155	0	9,9	NAN	
146,1	-1,155	0	9,9	NAN	
146,2	-1,155	0	9,9	NAN	
146,3	-1,155	0	9,9	NAN	
146,4	-1,155	0	9,9	NAN	
146,5	-1,155	0	9,9	NAN	
146,6	-1,155	0	9,9	NAN	
146,7	-1,155	0	9,9	NAN	
146,8	-1,155	0	9,9	NAN	
146,9	-1,155	0	9,9	NAN	
147	-1,155	0	9,9	NAN	
147,1	-1,155	0	9,9	NAN	
147,2	-1,155	0	9,9	NAN	
147,3	-1,155	0	9,9	NAN	
147,4	-1,155	0	9,9	NAN	
147,5	-1,155	0	9,9	NAN	
147,6	-1,155	0	9,9	NAN	
147,7	-1,155	0	9,9	NAN	
147,8	-1,155	0	9,9	NAN	
147,9	-1,155	0	9,9	NAN	
148	-1,155	0	9,9	NAN	
148,1	-1,155	0	9,9	NAN	
148,2	-1,155	0	9,9	NAN	
148,3	-1,155	0	9,9	NAN	
148,4	-1,155	0	9,9	NAN	
148,5	-1,155	0	9,9	NAN	
148,6	-1,155	0	9,9	NAN	
148,7	-1,155	0	9,9	NAN	
148,8	-1,155	0	9,9	NAN	
148,9	-1,155	0	9,9	NAN	
149	-1,155	0	9,9	NAN	
149,1	-1,155	0	9,9	NAN	
149,2	-1,155	0	9,9	NAN	
149,3	-1,155	0	9,9	NAN	
149,4	-1,155	0	9,9	NAN	
149,5	-1,155	0	9,9	NAN	
149,6	-1,155	0	9,9	NAN	
149,7	-1,155	0	9,9	NAN	
149,8	-1,155	0	9,9	NAN	
149,9	-1,155	0	9,9	NAN	
150	-1,155	0	9,9	NAN	
150,1	-1,155	0	9,9	NAN	
150,2	-1,155	0	9,9	NAN	
150,3	-1,155	0	9,9	NAN	
150,4	-1,155	0	9,9	NAN	
150,5	-1,155	0	9,9	NAN	
150,6	-1,155	0	9,9	NAN	
150,7	-1,155	0	9,9	NAN	
150,8	-1,155	0	9,9	NAN	
150,9	-1,155	0	9,9	NAN	
151	-1,155	0	9,9	NAN	
151,1	-1,155	0	9,9	NAN	
151,2	-1,155	0	9,9	NAN	
151,3	-1,155	0	9,9	NAN	
151,4	-1,155	0	9,9	NAN	
151,5	-1,155	0	9,9	NAN	
151,6	-1,155	0	9,9	NAN	
151,7	-1,14	0	9,9	NAN	
151,8	-1,14	0	9,9	NAN	
151,9	-1,14	0	9,9	NAN	
152	-1,14	0	9,9	NAN	
152,1	-1,14	0	9,9	NAN	
152,2	-1,14	0	9,9	NAN	
152,3	-1,14	0	9,9	NAN	
152,4	-1,14	0	9,9	NAN	
152,5	-1,14	0	9,9	NAN	
152,6	-1,14	0	9,9	NAN	
152,7	-1,14	0	9,9	NAN	
152,8	-1,14	0	9,9	NAN	
152,9	-1,14	0	9,9	NAN	
153	-1,14	0	9,9	NAN	
153,1	-1,14	0	9,9	NAN	
153,2	-1,14	0	9,9	NAN	
153,3	-1,14	0	9,9	NAN	
153,4	-1,14	0	9,9	NAN	
153,5	-1,14	0	9,9	NAN	
153,6	-1,14	0	9,9	NAN	
153,7	-1,14	0	9,9	NAN	
153,8	-1,14	0	9,9	NAN	
153,9	-1,14	0	9,9	NAN	
154	-1,14	0	9,9	NAN	
154,1	-1,14	0	9,9	NAN	
154,2	-1,14	0	9,9	NAN	
154,3	-1,14	0	9,9	NAN	
154,4	-1,14	0	9,9	NAN	
154,5	-1,14	0	9,9	NAN	
154,6	-1,14	0	9,9	NAN	
154,7	-1,125	0	9,9	NAN	
154,8	-1,125	0	9,9	NAN	
154,9	-1,125	0	9,9	NAN	
155	-1,125	0	9,9	NAN	
155,1	-1,125	0	9,9	NAN	
155,2	-1,125	0	9,9	NAN	
155,3	-1,125	0	9,9	NAN	
155,4	-1,125	0	9,9	NAN	
155,5	-1,125	0	9,9	NAN	
155,6	-1,125	0	9,9	NAN	
155,7	-1,125	0	9,9	NAN	
155,8	-1,125	0	9,9	NAN	
155,9	-1,125	0	9,9	NAN	
156	-1,125	0	9,9	NAN	
156,1	-1,125	0	9,9	NAN	
156,2	-1,125	0	9,9	NAN	
156,3	-1,125	0	9,9	NAN	
156,4	-1,125	0	9,9	NAN	
156,5	-1,125	0	9,9	NAN	
156,6	-1,125	0	9,9	NAN	
156,7	-1,125	0	9,9	NAN	
156,8	-1,125	0	9,9	NAN	
156,9	-1,125	0	9,9	NAN	
157	-1,125	0	9,9	NAN	
157,1	-1,125	0	9,9	NAN	
157,2	-1,125	0	9,9	NAN	
157,3	-1,125	0	9,9	NAN	
157,4	-1,125	0	9,9	NAN	
157,5	-1,125	0	9,9	NAN	
157,6	-1,125	0	9,9	NAN	
157,7	-1,11	0	9,9	NAN	
157,8	-1,11	0	9,9	NAN	
157,9	-1,11	0	9,9	NAN	
158	-1,11	0	9,9	NAN	
158,1	-1,11	0	9,9	NAN	
158,2	-1,11	0	9,9	NAN	
158,3	-1,11	0	9,9	NAN	
158,4	-1,11	0	9,9	NAN	
158,5	-1,11	0	9,9	NAN	
158,6	-1,11	0	9,9	NAN	
158,7	-1,11	0	9,9	NAN	
158,8	-1,11	0	9,9	NAN	
158,9	-1,11	0	9,9	NAN	
159	-1,11	0	9,9	NAN	
159,1	-1,11	0	9,9	NAN	
159,2	-1,11	0	9,9	NAN	
159,3	-1,11	0	9,9	NAN	
159,4	-1,11	0	9,9	NAN	
159,5	-1,11	0	9,9	NAN	
159,6	-1,11	0	9,9	NAN	
159,7	-1,11	0	9,9	NAN	
159,8	-1,11	0	9,9	NAN	
159,9	-1,11	0	9,9	NAN	
160	-1,11	0	9,9	NAN	
160,1	-1,11	0	9,9	NAN	
160,2	-1,11	0	9,9	NAN	
160,3	-1,11	0	9,9	NAN	
160,4	-1,11	0	9,9	NAN	
160,5	-1,11	0	9,9	NAN	
160,6	-1,11	0	9,9	NAN	
160,7	-1,11	0	9,9	NAN	
160,8	-1,11	0	9,9	NAN	
160,9	-1,11	0	9,9	NAN	
161	-1,11	0	9,9	NAN	
161,1	-1,11	0	9,9	NAN	
161,2	-1,11	0	9,9	NAN	
161,3	-1,11	0	9,9	NAN	
161,4	-1,11	0	9,9	NAN	
161,5	-1,11	0	9,9	NAN	
161,6	-1,11	0	9,9	NAN	
161,7	-1,11	0	9,9	NAN	
161,8	-1,11	0	9,9	NAN	
161,9	-1,11	0	9,9	NAN	
162	-1,11	0	9,9	NAN	
162,1	-1,11	0	9,9	NAN	
162,2	-1,11	0	9,9	NAN	
162,3	-1,11	0	9,9	NAN	
162,4	-1,11	0	9,9	NAN	
162,5	-1,11	0	9,9	NAN	
162,6	-1,11	0	9,9	NAN	
162,7	-1,095	0	9,9	NAN	
162,8	-1,095	0	9,9	NAN	
162,9	-1,095	0	9,9	NAN	
163	-1,095	0	9,9	NAN	
163,1	-1,095	0	9,9	NAN	
163,2	-1,095	0	9,9	NAN	
163,3	-1,095	0	9,9	NAN	
163,4	-1,095	0	9,9	NAN	
163,5	-1,095	0	9,9	NAN	
163,6	-1,095	0	9,9	NAN	
163,7	-1,095	0	9,9	NAN	
163,8	-1,095	0	9,9	NAN	
163,9	-1,095	0	9,9	NAN	
164	-1,095	0	9,9	NAN	
164,1	-1,095	0	9,9	NAN	
164,2	-1,095	0	9,9	NAN	
164,3	-1,095	0	9,9	NAN	
164,4	-1,095	0	9,9	NAN	
164,5	-1,095	0	9,9	NAN	
164,6	-1,095	0	9,9	NAN	
164,7	-1,095	0	9,9	NAN	
164,8	-1,095	0	9,9	NAN	
164,9	-1,095	0	9,9	NAN	
165	-1,095	0	9,9	NAN	
165,1	-1,095	0	9,9	NAN	
165,2	-1,095	0	9,9	NAN	
165,3	-1,095	0	9,9	NAN	
165,4	-1,095	0	9,9	NAN	
165,5	-1,095	0	9,9	NAN	
165,6	-1,095	0	9,9	NAN	
165,7	-1,08	0	9,9	NAN	
165,8	-1,08	0	9,9	NAN	
165,9	-1,08	0	9,9	NAN	
166	-1,08	0	9,9	NAN	
166,1	-1,08	0	9,9	NAN	
166,2	-1,08	0	9,9	NAN	
166,3	-1,08	0	9,9	NAN	
166,4	-1,08	0	9,9	NAN	
166,5	-1,08	0	9,9	NAN	
166,6	-1,08	0	9,9	NAN	
166,7	-1,095	0	9,9	NAN	
166,8	-1,095	0	9,9	NAN	
166,9	-1,095	0	9,9	NAN	
167	-1,095	0	9,9	NAN	
167,1	-1,095	0	9,9	NAN	
167,2	-1,095	0	9,9	NAN	
167,3	-1,095	0	9,9	NAN	
167,4	-1,095	0	9,9	NAN	
167,5	-1,095	0	9,9	NAN	
167,6	-1,095	0	9,9	NAN	
167,7	-1,08	0	9,9	NAN	
167,8	-1,08	0	9,9	NAN	
167,9	-1,08	0	9,9	NAN	
168	-1,08	0	9,9	NAN	
168,1	-1,08	0	9,9	NAN	
168,2	-1,08	0	9,9	NAN	
168,3	-1,08	0	9,9	NAN	
168,4	-1,08	0	9,9	NAN	
168,5	-1,08	0	9,9	NAN	
168,6	-1,08	0	9,9	NAN	
168,7	-1,08	0	9,9	NAN	
168,8	-1,08	0	9,9	NAN	
168,9	-1,08	0	9,9	NAN	
169	-1,08	0	9,9	NAN	
169,1	-1,08	0	9,9	NAN	
169,2	-1,08	0	9,9	NAN	
169,3	-1,08	0	9,9	NAN	
169,4	-1,08	0	9,9	NAN	
169,5	-1,08	0	9,9	NAN	
169,6	-1,08	0	9,9	NAN	
169,7	-1,08	0	9,9	NAN	
169,8	-1,08	0	9,9	NAN	
169,9	-1,08	0	9,9	NAN	
170	-1,08	0	9,9	NAN	
170,1	-1,08	0	9,9	NAN	
170,2	-1,08	0	9,9	NAN	
170,3	-1,08	0	9,9	NAN	
170,4	-1,08	0	9,9	NAN	
170,5	-1,08	0	9,9	NAN	
170,6	-1,08	0	9,9	NAN	
170,7	-1,08	0	9,9	NAN	
170,8	-1,08	0	9,9	NAN	
170,9	-1,08	0	9,9	NAN	
171	-1,08	0	9,9	NAN	
171,1	-1,08	0	9,9	NAN	
171,2	-1,08	0	9,9	NAN	
171,3	-1,08	0	9,9	NAN	
171,4	-1,08	0	9,9	NAN	
171,5	-1,08	0	9,9	NAN	
171,6	-1,08	0	9,9	NAN	
171,7	-1,08	0	9,9	NAN	
171,8	-1,08	0	9,9	NAN	
171,9	-1,08	0	9,9	NAN	
172	-1,08	0	9,9	NAN	
172,1	-1,08	0	9,9	NAN	
172,2	-1,08	0	9,9	NAN	
172,3	-1,08	0	9,9	NAN	
172,4	-1,08	0	9,9	NAN	
172,5	-1,08	0	9,9	NAN	
172,6	-1,08	0	9,9	NAN	
172,7	-1,08	0	9,9	NAN	
172,8	-1,08	0	9,9	NAN	
172,9	-1,08	0	9,9	NAN	
173	-1,08	0	9,9	NAN	
173,1	-1,08	0	9,9	NAN	
173,2	-1,08	0	9,9	NAN	
173,3	-1,08	0	9,9	NAN	
173,4	-1,08	0	9,9	NAN	
173,5	-1,08	0	9,9	NAN	
173,6	-1,08	0	9,9	NAN	
173,7	-1,08	0	9,9	NAN	
173,8	-1,08	0	9,9	NAN	
173,9	-1,08	0	9,9	NAN	
174	-1,08	0	9,9	NAN	
174,1	-1,08	0	9,9	NAN	
174,2	-1,08	0	9,9	NAN	
174,3	-1,08	0	9,9	NAN	
174,4	-1,08	0	9,9	NAN	
174,5	-1,08	0	9,9	NAN	
174,6	-1,08	0	9,9	NAN	
174,7	-1,08	0	9,9	NAN	
174,8	-1,08	0	9,9	NAN	
174,9	-1,08	0	9,9	NAN	
175	-1,08	0	9,9	NAN	
175,1	-1,08	0	9,9	NAN	
175,2	-1,08	0	9,9	NAN	
175,3	-1,08	0	9,9	NAN	
175,4	-1,08	0	9,9	NAN	
175,503	-1,08	0	9,9	NAN	
175,6	-1,08	0	9,9	NAN	
175,7	-1,08	0	9,9	NAN	
175,8	-1,08	0	9,9	NAN	
175,9	-1,08	0	9,9	NAN	
176	-1,08	0	9,9	NAN	
176,1	-1,08	0	9,9	NAN	
176,2	-1,08	0	9,9	NAN	
176,3	-1,08	0	9,9	NAN	
176,4	-1,08	0	9,9	NAN	
176,5	-1,08	0	9,9	NAN	
176,6	-1,08	0	9,9	NAN	
176,7	-1,08	0	9,9	NAN	
176,8	-1,08	0	9,9	NAN	
176,9	-1,08	0	9,9	NAN	
177	-1,08	0	9,9	NAN	
177,1	-1,08	0	9,9	NAN	
177,2	-1,08	0	9,9	NAN	
177,3	-1,08	0	9,9	NAN	
177,4	-1,08	0	9,9	NAN	
177,5	-1,08	0	9,9	NAN	
177,6	-1,08	0	9,9	NAN	
177,7	-1,095	0	9,9	NAN	
177,8	-1,095	0	9,9	NAN	
177,9	-1,095	0	9,9	NAN	
178	-1,095	0	9,9	NAN	
178,1	-1,095	0	9,9	NAN	
178,2	-1,095	0	9,9	NAN	
178,3	-1,095	0	9,9	NAN	
178,4	-1,095	0	9,9	NAN	
178,5	-1,095	0	9,9	NAN	
178,6	-1,095	0	9,9	NAN	
178,7	-1,095	0	9,9	NAN	
178,8	-1,095	0	9,9	NAN	
178,9	-1,095	0	9,9	NAN	
179	-1,095	0	9,9	NAN	
179,1	-1,095	0	9,9	NAN	
179,2	-1,095	0	9,9	NAN	
179,3	-1,095	0	9,9	NAN	
179,4	-1,095	0	9,9	NAN	
179,5	-1,095	0	9,9	NAN	
179,6	-1,095	0	9,9	NAN	
179,7	-1,095	0	9,9	NAN	
179,8	-1,095	0	9,9	NAN	
179,9	-1,095	0	9,9	NAN	
180	-1,095	0	9,9	NAN	
180,1	-1,095	0	9,9	NAN	
180,2	-1,095	0	9,9	NAN	
180,3	-1,095	0	9,9	NAN	
180,4	-1,095	0	9,9	NAN	
180,5	-1,095	0	9,9	NAN	
180,6	-1,095	0	9,9	NAN	
180,7	-1,095	0	9,9	NAN	
180,8	-1,095	0	9,9	NAN	
180,9	-1,095	0	9,9	NAN	
181	-1,095	0	9,9	NAN	
181,1	-1,095	0	9,9	NAN	
181,2	-1,095	0	9,9	NAN	
181,3	-1,095	0	9,9	NAN	
181,4	-1,095	0	9,9	NAN	
181,5	-1,095	0	9,9	NAN	
181,6	-1,095	0	9,9	NAN	
181,7	-1,095	0	9,9	NAN	
181,8	-1,095	0	9,9	NAN	
181,9	-1,095	0	9,9	NAN	
182	-1,095	0	9,9	NAN	
182,1	-1,095	0	9,9	NAN	
182,2	-1,095	0	9,9	NAN	
182,3	-1,095	0	9,9	NAN	
182,4	-1,095	0	9,9	NAN	
182,5	-1,095	0	9,9	NAN	
182,6	-1,095	0	9,9	NAN	
182,7	-1,095	0	9,9	NAN	
182,8	-1,095	0	9,9	NAN	
182,9	-1,095	0	9,9	NAN	
183	-1,095	0	9,9	NAN	
183,1	-1,095	0	9,9	NAN	
183,2	-1,095	0	9,9	NAN	
183,3	-1,095	0	9,9	NAN	
183,4	-1,095	0	9,9	NAN	
183,5	-1,095	0	9,9	NAN	
183,6	-1,095	0	9,9	NAN	
183,7	-1,095	0	9,9	NAN	
183,8	-1,095	0	9,9	NAN	
183,9	-1,095	0	9,9	NAN	
184	-1,095	0	9,9	NAN	
184,1	-1,095	0	9,9	NAN	
184,2	-1,095	0	9,9	NAN	
184,3	-1,095	0	9,9	NAN	
184,4	-1,095	0	9,9	NAN	
184,5	-1,095	0	9,9	NAN	
184,6	-1,095	0	9,9	NAN	
184,7	-1,08	0	9,9	NAN	
184,8	-1,08	0	9,9	NAN	
184,9	-1,08	0	9,9	NAN	
185	-1,08	0	9,9	NAN	
185,1	-1,08	0	9,9	NAN	
185,2	-1,08	0	9,9	NAN	
185,3	-1,08	0	9,9	NAN	
185,4	-1,08	0	9,9	NAN	
185,5	-1,08	0	9,9	NAN	
185,6	-1,08	0	9,9	NAN	
185,7	-1,08	0	9,9	NAN	
185,8	-1,08	0	9,9	NAN	
185,9	-1,08	0	9,9	NAN	
186	-1,08	0	9,9	NAN	
186,1	-1,08	0	9,9	NAN	
186,2	-1,08	0	9,9	NAN	
186,3	-1,08	0	9,9	NAN	
186,4	-1,08	0	9,9	NAN	
186,5	-1,08	0	9,9	NAN	
186,6	-1,08	0	9,9	NAN	
186,7	-1,065	0	9,9	NAN	
186,8	-1,065	0	9,9	NAN	
186,9	-1,065	0	9,9	NAN	
187	-1,065	0	9,9	NAN	
187,1	-1,065	0	9,9	NAN	
187,2	-1,065	0	9,9	NAN	
187,3	-1,065	0	9,9	NAN	
187,4	-1,065	0	9,9	NAN	
187,5	-1,065	0	9,9	NAN	
187,6	-1,065	0	9,9	NAN	
187,7	-1,065	0	9,9	NAN	
187,8	-1,065	0	9,9	NAN	
187,9	-1,065	0	9,9	NAN	
188	-1,065	0	9,9	NAN	
188,1	-1,065	0	9,9	NAN	
188,2	-1,065	0	9,9	NAN	
188,3	-1,065	0	9,9	NAN	
188,4	-1,065	0	9,9	NAN	
188,5	-1,065	0	9,9	NAN	
188,6	-1,065	0	9,9	NAN	
188,7	-1,065	0	9,9	NAN	
188,8	-1,065	0	9,9	NAN	
188,9	-1,065	0	9,9	NAN	
189	-1,065	0	9,9	NAN	
189,1	-1,065	0	9,9	NAN	
189,2	-1,065	0	9,9	NAN	
189,3	-1,065	0	9,9	NAN	
189,4	-1,065	0	9,9	NAN	
189,5	-1,065	0	9,9	NAN	
189,6	-1,065	0	9,9	NAN	
189,7	-1,065	0	9,9	NAN	
189,8	-1,065	0	9,9	NAN	
189,9	-1,065	0	9,9	NAN	
190	-1,065	0	9,9	NAN	
190,1	-1,065	0	9,9	NAN	
190,2	-1,065	0	9,9	NAN	
190,3	-1,065	0	9,9	NAN	
190,4	-1,065	0	9,9	NAN	
190,5	-1,065	0	9,9	NAN	
190,6	-1,065	0	9,9	NAN	
190,7	-1,065	0	9,9	NAN	
190,8	-1,065	0	9,9	NAN	
190,9	-1,065	0	9,9	NAN	
191	-1,065	0	9,9	NAN	
191,1	-1,065	0	9,9	NAN	
191,2	-1,065	0	9,9	NAN	
191,3	-1,065	0	9,9	NAN	
191,4	-1,065	0	9,9	NAN	
191,5	-1,065	0	9,9	NAN	
191,6	-1,065	0	9,9	NAN	
191,7	-1,065	0	9,9	NAN	
191,8	-1,065	0	9,9	NAN	
191,9	-1,065	0	9,9	NAN	
192	-1,065	0	9,9	NAN	
192,1	-1,065	0	9,9	NAN	
192,2	-1,065	0	9,9	NAN	
192,3	-1,065	0	9,9	NAN	
192,4	-1,065	0	9,9	NAN	
192,5	-1,065	0	9,9	NAN	
192,6	-1,065	0	9,9	NAN	
192,7	-1,065	0	9,9	NAN	
192,8	-1,065	0	9,9	NAN	
192,9	-1,065	0	9,9	NAN	
193	-1,065	0	9,9	NAN	
193,1	-1,065	0	9,9	NAN	
193,2	-1,065	0	9,9	NAN	
193,3	-1,065	0	9,9	NAN	
193,4	-1,065	0	9,9	NAN	
193,5	-1,065	0	9,9	NAN	
193,6	-1,065	0	9,9	NAN	
193,7	-1,065	0	9,9	NAN	
193,8	-1,065	0	9,9	NAN	
193,9	-1,065	0	9,9	NAN	
194	-1,065	0	9,9	NAN	
194,1	-1,065	0	9,9	NAN	
194,2	-1,065	0	9,9	NAN	
194,3	-1,065	0	9,9	NAN	
194,4	-1,065	0	9,9	NAN	
194,5	-1,065	0	9,9	NAN	
194,6	-1,065	0	9,9	NAN	
194,7	-1,065	0	9,9	NAN	
194,8	-1,065	0	9,9	NAN	
194,9	-1,065	0	9,9	NAN	
195	-1,065	0	9,9	NAN	
195,1	-1,065	0	9,9	NAN	
195,2	-1,065	0	9,9	NAN	
195,3	-1,065	0	9,9	NAN	
195,4	-1,065	0	9,9	NAN	
195,5	-1,065	0	9,9	NAN	
195,6	-1,065	0	9,9	NAN	
195,7	-1,065	0	9,9	NAN	
195,8	-1,065	0	9,9	NAN	
195,9	-1,065	0	9,9	NAN	
196	-1,065	0	9,9	NAN	
196,1	-1,065	0	9,9	NAN	
196,2	-1,065	0	9,9	NAN	
196,3	-1,065	0	9,9	NAN	
196,4	-1,065	0	9,9	NAN	
196,5	-1,065	0	9,9	NAN	
196,6	-1,065	0	9,9	NAN	
196,7	-1,065	0	9,9	NAN	
196,8	-1,065	0	9,9	NAN	
196,9	-1,065	0	9,9	NAN	
197	-1,065	0	9,9	NAN	
197,1	-1,065	0	9,9	NAN	
197,2	-1,065	0	9,9	NAN	
197,3	-1,065	0	9,9	NAN	
197,4	-1,065	0	9,9	NAN	
197,5	-1,065	0	9,9	NAN	
197,6	-1,065	0	9,9	NAN	
197,7	-1,065	0	9,9	NAN	
197,8	-1,065	0	9,9	NAN	
197,9	-1,065	0	9,9	NAN	
198	-1,065	0	9,9	NAN	
198,1	-1,065	0	9,9	NAN	
198,2	-1,065	0	9,9	NAN	
198,3	-1,065	0	9,9	NAN	
198,4	-1,065	0	9,9	NAN	
198,5	-1,065	0	9,9	NAN	
198,6	-1,065	0	9,9	NAN	
198,7	-1,065	0	9,9	NAN	
198,8	-1,065	0	9,9	NAN	
198,9	-1,065	0	9,9	NAN	
199	-1,065	0	9,9	NAN	
199,1	-1,065	0	9,9	NAN	
199,2	-1,065	0	9,9	NAN	
199,3	-1,065	0	9,9	NAN	
199,4	-1,065	0	9,9	NAN	
199,5	-1,065	0	9,9	NAN	
199,6	-1,065	0	9,9	NAN	
199,7	-1,08	0	9,9	NAN	
199,8	-1,08	0	9,9	NAN	
199,9	-1,08	0	9,9	NAN	
200	-1,08	0	9,9	NAN	
200,1	-1,08	0	9,9	NAN	
200,2	-1,08	0	9,9	NAN	
200,3	-1,08	0	9,9	NAN	
200,4	-1,08	0	9,9	NAN	
200,5	-1,08	0	9,9	NAN	
200,6	-1,08	0	9,9	NAN	
200,7	-1,08	0	9,9	NAN	
200,8	-1,08	0	9,9	NAN	
200,9	-1,08	0	9,9	NAN	
201	-1,08	0	9,9	NAN	
201,1	-1,08	0	9,9	NAN	
201,2	-1,08	0	9,9	NAN	
201,3	-1,08	0	9,9	NAN	
201,4	-1,08	0	9,9	NAN	
201,5	-1,08	0	9,9	NAN	
201,6	-1,08	0	9,9	NAN	
201,7	-1,08	0	9,9	NAN	
201,8	-1,08	0	9,9	NAN	
201,9	-1,08	0	9,9	NAN	
202	-1,08	0	9,9	NAN	
202,1	-1,08	0	9,9	NAN	
202,2	-1,08	0	9,9	NAN	
202,3	-1,08	0	9,9	NAN	
202,4	-1,08	0	9,9	NAN	
202,5	-1,08	0	9,9	NAN	
202,6	-1,08	0	9,9	NAN	
202,7	-1,08	0	9,9	NAN	
202,8	-1,08	0	9,9	NAN	
202,9	-1,08	0	9,9	NAN	
203	-1,08	0	9,9	NAN	
203,1	-1,08	0	9,9	NAN	
203,2	-1,08	0	9,9	NAN	
203,3	-1,08	0	9,9	NAN	
203,4	-1,08	0	9,9	NAN	
203,5	-1,08	0	9,9	NAN	
203,6	-1,08	0	9,9	NAN	
203,7	-1,08	0	9,9	NAN	
203,8	-1,08	0	9,9	NAN	
203,9	-1,08	0	9,9	NAN	
204	-1,08	0	9,9	NAN	
204,1	-1,08	0	9,9	NAN	
204,2	-1,08	0	9,9	NAN	
204,3	-1,08	0	9,9	NAN	
204,4	-1,08	0	9,9	NAN	
204,5	-1,08	0	9,9	NAN	
204,6	-1,08	0	9,9	NAN	
204,7	-1,095	0	9,9	NAN	
204,8	-1,095	0	9,9	NAN	
204,9	-1,095	0	9,9	NAN	
205	-1,095	0	9,9	NAN	
205,1	-1,095	0	9,9	NAN	
205,2	-1,095	0	9,9	NAN	
205,3	-1,095	0	9,9	NAN	
205,4	-1,095	0	9,9	NAN	
205,5	-1,095	0	9,9	NAN	
205,6	-1,095	0	9,9	NAN	
205,7	-1,095	0	9,9	NAN	
205,8	-1,095	0	9,9	NAN	
205,9	-1,095	0	9,9	NAN	
206	-1,095	0	9,9	NAN	
206,1	-1,095	0	9,9	NAN	
206,2	-1,095	0	9,9	NAN	
206,3	-1,095	0	9,9	NAN	
206,4	-1,095	0	9,9	NAN	
206,5	-1,095	0	9,9	NAN	
206,6	-1,095	0	9,9	NAN	
206,7	-1,095	0	9,9	NAN	
206,8	-1,095	0	9,9	NAN	
206,9	-1,095	0	9,9	NAN	
207	-1,095	0	9,9	NAN	
207,1	-1,095	0	9,9	NAN	
207,2	-1,095	0	9,9	NAN	
207,3	-1,095	0	9,9	NAN	
207,4	-1,095	0	9,9	NAN	
207,5	-1,095	0	9,9	NAN	
207,6	-1,095	0	9,9	NAN	
207,7	-1,095	0	9,9	NAN	
207,8	-1,095	0	9,9	NAN	
207,9	-1,095	0	9,9	NAN	
208	-1,095	0	9,9	NAN	
208,1	-1,095	0	9,9	NAN	
208,2	-1,095	0	9,9	NAN	
208,3	-1,095	0	9,9	NAN	
208,4	-1,095	0	9,9	NAN	
208,5	-1,095	0	9,9	NAN	
208,6	-1,095	0	9,9	NAN	
208,7	-1,11	0	9,9	NAN	
208,8	-1,11	0	9,9	NAN	
208,9	-1,11	0	9,9	NAN	
209	-1,11	0	9,9	NAN	
209,1	-1,11	0	9,9	NAN	
209,2	-1,11	0	9,9	NAN	
209,3	-1,11	0	9,9	NAN	
209,4	-1,11	0	9,9	NAN	
209,5	-1,11	0	9,9	NAN	
209,6	-1,11	0	9,9	NAN	
209,7	-1,11	0	9,9	NAN	
209,8	-1,11	0	9,9	NAN	
209,9	-1,11	0	9,9	NAN	
210	-1,11	0	9,9	NAN	
210,1	-1,11	0	9,9	NAN	
210,2	-1,11	0	9,9	NAN	
210,3	-1,11	0	9,9	NAN	
210,4	-1,11	0	9,9	NAN	
210,5	-1,11	0	9,9	NAN	
210,6	-1,11	0	9,9	NAN	
210,7	-1,11	0	9,9	NAN	
210,8	-1,11	0	9,9	NAN	
210,9	-1,11	0	9,9	NAN	
211	-1,11	0	9,9	NAN	
211,1	-1,11	0	9,9	NAN	
211,2	-1,11	0	9,9	NAN	
211,3	-1,11	0	9,9	NAN	
211,4	-1,11	0	9,9	NAN	
211,5	-1,11	0	9,9	NAN	
211,6	-1,11	0	9,9	NAN	
211,7	-1,125	0	9,9	NAN	
211,8	-1,125	0	9,9	NAN	
211,9	-1,125	0	9,9	NAN	
212	-1,125	0	9,9	NAN	
212,1	-1,125	0	9,9	NAN	
212,2	-1,125	0	9,9	NAN	
212,3	-1,125	0	9,9	NAN	
212,4	-1,125	0	9,9	NAN	
212,5	-1,125	0	9,9	NAN	
212,6	-1,125	0	9,9	NAN	
212,7	-1,125	0	9,9	NAN	
212,8	-1,125	0	9,9	NAN	
212,9	-1,125	0	9,9	NAN	
213	-1,125	0	9,9	NAN	
213,1	-1,125	0	9,9	NAN	
213,2	-1,125	0	9,9	NAN	
213,3	-1,125	0	9,9	NAN	
213,4	-1,125	0	9,9	NAN	
213,5	-1,125	0	9,9	NAN	
213,6	-1,125	0	9,9	NAN	
213,7	-1,125	0	9,9	NAN	
213,8	-1,125	0	9,9	NAN	
213,9	-1,125	0	9,9	NAN	
214	-1,125	0	9,9	NAN	
214,1	-1,125	0	9,9	NAN	
214,2	-1,125	0	9,9	NAN	
214,3	-1,125	0	9,9	NAN	
214,4	-1,125	0	9,9	NAN	
214,5	-1,125	0	9,9	NAN	
214,6	-1,125	0	9,9	NAN	
214,7	-1,14	0	9,9	NAN	
214,8	-1,14	0	9,9	NAN	
214,9	-1,14	0	9,9	NAN	
215	-1,14	0	9,9	NAN	
215,1	-1,14	0	9,9	NAN	
215,2	-1,14	0	9,9	NAN	
215,3	-1,14	0	9,9	NAN	
215,4	-1,14	0	9,9	NAN	
215,5	-1,14	0	9,9	NAN	
215,6	-1,14	0	9,9	NAN	
215,7	-1,14	0	9,9	NAN	
215,8	-1,14	0	9,9	NAN	
215,9	-1,14	0	9,9	NAN	
216	-1,14	0	9,9	NAN	
216,1	-1,14	0	9,9	NAN	
216,2	-1,14	0	9,9	NAN	
216,3	-1,14	0	9,9	NAN	
216,4	-1,14	0	9,9	NAN	
216,5	-1,14	0	9,9	NAN	
216,6	-1,14	0	9,9	NAN	
216,7	-1,14	0	9,9	NAN	
216,8	-1,14	0	9,9	NAN	
216,9	-1,14	0	9,9	NAN	
217	-1,14	0	9,9	NAN	
217,1	-1,14	0	9,9	NAN	
217,2	-1,14	0	9,9	NAN	
217,3	-1,14	0	9,9	NAN	
217,4	-1,14	0	9,9	NAN	
217,5	-1,14	0	9,9	NAN	
217,6	-1,14	0	9,9	NAN	
217,7	-1,14	0	9,9	NAN	
217,8	-1,14	0	9,9	NAN	
217,9	-1,14	0	9,9	NAN	
218	-1,14	0	9,9	NAN	
218,1	-1,14	0	9,9	NAN	
218,2	-1,14	0	9,9	NAN	
218,3	-1,14	0	9,9	NAN	
218,4	-1,14	0	9,9	NAN	
218,5	-1,14	0	9,9	NAN	
218,6	-1,14	0	9,9	NAN	
218,7	-1,14	0	9,9	NAN	
218,8	-1,14	0	9,9	NAN	
218,9	-1,14	0	9,9	NAN	
219	-1,14	0	9,9	NAN	
219,1	-1,14	0	9,9	NAN	
219,2	-1,14	0	9,9	NAN	
219,3	-1,14	0	9,9	NAN	
219,4	-1,14	0	9,9	NAN	
219,5	-1,14	0	9,9	NAN	
219,6	-1,14	0	9,9	NAN	
219,7	-1,14	0	9,9	NAN	
219,8	-1,14	0	9,9	NAN	
219,9	-1,14	0	9,9	NAN	
220	-1,14	0	9,9	NAN	
220,1	-1,14	0	9,9	NAN	
220,2	-1,14	0	9,9	NAN	
220,3	-1,14	0	9,9	NAN	
220,4	-1,14	0	9,9	NAN	
220,5	-1,14	0	9,9	NAN	
220,6	-1,14	0	9,9	NAN	
220,7	-1,14	0	9,9	NAN	
220,8	-1,14	0	9,9	NAN	
220,9	-1,14	0	9,9	NAN	
221	-1,14	0	9,9	NAN	
221,1	-1,14	0	9,9	NAN	
221,2	-1,14	0	9,9	NAN	
221,3	-1,14	0	9,9	NAN	
221,4	-1,14	0	9,9	NAN	
221,5	-1,14	0	9,9	NAN	
221,6	-1,14	0	9,9	NAN	
221,7	-1,155	0	9,9	NAN	
221,8	-1,155	0	9,9	NAN	
221,9	-1,155	0	9,9	NAN	
222	-1,155	0	9,9	NAN	
222,1	-1,155	0	9,9	NAN	
222,2	-1,155	0	9,9	NAN	
222,3	-1,155	0	9,9	NAN	
222,4	-1,155	0	9,9	NAN	
222,5	-1,155	0	9,9	NAN	
222,6	-1,155	0	9,9	NAN	
222,7	-1,155	0	9,9	NAN	
222,8	-1,155	0	9,9	NAN	
222,9	-1,155	0	9,9	NAN	
223	-1,155	0	9,9	NAN	
223,1	-1,155	0	9,9	NAN	
223,2	-1,155	0	9,9	NAN	
223,3	-1,155	0	9,9	NAN	
223,4	-1,155	0	9,9	NAN	
223,5	-1,155	0	9,9	NAN	
223,6	-1,155	0	9,9	NAN	
223,7	-1,155	0	9,9	NAN	
223,8	-1,155	0	9,9	NAN	
223,9	-1,155	0	9,9	NAN	
224	-1,155	0	9,9	NAN	
224,1	-1,155	0	9,9	NAN	
224,2	-1,155	0	9,9	NAN	
224,3	-1,155	0	9,9	NAN	
224,4	-1,155	0	9,9	NAN	
224,5	-1,155	0	9,9	NAN	
224,6	-1,155	0	9,9	NAN	
224,7	-1,17	0	9,9	NAN	
224,8	-1,17	0	9,9	NAN	
224,9	-1,17	0	9,9	NAN	
225	-1,17	0	9,9	NAN	
225,1	-1,17	0	9,9	NAN	
225,2	-1,17	0	9,9	NAN	
225,3	-1,17	0	9,9	NAN	
225,4	-1,17	0	9,9	NAN	
225,5	-1,17	0	9,9	NAN	
225,6	-1,17	0	9,9	NAN	
225,701	-1,17	0	9,9	NAN	
225,8	-1,17	0	9,9	NAN	
225,9	-1,17	0	9,9	NAN	
226	-1,17	0	9,9	NAN	
226,1	-1,17	0	9,9	NAN	
226,2	-1,17	0	9,9	NAN	
226,3	-1,17	0	9,9	NAN	
226,4	-1,17	0	9,9	NAN	
226,5	-1,17	0	9,9	NAN	
226,6	-1,17	0	9,9	NAN	
226,7	-1,17	0	9,9	NAN	
226,8	-1,17	0	9,9	NAN	
226,9	-1,17	0	9,9	NAN	
227	-1,17	0	9,9	NAN	
227,1	-1,17	0	9,9	NAN	
227,2	-1,17	0	9,9	NAN	
227,3	-1,17	0	9,9	NAN	
227,4	-1,17	0	9,9	NAN	
227,5	-1,17	0	9,9	NAN	
227,6	-1,17	0	9,9	NAN	
227,7	-1,17	0	9,9	NAN	
227,8	-1,17	0	9,9	NAN	
227,9	-1,17	0	9,9	NAN	
228	-1,17	0	9,9	NAN	
228,1	-1,17	0	9,9	NAN	
228,2	-1,17	0	9,9	NAN	
228,3	-1,17	0	9,9	NAN	
228,4	-1,17	0	9,9	NAN	
228,5	-1,17	0	9,9	NAN	
228,6	-1,17	0	9,9	NAN	
228,7	-1,185	0	9,9	NAN	
228,8	-1,185	0	9,9	NAN	
228,9	-1,185	0	9,9	NAN	
229	-1,185	0	9,9	NAN	
229,1	-1,185	0	9,9	NAN	
229,2	-1,185	0	9,9	NAN	
229,3	-1,185	0	9,9	NAN	
229,4	-1,185	0	9,9	NAN	
229,5	-1,185	0	9,9	NAN	
229,6	-1,185	0	9,9	NAN	
229,7	-1,185	0	9,9	NAN	
229,8	-1,185	0	9,9	NAN	
229,9	-1,185	0	9,9	NAN	
230	-1,185	0	9,9	NAN	
230,1	-1,185	0	9,9	NAN	
230,2	-1,185	0	9,9	NAN	
230,3	-1,185	0	9,9	NAN	
230,4	-1,185	0	9,9	NAN	
230,5	-1,185	0	9,9	NAN	
230,6	-1,185	0	9,9	NAN	
230,7	-1,17	0	9,9	NAN	
230,8	-1,17	0	9,9	NAN	
230,9	-1,17	0	9,9	NAN	
231	-1,17	0	9,9	NAN	
231,1	-1,17	0	9,9	NAN	
231,2	-1,17	0	9,9	NAN	
231,3	-1,17	0	9,9	NAN	
231,4	-1,17	0	9,9	NAN	
231,5	-1,17	0	9,9	NAN	
231,6	-1,17	0	9,9	NAN	
231,7	-1,17	0	9,9	NAN	
231,8	-1,17	0	9,9	NAN	
231,9	-1,17	0	9,9	NAN	
232	-1,17	0	9,9	NAN	
232,1	-1,17	0	9,9	NAN	
232,2	-1,17	0	9,9	NAN	
232,3	-1,17	0	9,9	NAN	
232,4	-1,17	0	9,9	NAN	
232,5	-1,17	0	9,9	NAN	
232,6	-1,17	0	9,9	NAN	
232,7	-1,17	0	9,9	NAN	
232,8	-1,17	0	9,9	NAN	
232,9	-1,17	0	9,9	NAN	
233	-1,17	0	9,9	NAN	
233,1	-1,17	0	9,9	NAN	
233,2	-1,17	0	9,9	NAN	
233,3	-1,17	0	9,9	NAN	
233,4	-1,17	0	9,9	NAN	
233,5	-1,17	0	9,9	NAN	
233,6	-1,17	0	9,9	NAN	
233,7	-1,17	0	9,9	NAN	
233,8	-1,17	0	9,9	NAN	
233,9	-1,17	0	9,9	NAN	
234	-1,17	0	9,9	NAN	
234,1	-1,17	0	9,9	NAN	
234,2	-1,17	0	9,9	NAN	
234,3	-1,17	0	9,9	NAN	
234,4	-1,17	0	9,9	NAN	
234,5	-1,17	0	9,9	NAN	
234,6	-1,17	0	9,9	NAN	
234,7	-1,17	0	9,9	NAN	
234,8	-1,17	0	9,9	NAN	
234,9	-1,17	0	9,9	NAN	
235	-1,17	0	9,9	NAN	
235,1	-1,17	0	9,9	NAN	
235,2	-1,17	0	9,9	NAN	
235,3	-1,17	0	9,9	NAN	
235,4	-1,17	0	9,9	NAN	
235,5	-1,17	0	9,9	NAN	
235,6	-1,17	0	9,9	NAN	
235,7	-1,155	0	9,9	NAN	
235,8	-1,155	0	9,9	NAN	
235,9	-1,155	0	9,9	NAN	
236	-1,155	0	9,9	NAN	
236,1	-1,155	0	9,9	NAN	
236,2	-1,155	0	9,9	NAN	
236,3	-1,155	0	9,9	NAN	
236,4	-1,155	0	9,9	NAN	
236,5	-1,155	0	9,9	NAN	
236,6	-1,155	0	9,9	NAN	
236,7	-1,155	0	9,9	NAN	
236,8	-1,155	0	9,9	NAN	
236,9	-1,155	0	9,9	NAN	
237	-1,155	0	9,9	NAN	
237,1	-1,155	0	9,9	NAN	
237,2	-1,155	0	9,9	NAN	
237,3	-1,155	0	9,9	NAN	
237,4	-1,155	0	9,9	NAN	
237,5	-1,155	0	9,9	NAN	
237,6	-1,155	0	9,9	NAN	
237,7	-1,155	0	9,9	NAN	
237,8	-1,155	0	9,9	NAN	
237,9	-1,155	0	9,9	NAN	
238	-1,155	0	9,9	NAN	
238,1	-1,155	0	9,9	NAN	
238,2	-1,155	0	9,9	NAN	
238,3	-1,155	0	9,9	NAN	
238,4	-1,155	0	9,9	NAN	
238,5	-1,155	0	9,9	NAN	
238,6	-1,155	0	9,9	NAN	
238,7	-1,17	0	9,9	NAN	
238,8	-1,17	0	9,9	NAN	
238,9	-1,17	0	9,9	NAN	
239	-1,17	0	9,9	NAN	
239,1	-1,17	0	9,9	NAN	
239,2	-1,17	0	9,9	NAN	
239,3	-1,17	0	9,9	NAN	
239,4	-1,17	0	9,9	NAN	
239,5	-1,17	0	9,9	NAN	
239,6	-1,17	0	9,9	NAN	
239,7	-1,17	0	9,9	NAN	
239,8	-1,17	0	9,9	NAN	
239,9	-1,17	0	9,9	NAN	
240	-1,17	0	9,9	NAN	
240,1	-1,17	0	9,9	NAN	
240,2	-1,17	0	9,9	NAN	
240,3	-1,17	0	9,9	NAN	
240,4	-1,17	0	9,9	NAN	
240,5	-1,17	0	9,9	NAN	
240,6	-1,17	0	9,9	NAN	
240,7	-1,155	0	9,9	NAN	
240,8	-1,155	0	9,9	NAN	
240,9	-1,155	0	9,9	NAN	
241	-1,155	0	9,9	NAN	
