# Spalte1: Wellenlaenge [nm]
# Spalte2: Intensitaet
335	0.002428076
336	0.002429031
337	0.002425622
338	0.002420551
339	0.002415481
340	0.002414881
341	0.002420997
342	0.002427112
343	0.002430937
344	0.002428295
345	0.002425653
346	0.002414629
347	0.002399509
348	0.002397860
349	0.002397502
350	0.002394594
351	0.002391687
352	0.002388784
353	0.002386727
354	0.002384670
355	0.002382613
356	0.002381880
357	0.002381457
358	0.002381034
359	0.002380644
360	0.002380524
361	0.002380404
362	0.002380284
363	0.002370449
364	0.002360095
365	0.002349741
366	0.002339962
367	0.002334976
368	0.002329990
369	0.002325004
370	0.002320017
371	0.002314853
372	0.002309661
373	0.002304470
374	0.002299278
375	0.002294086
376	0.002290284
377	0.002287430
378	0.002284577
379	0.002281723
380	0.002280082
381	0.002279506
382	0.002278929
383	0.002278353
384	0.002276812
385	0.002269950
386	0.002263088
387	0.002256585
388	0.002253340
389	0.002250096
390	0.002246240
391	0.002241786
392	0.002237331
393	0.002232877
394	0.002237875
395	0.002242999
396	0.002248123
397	0.002246030
398	0.002239675
399	0.002233044
400	0.002225480
401	0.002217917
402	0.002211064
403	0.002205994
404	0.002200924
405	0.002195854
406	0.002196751
407	0.002200176
408	0.002201930
409	0.002191663
410	0.002181396
411	0.002171741
412	0.002173041
413	0.002170980
414	0.002162648
415	0.002154316
416	0.002150867
417	0.002148956
418	0.002149140
419	0.002150604
420	0.002151294
421	0.002151432
422	0.002148914
423	0.002144791
424	0.002140837
425	0.002137200
426	0.002134348
427	0.002132692
428	0.002130885
429	0.002128271
430	0.002125656
431	0.002127003
432	0.002131205
433	0.002132378
434	0.002130483
435	0.002128589
436	0.002127539
437	0.002128403
438	0.002128589
439	0.002124490
440	0.002121055
441	0.002119505
442	0.002120465
443	0.002124535
444	0.002124976
445	0.002123036
446	0.002120788
447	0.002122961
448	0.002117768
449	0.002122248
450	0.002125435
451	0.002123029
452	0.002124437
453	0.002124530
454	0.002122857
455	0.002124261
456	0.002124316
457	0.002124471
458	0.002125616
459	0.002126726
460	0.002127804
461	0.002127105
462	0.002126032
463	0.002124959
464	0.002124751
465	0.002124862
466	0.002124973
467	0.002125084
468	0.002126870
469	0.002128746
470	0.002130626
471	0.002132512
472	0.002134399
473	0.002135663
474	0.002135169
475	0.002134675
476	0.002134225
477	0.002135168
478	0.002136805
479	0.002139869
480	0.002142720
481	0.002139141
482	0.002136872
483	0.002136739
484	0.002137636
485	0.002140853
486	0.002144240
487	0.002142116
488	0.002140604
489	0.002141734
490	0.002141087
491	0.002145635
492	0.002147532
493	0.002146038
494	0.002149911
495	0.002156464
496	0.002143744
497	0.002145215
498	0.002160273
499	0.002164516
500	0.002162931
501	0.002160319
502	0.002157703
503	0.002157902
504	0.002166189
505	0.002173906
506	0.002175432
507	0.002176958
508	0.002175023
509	0.002172374
510	0.002172378
511	0.002175637
512	0.002179633
513	0.002185055
514	0.002184433
515	0.002181345
516	0.002183648
517	0.002180492
518	0.002190050
519	0.002196643
520	0.002200149
521	0.002198992
522	0.002197232
523	0.002195748
524	0.002202020
525	0.002208293
526	0.002208600
527	0.002204626
528	0.002206386
529	0.002216887
530	0.002224907
531	0.002230168
532	0.002234496
533	0.002237051
534	0.002239605
535	0.002242009
536	0.002244359
537	0.002246708
538	0.002252275
539	0.002259708
540	0.002267141
541	0.002274315
542	0.002280519
543	0.002281346
544	0.002275735
545	0.002274314
546	0.002282241
547	0.002280656
548	0.002278667
549	0.002283971
550	0.002290588
551	0.002295828
552	0.002299418
553	0.002303828
554	0.002312711
555	0.002321594
556	0.002321377
557	0.002319728
558	0.002323495
559	0.002329532
560	0.002335010
561	0.002339537
562	0.002338435
563	0.002339117
564	0.002339595
565	0.002343226
566	0.002349152
567	0.002350484
568	0.002351704
569	0.002361883
570	0.002363625
571	0.002364253
572	0.002367545
573	0.002369981
574	0.002368450
575	0.002366919
576	0.002367692
577	0.002373737
578	0.002381927
579	0.002392607
580	0.002403287
581	0.002402973
582	0.002396870
583	0.002402622
584	0.002407570
585	0.002411493
586	0.002412578
587	0.002413663
588	0.002416524
589	0.002423590
590	0.002427656
591	0.002427865
592	0.002432565
593	0.002430918
594	0.002437609
595	0.002443453
596	0.002450076
597	0.002453675
598	0.002451375
599	0.002456745
600	0.002463629
601	0.002469648
602	0.002475036
603	0.002476070
604	0.002480134
605	0.002484062
606	0.002490203
607	0.002495606
608	0.002494432
609	0.002499334
610	0.002503593
611	0.002505626
612	0.002508868
613	0.002511640
614	0.002510768
615	0.002516126
616	0.002525135
617	0.002527049
618	0.002527419
619	0.002534637
620	0.002538347
621	0.002546981
622	0.002549860
623	0.002551762
624	0.002556119
625	0.002564809
626	0.002566383
627	0.002569203
628	0.002571859
629	0.002578312
630	0.002582001
631	0.002585165
632	0.002589780
633	0.002594087
634	0.002597325
635	0.002602102
636	0.002607640
637	0.002611212
638	0.002612987
639	0.002621025
640	0.002625080
641	0.002632943
642	0.002633452
643	0.002636522
644	0.002643496
645	0.002654534
646	0.002649868
647	0.002656500
648	0.002659345
649	0.002664995
650	0.002672455
651	0.002676385
652	0.002677837
653	0.002681800
654	0.002687173
655	0.002692907
656	0.002694983
657	0.002698604
658	0.002705442
659	0.002714437
660	0.002721716
661	0.002722247
662	0.002722779
663	0.002725380
664	0.002728389
665	0.002732343
666	0.002735916
667	0.002737602
668	0.002739287
669	0.002741356
670	0.002744213
671	0.002747071
672	0.002747628
673	0.002750910
674	0.002753833
675	0.002755674
676	0.002761423
677	0.002764419
678	0.002768990
679	0.002771228
680	0.002774868
681	0.002779806
682	0.002783380
683	0.002784839
684	0.002787855
685	0.002786109
686	0.002788357
687	0.002792951
688	0.002793510
689	0.002797632
690	0.002801821
691	0.002803625
692	0.002804785
693	0.002806351
694	0.002808864
695	0.002810767
696	0.002812067
697	0.002815767
698	0.002818251
699	0.002820887
700	0.002816917
701	0.002818833
702	0.002821677
703	0.002821844
704	0.002826747
705	0.002833444
706	0.002835543
707	0.002837067
708	0.002834644
709	0.002833647
710	0.002837873
711	0.002843155
712	0.002844717
713	0.002841806
714	0.002854900
715	0.002849367
716	0.002845123
717	0.002851117
718	0.002852615
719	0.002849887
720	0.002854616
721	0.002855673
722	0.002860071
723	0.002862799
724	0.002862278
725	0.002862569
726	0.002861080
727	0.002862584
728	0.002864551
729	0.002858931
730	0.002857097
731	0.002847270
732	0.002839185
733	0.002831693
734	0.002811894
735	0.002811267
736	0.002804464
737	0.002815315
738	0.002783804
739	0.002784936
740	0.002780855
