402.429 0.214141
404.858 0.228283
409.717 0.240404
412.146 0.246465
414.575 0.252525
417.004 0.256566
421.862 0.268687
424.292 0.276768
426.721 0.280808
429.15 0.288889
431.579 0.29495
434.008 0.30101
436.437 0.309091
441.296 0.319192
448.583 0.337374
451.012 0.341414
453.441 0.349495
455.87 0.357576
460.729 0.367677
463.158 0.373737
468.016 0.385859
470.445 0.389899
472.875 0.39798
475.304 0.4
480.162 0.406061
482.591 0.414141
485.02 0.418182
487.449 0.422222
489.879 0.430303
494.737 0.436364
497.166 0.442424
499.595 0.448485
504.453 0.456566
506.883 0.462626
511.741 0.468687
514.17 0.474747
516.599 0.480808
521.458 0.492929
523.887 0.49697
526.316 0.50101
528.745 0.50505
531.174 0.511111
533.603 0.515152
536.032 0.521212
538.462 0.525253
543.32 0.529293
545.749 0.537374
548.178 0.541414
553.036 0.551515
557.895 0.555556
560.324 0.565657
562.753 0.569697
565.182 0.573737
567.611 0.579798
570.04 0.583838
574.899 0.59798
577.328 0.6
579.757 0.606061
582.186 0.610101
584.615 0.616162
587.045 0.622222
589.474 0.626263
591.903 0.634343
596.761 0.644444
599.19 0.650505
601.619 0.658586
604.049 0.664646
606.478 0.668687
608.907 0.672727
611.336 0.682828
613.765 0.688889
616.194 0.69495
618.623 0.69697
623.482 0.707071
625.911 0.715151
628.34 0.725253
630.769 0.731313
633.198 0.737374
635.628 0.743434
638.057 0.753535
640.486 0.761616
645.344 0.771717
647.773 0.781818
650.202 0.787879
652.632 0.79798
655.061 0.80404
657.49 0.810101
659.919 0.814141
662.348 0.818182
664.777 0.826263
669.636 0.830303
672.065 0.836364
674.494 0.840404
679.352 0.848485
684.211 0.852525
686.64 0.856566
691.498 0.860606
698.785 0.862626
701.215 0.870707
708.502 0.870707
710.931 0.876768
715.789 0.880808
723.077 0.884848
727.935 0.888889
732.794 0.890909
737.652 0.894949
740.081 0.89697
747.368 0.90101
752.227 0.905051
757.085 0.909091
761.943 0.911111
769.231 0.917172
776.518 0.923232
783.806 0.927273
788.664 0.931313
791.093 0.933333
793.522 0.935354
800.81 0.941414
803.239 0.945455
808.097 0.949495
812.955 0.953535
815.385 0.955556
820.243 0.959596
822.672 0.961616
827.53 0.965657
832.389 0.971717
837.247 0.973737
839.676 0.977778
844.534 0.981818
846.964 0.983838
851.822 0.985859
854.251 0.987879
859.109 0.989899
861.538 0.991919
868.826 0.993939
873.684 0.993939
876.113 0.993939
880.972 0.991919
885.83 0.989899
888.259 0.985859
893.117 0.981818
897.976 0.975758
900.405 0.971717
902.834 0.969697
905.263 0.965657
907.692 0.961616
910.121 0.959596
914.98 0.951515
917.409 0.947475
919.838 0.943434
922.267 0.939394
924.696 0.933333
927.125 0.929293
929.555 0.921212
934.413 0.913131
936.842 0.905051
939.271 0.89899
941.7 0.894949
944.13 0.888889
946.559 0.882828
948.988 0.876768
951.417 0.868687
953.846 0.862626
956.275 0.854545
958.704 0.848485
961.134 0.836364
963.563 0.828283
965.992 0.816162
968.421 0.810101
970.85 0.80202
973.279 0.785859
975.708 0.775758
978.138 0.763636
980.567 0.739394
982.996 0.719192
985.425 0.69899
987.854 0.686869
990.283 0.670707
992.713 0.662626
995.142 0.642424
997.571 0.632323
1000.0 0.624242
1004.86 0.608081
1007.29 0.579798
1009.72 0.585859
1012.15 0.569697
1014.57 0.543434
1017.0 0.537374
1019.43 0.529293
1021.86 0.515152
1024.29 0.507071
1026.72 0.494949
1029.15 0.488889
1031.58 0.468687
1034.01 0.460606
1036.44 0.450505
1038.87 0.444444
1041.3 0.422222
1043.72 0.412121
1046.15 0.391919
1048.58 0.373737
1051.01 0.341414
1053.44 0.321212
1055.87 0.30505
1058.3 0.282828
1060.73 0.280808
1063.16 0.270707
1065.59 0.262626
1068.02 0.244444
1070.45 0.234343
1072.87 0.218182
1075.3 0.214141
1077.73 0.19798
1080.16 0.191919
1082.59 0.183838
1085.02 0.173737
1087.45 0.169697
1089.88 0.159596
1092.31 0.151515
1094.74 0.143434
1097.17 0.137374
1099.6 0.131313
1102.02 0.123232
1104.45 0.119192
1106.88 0.115152
1109.31 0.111111
1111.74 0.10303
1114.17 0.0989899
1116.6 0.0949495
1121.46 0.0848485
1123.89 0.0787879
1126.32 0.0747475
1128.74 0.0707071
1131.17 0.0646465
1133.6 0.0606061
1138.46 0.050505
1140.89 0.0464646
1143.32 0.0424242
1145.75 0.0383838
1148.18 0.0343434
