# led525nm-1_1-h.dat
# Spalte1: Wellenlänge [nm]
# Spalte2: Intensität
350	0.000000
351	0.000000
352	0.000000
353	0.000000
354	0.000000
355	0.000000
356	0.000000
357	0.000000
358	0.000000
359	0.000000
360	0.000000
361	0.000000
362	0.003742
363	0.011362
364	0.020545
365	0.030875
366	0.042240
367	0.055016
368	0.069239
369	0.085510
370	0.104397
371	0.127466
372	0.155357
373	0.190065
374	0.230610
375	0.278598
376	0.334015
377	0.398917
378	0.471011
379	0.555843
380	0.644054
381	0.742920
382	0.850489
383	0.965504
384	1.077709
385	1.191951
386	1.306875
387	1.418377
388	1.523654
389	1.617998
390	1.703692
391	1.785251
392	1.860443
393	1.926415
394	1.976372
395	2.005704
396	2.032532
397	2.050590
398	2.053148
399	2.057168
400	2.044980
401	2.033532
402	2.020323
403	2.002165
404	1.977268
405	1.956800
406	1.944051
407	1.927122
408	1.910399
409	1.889691
410	1.866179
411	1.840782
412	1.821336
413	1.798117
414	1.769483
415	1.750433
416	1.730385
417	1.712541
418	1.699323
419	1.690994
420	1.687497
421	1.686414
422	1.688420
423	1.693763
424	1.700812
425	1.708014
426	1.715295
427	1.722582
428	1.728002
429	1.732204
430	1.733544
431	1.736413
432	1.738285
433	1.740520
434	1.742540
435	1.742771
436	1.741366
437	1.739679
438	1.738127
439	1.735615
440	1.735645
441	1.734199
442	1.732901
443	1.730997
444	1.728857
445	1.725045
446	1.719633
447	1.711880
448	1.701538
449	1.690100
450	1.674337
451	1.655635
452	1.634346
453	1.612192
454	1.592055
455	1.571310
456	1.551795
457	1.531162
458	1.511363
459	1.492394
460	1.472482
461	1.449848
462	1.425834
463	1.401165
464	1.374709
465	1.345528
466	1.313802
467	1.279169
468	1.243267
469	1.208352
470	1.173210
471	1.138153
472	1.103627
473	1.068876
474	1.035731
475	1.004772
476	0.974562
477	0.943092
478	0.910473
479	0.876943
480	0.842706
481	0.806740
482	0.769952
483	0.732980
484	0.695748
485	0.659480
486	0.625712
487	0.594536
488	0.565735
489	0.540346
490	0.518133
491	0.499002
492	0.482066
493	0.466080
494	0.450047
495	0.433909
496	0.417550
497	0.400436
498	0.381996
499	0.363847
500	0.345639
501	0.327516
502	0.309741
503	0.292747
504	0.277166
505	0.262527
506	0.248778
507	0.235567
508	0.222613
509	0.209716
510	0.197091
511	0.184790
512	0.172933
513	0.161583
514	0.150743
515	0.140401
516	0.130768
517	0.121779
518	0.113340
519	0.105302
520	0.097574
521	0.090121
522	0.082994
523	0.076086
524	0.069359
525	0.062788
526	0.056423
527	0.050324
528	0.044628
529	0.039382
530	0.034595
531	0.030305
532	0.026525
533	0.023199
534	0.020300
535	0.017758
536	0.015495
537	0.013460
538	0.011596
539	0.009882
540	0.008294
541	0.006840
542	0.005547
543	0.004433
544	0.003512
545	0.002792
546	0.002393
547	0.001994
548	0.001595
549	0.001197
550	0.000798
551	0.000399
552	0.000000
553	0.000000
554	0.000000
555	0.000000
556	0.000000
557	0.000000
558	0.000000
559	0.000000
560	0.000000
561	0.000000
562	0.000000
563	0.000000
564	0.000000
565	0.000000
566	0.000000
567	0.000000
568	0.000000
569	0.000000
570	0.000000
571	0.000000
572	0.000000
573	0.000000
574	0.000000
575	0.000000
576	0.000000
577	0.000000
578	0.000000
579	0.000000
580	0.000000
581	0.000000
582	0.000000
583	0.000000
584	0.000000
585	0.000000
586	0.000000
587	0.000000
588	0.000000
589	0.000000
590	0.000000
591	0.000000
592	0.000000
593	0.000000
594	0.000000
595	0.000000
596	0.000000
597	0.000000
598	0.000000
599	0.000000
600	0.000000
601	0.000000
602	0.000000
603	0.000000
604	0.000000
605	0.000000
606	0.000000
607	0.000000
608	0.000000
609	0.000000
610	0.000000
611	0.000000
612	0.000000
613	0.000000
614	0.000000
615	0.000000
616	0.000000
617	0.000000
618	0.000000
619	0.000000
620	0.000000
621	0.000000
622	0.000000
623	0.000000
624	0.000000
625	0.000000
626	0.000000
627	0.000000
628	0.000000
629	0.000000
630	0.000000
631	0.000000
632	0.000000
633	0.000000
634	0.000000
635	0.000000
636	0.000000
637	0.000000
638	0.000000
639	0.000000
640	0.000000
641	0.000000
642	0.000000
643	0.000000
644	0.000000
645	0.000000
646	0.000000
647	0.000000
648	0.000000
649	0.000000
650	0.000000
651	0.000000
652	0.000000
653	0.000000
654	0.000000
655	0.000000
656	0.000000
657	0.000000
658	0.000000
659	0.000000
660	0.000000
661	0.000000
662	0.000000
663	0.000000
664	0.000000
665	0.000000
666	0.000000
667	0.000000
668	0.000000
669	0.000000
670	0.000000
