# led620nm-1_1-h.dat
# Spalte1: Wellenlänge [nm]
# Spalte2: Intensität
350	0.000000
351	0.000000
352	0.000000
353	0.000000
354	0.000000
355	0.000000
356	0.000000
357	0.000000
358	0.000000
359	0.000000
360	0.000000
361	0.000000
362	0.000000
363	0.000000
364	0.000000
365	0.000000
366	0.000000
367	0.000000
368	0.000000
369	0.000000
370	0.000000
371	0.000000
372	0.000000
373	0.000000
374	0.000000
375	0.000000
376	0.000000
377	0.000000
378	0.000000
379	0.000000
380	0.000000
381	0.000000
382	0.000000
383	0.000000
384	0.000000
385	0.000000
386	0.000000
387	0.000000
388	0.000000
389	0.000000
390	0.000000
391	0.000000
392	0.000000
393	0.000000
394	0.000000
395	0.000000
396	0.000000
397	0.000000
398	0.000000
399	0.000000
400	0.000000
401	0.000000
402	0.000000
403	0.000000
404	0.000000
405	0.000000
406	0.000000
407	0.000000
408	0.000000
409	0.000000
410	0.000000
411	0.000000
412	0.000000
413	0.000000
414	0.000000
415	0.000000
416	0.000000
417	0.000000
418	0.000000
419	0.000000
420	0.000000
421	0.000000
422	0.000000
423	0.000000
424	0.000000
425	0.000000
426	0.000000
427	0.000000
428	0.000000
429	0.000000
430	0.000000
431	0.000000
432	0.000000
433	0.000000
434	0.000000
435	0.000000
436	0.000000
437	0.000000
438	0.000000
439	0.000000
440	0.000000
441	0.000000
442	0.000000
443	0.000000
444	0.000000
445	0.000000
446	0.000000
447	0.000000
448	0.000000
449	0.001108
450	0.003221
451	0.005591
452	0.008106
453	0.010653
454	0.013154
455	0.015545
456	0.017869
457	0.020208
458	0.022789
459	0.025905
460	0.029867
461	0.035002
462	0.041690
463	0.050301
464	0.061042
465	0.073928
466	0.088848
467	0.105443
468	0.123310
469	0.142026
470	0.160758
471	0.178880
472	0.195978
473	0.211710
474	0.226567
475	0.241274
476	0.256321
477	0.272021
478	0.289117
479	0.308223
480	0.329744
481	0.353141
482	0.378318
483	0.404896
484	0.431947
485	0.459212
486	0.486896
487	0.514516
488	0.541510
489	0.568860
490	0.596927
491	0.626690
492	0.658561
493	0.692494
494	0.728389
495	0.767117
496	0.808966
497	0.852644
498	0.895600
499	0.939646
500	0.982029
501	1.021121
502	1.056269
503	1.088512
504	1.121258
505	1.154946
506	1.192171
507	1.234218
508	1.281967
509	1.335415
510	1.395673
511	1.461901
512	1.532836
513	1.606211
514	1.678946
515	1.747844
516	1.813337
517	1.873834
518	1.928298
519	1.975467
520	2.015778
521	2.051057
522	2.085511
523	2.119407
524	2.153244
525	2.186217
526	2.218004
527	2.247521
528	2.276669
529	2.304245
530	2.327407
531	2.346062
532	2.361419
533	2.370937
534	2.376780
535	2.378910
536	2.376460
537	2.371774
538	2.364697
539	2.358232
540	2.350211
541	2.340822
542	2.332291
543	2.323831
544	2.313559
545	2.303458
546	2.292896
547	2.278819
548	2.261074
549	2.242385
550	2.224047
551	2.205112
552	2.188300
553	2.170774
554	2.152731
555	2.132092
556	2.111990
557	2.092383
558	2.076322
559	2.062045
560	2.050738
561	2.048295
562	2.060405
563	2.077267
564	2.084361
565	2.062985
566	2.012664
567	1.945071
568	1.880328
569	1.830585
570	1.803640
571	1.795101
572	1.794937
573	1.797256
574	1.801694
575	1.806096
576	1.811301
577	1.815573
578	1.821341
579	1.829411
580	1.838836
581	1.849446
582	1.861436
583	1.875473
584	1.890605
585	1.907366
586	1.926486
587	1.946130
588	1.965580
589	1.985870
590	2.006188
591	2.026333
592	2.046424
593	2.065844
594	2.085963
595	2.106627
596	2.127601
597	2.148682
598	2.170438
599	2.193338
600	2.214734
601	2.232984
602	2.248748
603	2.262229
604	2.271191
605	2.277827
606	2.284911
607	2.292583
608	2.303781
609	2.318359
610	2.339347
611	2.363127
612	2.390010
613	2.418217
614	2.447630
615	2.470872
616	2.483705
617	2.482349
618	2.465923
619	2.429339
620	2.374302
621	2.301901
622	2.212094
623	2.105547
624	1.988036
625	1.862446
626	1.732856
627	1.604595
628	1.479656
629	1.358423
630	1.240427
631	1.124859
632	1.010445
633	0.898590
634	0.790334
635	0.687398
636	0.591866
637	0.505112
638	0.428150
639	0.361039
640	0.304038
641	0.256427
642	0.217970
643	0.187376
644	0.163618
645	0.145264
646	0.130566
647	0.118233
648	0.107295
649	0.097187
650	0.087680
651	0.079169
652	0.072001
653	0.066212
654	0.061590
655	0.057908
656	0.054833
657	0.052079
658	0.049408
659	0.046716
660	0.044158
661	0.041950
662	0.039742
663	0.037534
664	0.035326
665	0.033119
666	0.030911
667	0.028703
668	0.026495
669	0.024287
670	0.022079
