# absorption spectrum of LED "06_180567"
# column 1: wavelength [nm]
# column 2: intensity in arbitrary units
350.0	0.000000
351.0	0.000000
352.0	0.000000
353.0	0.000000
354.0	0.000000
355.0	0.000000
356.0	0.000000
357.0	0.000000
358.0	0.000000
359.0	0.000000
360.0	0.000000
361.0	0.000000
362.0	0.000000
363.0	0.000000
364.0	0.000000
365.0	0.000000
366.0	0.000000
367.0	0.000000
368.0	0.000000
369.0	0.000000
370.0	0.000000
371.0	0.000000
372.0	0.000000
373.0	0.000000
374.0	0.000000
375.0	0.000000
376.0	0.000000
377.0	0.000000
378.0	0.000000
379.0	0.000000
380.0	0.000000
381.0	0.000000
382.0	0.000000
383.0	0.000000
384.0	0.000000
385.0	0.000000
386.0	0.000000
387.0	0.000000
388.0	0.000000
389.0	0.000000
390.0	0.000000
391.0	0.000000
392.0	0.000000
393.0	0.000000
394.0	0.000000
395.0	0.000000
396.0	0.000000
397.0	0.000000
398.0	0.000000
399.0	0.000000
400.0	0.000000
401.0	0.000000
402.0	0.000000
403.0	0.000000
404.0	0.000000
405.0	0.000000
406.0	0.000000
407.0	0.000000
408.0	0.000000
409.0	0.000000
410.0	0.000000
411.0	0.000000
412.0	0.000000
413.0	0.000000
414.0	0.000000
415.0	0.000000
416.0	0.000000
417.0	0.000000
418.0	0.000000
419.0	0.000000
420.0	0.000000
421.0	0.000000
422.0	0.000000
423.0	0.000000
424.0	0.000000
425.0	0.000000
426.0	0.000000
427.0	0.000000
428.0	0.000000
429.0	0.000000
430.0	0.000000
431.0	0.000000
432.0	0.000000
433.0	0.000000
434.0	0.000000
435.0	0.000000
436.0	0.000000
437.0	0.000000
438.0	0.000000
439.0	0.000000
440.0	0.000000
441.0	0.002201
442.0	0.004403
443.0	0.006603
444.0	0.008805
445.0	0.011006
446.0	0.013208
447.0	0.015408
448.0	0.017610
449.0	0.019811
450.0	0.022013
451.0	0.024213
452.0	0.026415
453.0	0.028616
454.0	0.031074
455.0	0.033807
456.0	0.036811
457.0	0.039993
458.0	0.043464
459.0	0.047220
460.0	0.051258
461.0	0.055585
462.0	0.060223
463.0	0.065112
464.0	0.070233
465.0	0.075558
466.0	0.081058
467.0	0.086697
468.0	0.092467
469.0	0.098212
470.0	0.104184
471.0	0.110726
472.0	0.117891
473.0	0.125434
474.0	0.132719
475.0	0.140277
476.0	0.148062
477.0	0.155859
478.0	0.163444
479.0	0.170664
480.0	0.177557
481.0	0.185013
482.0	0.192571
483.0	0.199885
484.0	0.206961
485.0	0.214375
486.0	0.222128
487.0	0.230207
488.0	0.239099
489.0	0.248706
490.0	0.258105
491.0	0.263550
492.0	0.268393
493.0	0.276790
494.0	0.287143
495.0	0.298503
496.0	0.310114
497.0	0.320165
498.0	0.328327
499.0	0.335377
500.0	0.341885
501.0	0.348523
502.0	0.356227
503.0	0.364901
504.0	0.374349
505.0	0.384837
506.0	0.396246
507.0	0.408037
508.0	0.418883
509.0	0.429091
510.0	0.438265
511.0	0.446322
512.0	0.453662
513.0	0.460994
514.0	0.467543
515.0	0.473519
516.0	0.479424
517.0	0.485812
518.0	0.492954
519.0	0.500546
520.0	0.508200
521.0	0.515513
522.0	0.521676
523.0	0.526757
524.0	0.531260
525.0	0.535291
526.0	0.538956
527.0	0.542361
528.0	0.545569
529.0	0.548827
530.0	0.552591
531.0	0.556211
532.0	0.558976
533.0	0.561516
534.0	0.564388
535.0	0.567818
536.0	0.571295
537.0	0.573973
538.0	0.576740
539.0	0.579167
540.0	0.581204
541.0	0.582995
542.0	0.584317
543.0	0.584950
544.0	0.586558
545.0	0.588113
546.0	0.588831
547.0	0.588435
548.0	0.588442
549.0	0.588976
550.0	0.589482
551.0	0.589628
552.0	0.589166
553.0	0.587861
554.0	0.584227
555.0	0.579487
556.0	0.573814
557.0	0.567330
558.0	0.560499
559.0	0.556017
560.0	0.550906
561.0	0.543584
562.0	0.534994
563.0	0.525950
564.0	0.516472
565.0	0.505411
566.0	0.491832
567.0	0.478324
568.0	0.464520
569.0	0.449722
570.0	0.434112
571.0	0.418282
572.0	0.401068
573.0	0.382155
574.0	0.361250
575.0	0.337951
576.0	0.311745
577.0	0.284635
578.0	0.257941
579.0	0.231795
580.0	0.206201
581.0	0.181388
582.0	0.157928
583.0	0.136305
584.0	0.116683
585.0	0.099365
586.0	0.084473
587.0	0.071790
588.0	0.060995
589.0	0.051946
590.0	0.044460
591.0	0.038258
592.0	0.033027
593.0	0.028482
594.0	0.024498
595.0	0.021014
596.0	0.017989
597.0	0.015388
598.0	0.013177
599.0	0.011309
600.0	0.009753
601.0	0.008461
602.0	0.007385
603.0	0.006485
604.0	0.005730
605.0	0.005070
606.0	0.004478
607.0	0.003943
608.0	0.003459
609.0	0.003028
610.0	0.002653
611.0	0.002324
612.0	0.002032
613.0	0.001780
614.0	0.001582
615.0	0.001384
616.0	0.001187
617.0	0.000989
618.0	0.000791
619.0	0.000593
620.0	0.000396
621.0	0.000197
622.0	0.000000
623.0	0.000000
624.0	0.000000
625.0	0.000000
626.0	0.000000
627.0	0.000000
628.0	0.000000
629.0	0.000000
630.0	0.000000
631.0	0.000000
632.0	0.000000
633.0	0.000000
634.0	0.000000
635.0	0.000000
636.0	0.000000
637.0	0.000000
638.0	0.000000
639.0	0.000000
640.0	0.000000
641.0	0.000000
642.0	0.000000
643.0	0.000000
644.0	0.000000
645.0	0.000000
646.0	0.000000
647.0	0.000000
648.0	0.000000
649.0	0.000000
650.0	0.000000
651.0	0.000000
652.0	0.000000
653.0	0.000000
654.0	0.000000
655.0	0.000000
656.0	0.000000
657.0	0.000000
658.0	0.000000
659.0	0.000000
660.0	0.000000
661.0	0.000000
662.0	0.000000
663.0	0.000000
664.0	0.000000
665.0	0.000000
666.0	0.000000
667.0	0.000000
668.0	0.000000
669.0	0.000000
670.0	0.000000
671.0	0.000000
672.0	0.000000
673.0	0.000000
674.0	0.000000
675.0	0.000000
676.0	0.000000
677.0	0.000000
678.0	0.000000
679.0	0.000000
680.0	0.000000
681.0	0.000000
682.0	0.000000
683.0	0.000000
684.0	0.000000
685.0	0.000000
686.0	0.000000
687.0	0.000000
688.0	0.000000
689.0	0.000000
690.0	0.000000
691.0	0.000000
692.0	0.000000
693.0	0.000000
694.0	0.000000
695.0	0.000000
696.0	0.000000
697.0	0.000000
698.0	0.000000
699.0	0.000000
700.0	0.000000
701.0	0.000000
702.0	0.000000
703.0	0.000000
704.0	0.000000
705.0	0.000000
706.0	0.000000
707.0	0.000000
708.0	0.000000
709.0	0.000000
710.0	0.000000
711.0	0.000000
712.0	0.000000
713.0	0.000000
714.0	0.000000
715.0	0.000000
716.0	0.000000
717.0	0.000000
718.0	0.000000
719.0	0.000000
720.0	0.000000
721.0	0.000000
722.0	0.000000
723.0	0.000000
724.0	0.000000
725.0	0.000000
726.0	0.000000
727.0	0.000000
728.0	0.000000
729.0	0.000000
730.0	0.000000
731.0	0.000000
732.0	0.000000
733.0	0.000000
734.0	0.000000
735.0	0.000000
736.0	0.000000
737.0	0.000000
738.0	0.000000
739.0	0.000000
740.0	0.000000
741.0	0.000000
742.0	0.000000
743.0	0.000000
744.0	0.000000
745.0	0.000000
746.0	0.000000
747.0	0.000000
748.0	0.000000
749.0	0.000000
750.0	0.000000