# absorption spectrum of LED "13_smc680"
# column 1: wavelength [nm]
# column 2: intensity in arbitrary units
350.0	0.000000
351.0	0.000000
352.0	0.000000
353.0	0.000000
354.0	0.000000
355.0	0.000000
356.0	0.000000
357.0	0.000000
358.0	0.000000
359.0	0.000000
360.0	0.000000
361.0	0.000000
362.0	0.000000
363.0	0.000000
364.0	0.000000
365.0	0.000000
366.0	0.000000
367.0	0.000000
368.0	0.000000
369.0	0.000000
370.0	0.000000
371.0	0.000000
372.0	0.000000
373.0	0.000000
374.0	0.000000
375.0	0.000000
376.0	0.000000
377.0	0.000000
378.0	0.000000
379.0	0.000000
380.0	0.000000
381.0	0.000000
382.0	0.000000
383.0	0.000000
384.0	0.000000
385.0	0.000000
386.0	0.000000
387.0	0.000000
388.0	0.000000
389.0	0.000000
390.0	0.000000
391.0	0.000000
392.0	0.000000
393.0	0.000000
394.0	0.000000
395.0	0.000000
396.0	0.000000
397.0	0.000000
398.0	0.000000
399.0	0.000000
400.0	0.000000
401.0	0.000000
402.0	0.000000
403.0	0.000000
404.0	0.000000
405.0	0.000000
406.0	0.000000
407.0	0.000000
408.0	0.000000
409.0	0.000000
410.0	0.000000
411.0	0.000000
412.0	0.000000
413.0	0.000000
414.0	0.000000
415.0	0.000000
416.0	0.000000
417.0	0.000000
418.0	0.000000
419.0	0.000000
420.0	0.000000
421.0	0.000000
422.0	0.000000
423.0	0.000000
424.0	0.000000
425.0	0.000000
426.0	0.000000
427.0	0.000000
428.0	0.000000
429.0	0.000000
430.0	0.000000
431.0	0.000000
432.0	0.000000
433.0	0.000000
434.0	0.000000
435.0	0.000000
436.0	0.000000
437.0	0.000000
438.0	0.000000
439.0	0.000000
440.0	0.000000
441.0	0.000000
442.0	0.000000
443.0	0.000000
444.0	0.000000
445.0	0.000000
446.0	0.000000
447.0	0.000000
448.0	0.000000
449.0	0.000000
450.0	0.000000
451.0	0.000000
452.0	0.000000
453.0	0.000000
454.0	0.000000
455.0	0.000000
456.0	0.000000
457.0	0.000000
458.0	0.000000
459.0	0.000000
460.0	0.000000
461.0	0.000000
462.0	0.000000
463.0	0.000000
464.0	0.000000
465.0	0.000000
466.0	0.000000
467.0	0.000000
468.0	0.000000
469.0	0.000000
470.0	0.000000
471.0	0.000000
472.0	0.000000
473.0	0.000000
474.0	0.000000
475.0	0.000000
476.0	0.000000
477.0	0.000000
478.0	0.000000
479.0	0.000000
480.0	0.000000
481.0	0.000000
482.0	0.000000
483.0	0.000000
484.0	0.000000
485.0	0.000000
486.0	0.000000
487.0	0.000000
488.0	0.000000
489.0	0.000000
490.0	0.000000
491.0	0.000000
492.0	0.000000
493.0	0.000000
494.0	0.000000
495.0	0.000000
496.0	0.000000
497.0	0.000000
498.0	0.000000
499.0	0.000000
500.0	0.000000
501.0	0.000000
502.0	0.000000
503.0	0.000000
504.0	0.000000
505.0	0.000000
506.0	0.000000
507.0	0.000000
508.0	0.000000
509.0	0.000000
510.0	0.000000
511.0	0.000000
512.0	0.000000
513.0	0.000000
514.0	0.000000
515.0	0.000000
516.0	0.000000
517.0	0.000000
518.0	0.000000
519.0	0.000000
520.0	0.000000
521.0	0.000000
522.0	0.000000
523.0	0.000000
524.0	0.000000
525.0	0.000000
526.0	0.000000
527.0	0.000000
528.0	0.000000
529.0	0.000000
530.0	0.000000
531.0	0.000000
532.0	0.000000
533.0	0.000000
534.0	0.000000
535.0	0.000000
536.0	0.000000
537.0	0.000000
538.0	0.000000
539.0	0.000000
540.0	0.000000
541.0	0.000000
542.0	0.000000
543.0	0.000000
544.0	0.000000
545.0	0.000000
546.0	0.000000
547.0	0.000000
548.0	0.000000
549.0	0.000000
550.0	0.000000
551.0	0.000000
552.0	0.000000
553.0	0.000000
554.0	0.000000
555.0	0.000000
556.0	0.000000
557.0	0.000000
558.0	0.000000
559.0	0.000000
560.0	0.000000
561.0	0.000000
562.0	0.000000
563.0	0.000000
564.0	0.000000
565.0	0.000000
566.0	0.000000
567.0	0.000000
568.0	0.000000
569.0	0.000000
570.0	0.000000
571.0	0.000000
572.0	0.000000
573.0	0.000000
574.0	0.000000
575.0	0.000000
576.0	0.000000
577.0	0.000000
578.0	0.000000
579.0	0.000000
580.0	0.000000
581.0	0.000000
582.0	0.000000
583.0	0.000000
584.0	0.000000
585.0	0.000000
586.0	0.000000
587.0	0.000000
588.0	0.000000
589.0	0.000000
590.0	0.000000
591.0	0.000000
592.0	0.000000
593.0	0.000000
594.0	0.000000
595.0	0.000229
596.0	0.000459
597.0	0.000688
598.0	0.000918
599.0	0.001147
600.0	0.001377
601.0	0.001606
602.0	0.001836
603.0	0.002065
604.0	0.002295
605.0	0.002524
606.0	0.002754
607.0	0.002983
608.0	0.003213
609.0	0.003445
610.0	0.003710
611.0	0.004000
612.0	0.004325
613.0	0.004706
614.0	0.005168
615.0	0.005730
616.0	0.006411
617.0	0.007217
618.0	0.008172
619.0	0.009299
620.0	0.010614
621.0	0.012117
622.0	0.013827
623.0	0.015779
624.0	0.018014
625.0	0.020553
626.0	0.023405
627.0	0.026611
628.0	0.030166
629.0	0.034048
630.0	0.038323
631.0	0.043070
632.0	0.048345
633.0	0.054201
634.0	0.060692
635.0	0.067873
636.0	0.075845
637.0	0.084651
638.0	0.094154
639.0	0.104207
640.0	0.114851
641.0	0.125951
642.0	0.137455
643.0	0.149393
644.0	0.161661
645.0	0.174151
646.0	0.187075
647.0	0.200195
648.0	0.213106
649.0	0.225380
650.0	0.237200
651.0	0.248827
652.0	0.259831
653.0	0.269765
654.0	0.278359
655.0	0.285873
656.0	0.292278
657.0	0.297754
658.0	0.302376
659.0	0.306368
660.0	0.310070
661.0	0.313632
662.0	0.317032
663.0	0.320606
664.0	0.324078
665.0	0.326913
666.0	0.328491
667.0	0.329628
668.0	0.330430
669.0	0.331001
670.0	0.331688
671.0	0.332774
672.0	0.333843
673.0	0.334378
674.0	0.334437
675.0	0.333922
676.0	0.333133
677.0	0.332198
678.0	0.330994
679.0	0.329373
680.0	0.326983
681.0	0.323776
682.0	0.319710
683.0	0.314623
684.0	0.308374
685.0	0.301208
686.0	0.293020
687.0	0.283726
688.0	0.273339
689.0	0.262123
690.0	0.250158
691.0	0.237530
692.0	0.224259
693.0	0.210460
694.0	0.196310
695.0	0.181914
696.0	0.167376
697.0	0.152802
698.0	0.138297
699.0	0.124082
700.0	0.110512
701.0	0.097369
702.0	0.084566
703.0	0.072534
704.0	0.061506
705.0	0.051592
706.0	0.042777
707.0	0.035022
708.0	0.028292
709.0	0.022585
710.0	0.017828
711.0	0.013900
712.0	0.010702
713.0	0.008182
714.0	0.006250
715.0	0.004821
716.0	0.003804
717.0	0.002853
718.0	0.001902
719.0	0.000951
720.0	0.000000
721.0	0.000000
722.0	0.000000
723.0	0.000000
724.0	0.000000
725.0	0.000000
726.0	0.000000
727.0	0.000000
728.0	0.000000
729.0	0.000000
730.0	0.000000
731.0	0.000000
732.0	0.000000
733.0	0.000000
734.0	0.000000
735.0	0.000000
736.0	0.000000
737.0	0.000000
738.0	0.000000
739.0	0.000000
740.0	0.000000
741.0	0.000000
742.0	0.000000
743.0	0.000000
744.0	0.000000
745.0	0.000000
746.0	0.000000
747.0	0.000000
748.0	0.000000
749.0	0.000000
750.0	0.000000