MIN=0	0	0	0	
MAX=80	300	300	25	
SCALE=10	100	100	10	
DEC=2	0	0	2	
DEF="Zeit" t / s	"Ereignisse" N_A1	"Ereignisse" N_B1	"Frequenz" f / Hz	
0	0	0	NAN	
0,02	0	0	NAN	
0,04	0	0	NAN	
0,06	0	0	NAN	
0,08	0	0	NAN	
0,1	0	0	NAN	
0,12	0	0	NAN	
0,14	0	0	NAN	
0,16	0	0	NAN	
0,18	0	0	NAN	
0,2	0	0	NAN	
0,22	0	0	NAN	
0,24	0	0	NAN	
0,26	0	0	NAN	
0,28	0	0	NAN	
0,3	0	0	NAN	
0,32	0	0	NAN	
0,34	0	0	NAN	
0,36	0	0	NAN	
0,38	0	0	NAN	
0,4	0	0	NAN	
0,42	0	0	NAN	
0,44	0	0	NAN	
0,46	0	0	NAN	
0,48	0	0	NAN	
0,5	0	0	NAN	
0,52	0	0	NAN	
0,54	0	0	NAN	
0,56	0	0	NAN	
0,58	0	0	NAN	
0,6	0	0	NAN	
0,62	0	0	NAN	
0,64	0	0	NAN	
0,66	0	0	NAN	
0,68	0	0	NAN	
0,7	0	0	NAN	
0,721	0	0	NAN	
0,74	0	0	NAN	
0,76	0	0	NAN	
0,78	0	0	NAN	
0,8	0	0	NAN	
0,82	0	0	NAN	
0,84	0	0	NAN	
0,86	0	0	NAN	
0,88	0	0	NAN	
0,9	0	0	NAN	
0,92	0	0	NAN	
0,94	0	0	NAN	
0,96	0	0	NAN	
0,98	0	0	NAN	
1	0	0	NAN	
1,02	0	0	NAN	
1,051	0	0	NAN	
1,103	0	0	NAN	
1,123	0	0	NAN	
1,137	0	0	NAN	
1,152	0	0	NAN	
1,167	0	0	NAN	
1,184	0	0	NAN	
1,2	0	0	NAN	
1,214	0	0	NAN	
1,23	0	0	NAN	
1,246	0	0	NAN	
1,261	0	0	NAN	
1,28	0	0	NAN	
1,3	0	0	NAN	
1,32	0	0	NAN	
1,34	0	0	NAN	
1,36	0	0	NAN	
1,38	0	0	NAN	
1,4	0	0	NAN	
1,42	0	0	NAN	
1,44	0	0	NAN	
1,46	0	0	NAN	
1,48	0	0	NAN	
1,5	0	0	NAN	
1,52	0	0	NAN	
1,54	0	0	NAN	
1,56	0	0	NAN	
1,58	0	0	NAN	
1,6	0	0	NAN	
1,62	0	0	NAN	
1,64	0	0	NAN	
1,66	0	0	NAN	
1,68	0	0	NAN	
1,7	0	0	NAN	
1,72	0	0	NAN	
1,74	0	0	NAN	
1,76	0	0	NAN	
1,78	0	0	NAN	
1,8	0	0	NAN	
1,82	0	0	NAN	
1,84	0	0	NAN	
1,86	0	0	NAN	
1,88	0	0	NAN	
1,9	0	0	NAN	
1,92	0	0	NAN	
1,94	0	0	NAN	
1,96	0	0	NAN	
1,98	0	0	NAN	
2	0	0	NAN	
2,02	0	0	NAN	
2,04	0	0	NAN	
2,06	0	0	NAN	
2,08	0	0	NAN	
2,1	0	0	NAN	
2,12	0	0	NAN	
2,14	0	0	NAN	
2,16	0	0	NAN	
2,18	0	0	NAN	
2,2	0	0	NAN	
2,22	0	0	NAN	
2,24	0	0	NAN	
2,26	0	0	NAN	
2,28	0	0	NAN	
2,3	0	0	NAN	
2,32	0	0	NAN	
2,34	0	0	NAN	
2,36	0	0	NAN	
2,38	0	0	NAN	
2,4	0	0	NAN	
2,42	0	0	NAN	
2,44	0	0	NAN	
2,46	0	0	NAN	
2,48	0	0	NAN	
2,5	0	0	NAN	
2,52	0	0	NAN	
2,54	0	0	NAN	
2,56	0	0	NAN	
2,58	0	0	NAN	
2,6	0	0	NAN	
2,62	0	0	NAN	
2,64	0	0	NAN	
2,66	0	0	NAN	
2,68	0	0	NAN	
2,7	0	0	NAN	
2,72	0	0	NAN	
2,74	0	0	NAN	
2,76	0	0	NAN	
2,78	0	0	NAN	
2,8	0	0	NAN	
2,82	0	0	NAN	
2,84	0	0	NAN	
2,86	0	0	NAN	
2,88	0	0	NAN	
2,9	0	0	NAN	
2,92	0	0	NAN	
2,94	0	0	NAN	
2,96	0	0	NAN	
2,98	0	0	NAN	
3	0	0	NAN	
3,02	0	0	NAN	
3,04	0	0	NAN	
3,06	0	0	NAN	
3,08	0	0	NAN	
3,1	0	0	NAN	
3,12	0	0	NAN	
3,14	0	0	NAN	
3,16	0	0	NAN	
3,18	0	0	NAN	
3,2	0	0	NAN	
3,22	0	0	NAN	
3,24	0	0	NAN	
3,26	0	0	NAN	
3,28	0	0	NAN	
3,3	0	0	NAN	
3,32	0	0	NAN	
3,34	0	0	NAN	
3,36	0	0	NAN	
3,38	0	0	NAN	
3,4	0	0	NAN	
3,42	0	0	NAN	
3,44	0	0	NAN	
3,46	0	0	NAN	
3,48	0	0	NAN	
3,5	0	0	NAN	
3,52	0	0	NAN	
3,54	0	0	NAN	
3,56	0	0	NAN	
3,58	0	0	NAN	
3,6	0	0	NAN	
3,62	0	0	NAN	
3,64	0	0	NAN	
3,66	0	0	NAN	
3,68	0	0	NAN	
3,7	0	0	NAN	
3,72	0	0	NAN	
3,74	0	0	NAN	
3,76	0	0	NAN	
3,78	0	0	NAN	
3,8	0	0	NAN	
3,82	0	0	NAN	
3,84	0	0	NAN	
3,86	0	0	NAN	
3,88	0	0	NAN	
3,9	0	0	NAN	
3,92	0	0	NAN	
3,94	0	0	NAN	
3,96	0	0	NAN	
3,98	0	0	NAN	
4	0	0	NAN	
4,02	0	0	NAN	
4,04	0	0	NAN	
4,06	0	0	NAN	
4,08	0	0	NAN	
4,1	0	0	NAN	
4,12	0	0	NAN	
4,14	0	0	NAN	
4,16	0	0	NAN	
4,18	0	0	NAN	
4,2	0	0	NAN	
4,22	0	0	NAN	
4,24	0	0	NAN	
4,26	0	0	NAN	
4,28	0	0	NAN	
4,3	0	0	NAN	
4,32	0	0	NAN	
4,34	0	0	NAN	
4,36	0	0	NAN	
4,38	0	0	NAN	
4,4	0	0	NAN	
4,42	0	0	NAN	
4,44	0	0	NAN	
4,46	0	0	NAN	
4,48	0	0	NAN	
4,5	0	0	NAN	
4,52	0	0	NAN	
4,54	0	0	NAN	
4,56	0	0	NAN	
4,58	0	0	NAN	
4,6	0	0	NAN	
4,62	0	0	NAN	
4,64	0	0	NAN	
4,66	0	0	NAN	
4,68	0	0	NAN	
4,7	0	0	NAN	
4,72	0	0	NAN	
4,74	0	0	NAN	
4,76	0	0	NAN	
4,78	0	0	NAN	
4,8	0	0	NAN	
4,82	0	0	NAN	
4,84	0	0	NAN	
4,86	0	0	NAN	
4,88	0	0	NAN	
4,9	0	0	NAN	
4,92	0	0	NAN	
4,94	0	0	NAN	
4,96	0	0	NAN	
4,98	0	0	NAN	
5	0	0	NAN	
5,02	0	0	NAN	
5,044	0	0	NAN	
5,064	0	0	NAN	
5,08	0	0	NAN	
5,1	0	0	NAN	
5,12	0	0	NAN	
5,14	0	0	NAN	
5,16	0	0	NAN	
5,18	0	0	NAN	
5,2	0	0	NAN	
5,22	0	0	NAN	
5,24	0	0	NAN	
5,26	0	0	NAN	
5,28	0	0	NAN	
5,3	0	0	NAN	
5,32	0	0	NAN	
5,34	0	0	NAN	
5,36	0	0	NAN	
5,38	0	0	NAN	
5,4	0	0	NAN	
5,42	0	0	NAN	
5,44	0	0	NAN	
5,46	0	0	NAN	
5,48	0	0	NAN	
5,5	0	0	NAN	
5,52	0	0	NAN	
5,54	0	0	NAN	
5,56	0	0	NAN	
5,58	0	0	NAN	
5,6	0	0	NAN	
5,62	0	0	NAN	
5,64	0	0	NAN	
5,66	0	0	NAN	
5,68	0	0	NAN	
5,7	0	0	NAN	
5,72	0	0	NAN	
5,74	0	0	NAN	
5,76	0	0	NAN	
5,78	0	0	NAN	
5,8	0	0	NAN	
5,82	0	0	NAN	
5,84	0	0	NAN	
5,86	0	0	NAN	
5,88	0	0	NAN	
5,9	0	0	NAN	
5,92	0	0	NAN	
5,94	0	0	NAN	
5,96	0	0	NAN	
5,98	0	0	NAN	
6	0	0	NAN	
6,02	0	0	NAN	
6,04	0	0	NAN	
6,06	0	0	NAN	
6,08	0	0	NAN	
6,1	0	0	NAN	
6,12	0	0	NAN	
6,14	0	0	NAN	
6,16	0	0	NAN	
6,18	0	0	NAN	
6,2	0	0	NAN	
6,22	0	0	NAN	
6,24	0	0	NAN	
6,26	0	0	NAN	
6,28	0	0	NAN	
6,3	0	0	NAN	
6,32	0	0	NAN	
6,34	0	0	NAN	
6,36	0	0	NAN	
6,38	0	0	NAN	
6,4	0	0	NAN	
6,42	0	0	NAN	
6,44	0	0	NAN	
6,46	0	0	NAN	
6,48	0	0	NAN	
6,5	0	0	NAN	
6,52	0	0	NAN	
6,54	0	0	NAN	
6,56	0	0	NAN	
6,58	0	0	NAN	
6,6	0	0	NAN	
6,62	0	0	NAN	
6,64	0	0	NAN	
6,66	0	0	NAN	
6,68	0	0	NAN	
6,7	0	0	NAN	
6,72	0	0	NAN	
6,74	0	0	NAN	
6,76	0	0	NAN	
6,78	0	0	NAN	
6,8	0	0	NAN	
6,82	0	0	NAN	
6,84	0	0	NAN	
6,86	0	0	NAN	
6,88	0	0	NAN	
6,9	0	0	NAN	
6,92	0	0	NAN	
6,94	0	0	NAN	
6,96	0	0	NAN	
6,98	0	0	NAN	
7	0	0	NAN	
7,02	0	0	NAN	
7,04	0	0	NAN	
7,06	0	0	NAN	
7,08	0	0	NAN	
7,101	0	0	NAN	
7,12	0	0	NAN	
7,14	0	0	NAN	
7,16	0	0	NAN	
7,18	0	0	NAN	
7,2	0	0	NAN	
7,22	0	0	NAN	
7,24	0	0	NAN	
7,26	0	0	NAN	
7,28	0	0	NAN	
7,3	0	0	NAN	
7,32	0	0	NAN	
7,34	0	0	NAN	
7,36	0	0	NAN	
7,38	0	0	NAN	
7,4	0	0	NAN	
7,42	0	0	NAN	
7,44	0	0	NAN	
7,46	0	0	NAN	
7,48	0	0	NAN	
7,5	0	0	NAN	
7,52	0	0	NAN	
7,54	0	0	NAN	
7,56	0	0	NAN	
7,58	0	0	NAN	
7,6	0	0	NAN	
7,62	0	0	NAN	
7,64	0	0	NAN	
7,66	0	0	NAN	
7,68	0	0	NAN	
7,7	0	0	NAN	
7,72	0	0	NAN	
7,74	0	0	NAN	
7,76	0	0	NAN	
7,78	0	0	NAN	
7,8	0	0	NAN	
7,82	0	0	NAN	
7,84	0	0	NAN	
7,86	0	0	NAN	
7,88	0	0	NAN	
7,9	0	0	NAN	
7,92	0	0	NAN	
7,94	0	0	NAN	
7,96	0	0	NAN	
7,98	0	0	NAN	
8	0	0	NAN	
8,02	0	0	NAN	
8,04	0	0	NAN	
8,06	0	0	NAN	
8,08	0	0	NAN	
8,1	0	0	NAN	
8,12	0	0	NAN	
8,14	0	0	NAN	
8,16	0	0	NAN	
8,18	0	0	NAN	
8,2	0	0	NAN	
8,22	0	0	NAN	
8,24	0	0	NAN	
8,26	0	0	NAN	
8,28	0	0	NAN	
8,3	0	0	NAN	
8,32	0	0	NAN	
8,34	0	0	NAN	
8,36	0	0	NAN	
8,38	0	0	NAN	
8,4	0	0	NAN	
8,42	0	0	NAN	
8,44	0	0	NAN	
8,46	0	0	NAN	
8,48	0	0	NAN	
8,5	0	0	NAN	
8,52	0	0	NAN	
8,54	0	0	NAN	
8,56	0	0	NAN	
8,58	0	0	NAN	
8,6	0	0	NAN	
8,62	0	0	NAN	
8,64	0	0	NAN	
8,66	0	0	NAN	
8,68	0	0	NAN	
8,7	0	0	NAN	
8,72	0	0	NAN	
8,74	0	0	NAN	
8,76	0	0	NAN	
8,78	0	0	NAN	
8,8	0	0	NAN	
8,82	0	0	NAN	
8,84	0	0	NAN	
8,86	0	0	NAN	
8,88	0	0	NAN	
8,9	0	0	NAN	
8,92	0	0	NAN	
8,94	0	0	NAN	
8,96	0	0	NAN	
8,98	0	0	NAN	
9	0	0	NAN	
9,02	0	0	NAN	
9,04	0	0	NAN	
9,06	0	0	NAN	
9,08	0	0	NAN	
9,1	0	0	NAN	
9,12	0	0	NAN	
9,14	0	0	NAN	
9,16	0	0	NAN	
9,18	0	0	NAN	
9,2	0	0	NAN	
9,22	0	0	NAN	
9,24	0	0	NAN	
9,26	0	0	NAN	
9,28	0	0	NAN	
9,3	0	0	NAN	
9,32	0	0	NAN	
9,34	0	0	NAN	
9,36	0	0	NAN	
9,38	0	0	NAN	
9,4	0	0	NAN	
9,42	0	0	NAN	
9,44	0	0	NAN	
9,46	0	0	NAN	
9,48	0	0	NAN	
9,5	0	0	NAN	
9,52	0	0	NAN	
9,54	0	0	NAN	
9,56	0	0	NAN	
9,58	0	0	NAN	
9,6	0	0	NAN	
9,62	0	0	NAN	
9,64	0	0	NAN	
9,66	0	0	NAN	
9,68	0	0	NAN	
9,7	0	0	NAN	
9,72	0	0	NAN	
9,74	0	0	NAN	
9,76	0	0	NAN	
9,78	0	0	NAN	
9,8	0	0	NAN	
9,82	0	0	NAN	
9,84	0	0	NAN	
9,86	0	0	NAN	
9,88	0	0	NAN	
9,9	0	0	NAN	
9,92	0	0	NAN	
9,94	0	0	NAN	
9,96	0	0	NAN	
9,98	0	0	NAN	
10	0	0	NAN	
10,02	0	0	NAN	
10,043	0	0	NAN	
10,06	0	0	NAN	
10,08	0	0	NAN	
10,1	0	0	NAN	
10,12	0	0	NAN	
10,14	0	0	NAN	
10,16	0	0	NAN	
10,18	0	0	NAN	
10,2	0	0	NAN	
10,22	0	0	NAN	
10,24	0	0	NAN	
10,26	0	0	NAN	
10,28	0	0	NAN	
10,3	0	0	NAN	
10,32	0	0	NAN	
10,34	0	0	NAN	
10,36	0	0	NAN	
10,38	0	0	NAN	
10,4	0	0	NAN	
10,42	0	0	NAN	
10,44	0	0	NAN	
10,46	0	0	NAN	
10,48	0	0	NAN	
10,5	0	0	NAN	
10,52	0	0	NAN	
10,54	0	0	NAN	
10,56	0	0	NAN	
10,58	0	0	NAN	
10,6	0	0	NAN	
10,62	0	0	NAN	
10,64	0	0	NAN	
10,66	0	0	NAN	
10,68	0	0	NAN	
10,7	0	0	NAN	
10,72	0	0	NAN	
10,74	0	0	NAN	
10,76	0	0	NAN	
10,78	0	0	NAN	
10,8	0	0	NAN	
10,82	0	0	NAN	
10,84	0	0	NAN	
10,86	0	0	NAN	
10,88	0	0	NAN	
10,9	0	0	NAN	
10,92	0	0	NAN	
10,94	0	0	NAN	
10,96	0	0	NAN	
10,98	0	0	NAN	
11	0	0	NAN	
11,02	0	0	NAN	
11,04	0	0	NAN	
11,06	0	0	NAN	
11,08	0	0	NAN	
11,1	0	0	NAN	
11,12	0	0	NAN	
11,14	0	0	NAN	
11,16	0	0	NAN	
11,18	0	0	NAN	
11,2	0	0	NAN	
11,22	0	0	NAN	
11,24	0	0	NAN	
11,26	0	0	NAN	
11,28	0	0	NAN	
11,3	0	0	NAN	
11,32	0	0	NAN	
11,34	0	0	NAN	
11,36	0	0	NAN	
11,38	0	0	NAN	
11,4	0	0	NAN	
11,42	0	0	NAN	
11,44	0	0	NAN	
11,46	0	0	NAN	
11,48	0	0	NAN	
11,5	0	0	NAN	
11,52	0	0	NAN	
11,54	0	0	NAN	
11,56	0	0	NAN	
11,58	0	0	NAN	
11,6	0	0	NAN	
11,62	0	0	NAN	
11,64	0	0	NAN	
11,66	0	0	NAN	
11,68	0	0	NAN	
11,7	0	0	NAN	
11,72	0	0	NAN	
11,74	0	0	NAN	
11,76	0	0	NAN	
11,78	0	0	NAN	
11,8	0	0	NAN	
11,82	0	0	NAN	
11,84	0	0	NAN	
11,86	0	0	NAN	
11,88	0	0	NAN	
11,9	0	0	NAN	
11,92	0	0	NAN	
11,94	0	0	NAN	
11,96	0	0	NAN	
11,98	0	0	NAN	
12	0	0	NAN	
12,02	0	0	NAN	
12,04	0	0	NAN	
12,06	0	0	NAN	
12,08	0	0	NAN	
12,1	0	0	NAN	
12,12	0	0	NAN	
12,14	0	0	NAN	
12,16	0	0	NAN	
12,18	0	0	NAN	
12,2	0	0	NAN	
12,22	0	0	NAN	
12,24	0	0	NAN	
12,26	0	0	NAN	
12,28	0	0	NAN	
12,3	0	0	NAN	
12,32	0	0	NAN	
12,34	0	0	NAN	
12,36	0	0	NAN	
12,38	0	0	NAN	
12,4	0	0	NAN	
12,42	0	0	NAN	
12,44	0	0	NAN	
12,46	0	0	NAN	
12,48	0	0	NAN	
12,5	0	0	NAN	
12,52	0	0	NAN	
12,54	0	0	NAN	
12,56	0	0	NAN	
12,58	0	0	NAN	
12,6	0	0	NAN	
12,62	0	0	NAN	
12,64	0	0	NAN	
12,66	0	0	NAN	
12,68	0	0	NAN	
12,7	0	0	NAN	
12,72	0	0	NAN	
12,74	0	0	NAN	
12,76	0	0	NAN	
12,78	0	0	NAN	
12,8	0	0	NAN	
12,82	0	0	NAN	
12,84	0	0	NAN	
12,86	0	0	NAN	
12,88	0	0	NAN	
12,9	0	0	NAN	
12,92	0	0	NAN	
12,94	0	0	NAN	
12,96	0	0	NAN	
12,98	0	0	NAN	
13	0	0	NAN	
13,02	0	0	NAN	
13,04	0	0	NAN	
13,06	0	0	NAN	
13,08	0	0	NAN	
13,1	0	0	NAN	
13,12	0	0	NAN	
13,14	0	0	NAN	
13,16	0	0	NAN	
13,18	0	0	NAN	
13,2	0	0	NAN	
13,22	0	0	NAN	
13,24	0	0	NAN	
13,26	0	0	NAN	
13,28	0	0	NAN	
13,3	0	0	NAN	
13,32	0	0	NAN	
13,34	0	0	NAN	
13,36	0	0	NAN	
13,38	0	0	NAN	
13,4	0	0	NAN	
13,42	0	0	NAN	
13,44	0	0	NAN	
13,46	0	0	NAN	
13,48	0	0	NAN	
13,5	0	0	NAN	
13,52	0	0	NAN	
13,54	0	0	NAN	
13,56	0	0	NAN	
13,58	0	0	NAN	
13,6	0	0	NAN	
13,62	0	0	NAN	
13,64	0	0	NAN	
13,66	0	0	NAN	
13,68	0	0	NAN	
13,7	0	0	NAN	
13,72	0	0	NAN	
13,74	0	0	NAN	
13,76	0	0	NAN	
13,78	0	0	NAN	
13,8	0	0	NAN	
13,82	0	0	NAN	
13,84	0	0	NAN	
13,86	0	0	NAN	
13,88	0	0	NAN	
13,9	0	0	NAN	
13,92	0	0	NAN	
13,94	0	0	NAN	
13,96	0	0	NAN	
13,98	0	0	NAN	
14	0	0	NAN	
14,02	0	0	NAN	
14,04	0	0	NAN	
14,06	0	0	NAN	
14,08	0	0	NAN	
14,1	0	0	NAN	
14,12	0	0	NAN	
14,14	0	0	NAN	
14,16	0	0	NAN	
14,18	0	0	NAN	
14,2	0	0	NAN	
14,22	0	0	NAN	
14,24	0	0	NAN	
14,26	0	0	NAN	
14,28	0	0	NAN	
14,3	0	0	NAN	
14,32	0	0	NAN	
14,34	0	0	NAN	
14,36	0	0	NAN	
14,38	0	0	NAN	
14,4	0	0	NAN	
14,42	0	0	NAN	
14,44	0	0	NAN	
14,46	0	0	NAN	
14,48	0	0	NAN	
14,5	0	0	NAN	
14,52	0	0	NAN	
14,54	0	0	NAN	
14,56	0	0	NAN	
14,58	0	0	NAN	
14,6	0	0	NAN	
14,62	0	0	NAN	
14,64	0	0	NAN	
14,66	0	0	NAN	
14,68	0	0	NAN	
14,7	0	0	NAN	
14,72	0	0	NAN	
14,74	0	0	NAN	
14,76	0	0	NAN	
14,78	0	0	NAN	
14,8	0	0	NAN	
14,82	0	0	NAN	
14,84	0	0	NAN	
14,86	0	0	NAN	
14,88	0	0	NAN	
14,9	0	0	NAN	
14,92	0	0	NAN	
14,94	0	0	NAN	
14,96	0	0	NAN	
14,98	0	0	NAN	
15	0	0	NAN	
15,02	0	0	NAN	
15,04	0	0	NAN	
15,06	0	0	NAN	
15,08	0	0	NAN	
15,1	0	0	NAN	
15,12	0	0	NAN	
15,14	0	0	NAN	
15,16	0	0	NAN	
15,18	0	0	NAN	
15,2	0	0	NAN	
15,22	0	0	NAN	
15,24	0	0	NAN	
15,26	0	0	NAN	
15,28	0	0	NAN	
15,3	0	0	NAN	
15,32	0	0	NAN	
15,34	0	0	NAN	
15,36	0	0	NAN	
15,38	0	0	NAN	
15,4	0	0	NAN	
15,42	0	0	NAN	
15,44	0	0	NAN	
15,46	0	0	NAN	
15,48	0	0	NAN	
15,5	0	0	NAN	
15,52	0	0	NAN	
15,54	0	0	NAN	
15,56	0	0	NAN	
15,58	0	0	NAN	
15,6	0	0	NAN	
15,62	0	0	NAN	
15,64	0	0	NAN	
15,66	0	0	NAN	
15,68	0	0	NAN	
15,7	0	0	NAN	
15,72	0	0	NAN	
15,74	0	0	NAN	
15,76	0	0	NAN	
15,78	0	0	NAN	
15,8	0	0	NAN	
15,82	0	0	NAN	
15,84	0	0	NAN	
15,86	0	0	NAN	
15,88	0	0	NAN	
15,9	0	0	NAN	
15,92	0	0	NAN	
15,94	0	0	NAN	
15,96	0	0	NAN	
15,98	0	0	NAN	
16	0	0	NAN	
16,02	0	0	NAN	
16,04	0	0	NAN	
16,06	0	0	NAN	
16,08	0	0	NAN	
16,1	0	0	NAN	
16,12	0	0	NAN	
16,14	0	0	NAN	
16,16	0	0	NAN	
16,18	0	0	NAN	
16,2	0	0	NAN	
16,22	0	0	NAN	
16,24	0	0	NAN	
16,26	0	0	NAN	
16,28	0	0	NAN	
16,3	0	0	NAN	
16,32	0	0	NAN	
16,34	0	0	NAN	
16,36	0	0	NAN	
16,38	0	0	NAN	
16,4	0	0	NAN	
16,42	0	0	NAN	
16,44	0	0	NAN	
16,46	0	0	NAN	
16,48	0	0	NAN	
16,5	0	0	NAN	
16,52	0	0	NAN	
16,54	0	0	NAN	
16,56	0	0	NAN	
16,58	0	0	NAN	
16,6	0	0	NAN	
16,62	0	0	NAN	
16,64	0	0	NAN	
16,66	0	0	NAN	
16,68	0	0	NAN	
16,7	0	0	NAN	
16,72	0	0	NAN	
16,74	0	0	NAN	
16,76	0	0	NAN	
16,78	0	0	NAN	
16,8	0	0	NAN	
16,82	0	0	NAN	
16,84	0	0	NAN	
16,86	0	0	NAN	
16,88	0	0	NAN	
16,9	0	0	NAN	
16,92	0	0	NAN	
16,94	0	0	NAN	
16,96	0	0	NAN	
16,98	0	0	NAN	
17	0	0	NAN	
17,02	0	0	NAN	
17,04	0	0	NAN	
17,061	0	0	NAN	
17,08	0	0	NAN	
17,1	0	0	NAN	
17,12	0	0	NAN	
17,14	0	0	NAN	
17,16	0	0	NAN	
17,18	0	0	NAN	
17,2	0	0	NAN	
17,22	0	0	NAN	
17,24	0	0	NAN	
17,261	0	0	NAN	
17,28	0	0	NAN	
17,3	0	0	NAN	
17,32	0	0	NAN	
17,34	0	0	NAN	
17,36	0	0	NAN	
17,38	0	0	NAN	
17,4	0	0	NAN	
17,42	0	0	NAN	
17,44	0	0	NAN	
17,46	0	0	NAN	
17,48	0	0	NAN	
17,5	0	0	NAN	
17,52	0	0	NAN	
17,54	0	0	NAN	
17,56	0	0	NAN	
17,58	0	0	NAN	
17,6	0	0	NAN	
17,62	1	0	NAN	
17,64	1	0	NAN	
17,66	1	0	NAN	
17,68	2	0	NAN	
17,7	2	0	NAN	
17,72	2	0	NAN	
17,74	3	0	NAN	
17,76	3	0	NAN	
17,78	3	0	NAN	
17,8	4	0	NAN	
17,82	4	0	NAN	
17,84	4	0	NAN	
17,861	4	0	NAN	
17,88	4	0	NAN	
17,9	4	0	NAN	
17,92	4	0	NAN	
17,94	4	0	NAN	
17,961	4	0	NAN	
17,98	4	0	NAN	
18	4	0	NAN	
18,02	4	0	NAN	
18,04	4	0	NAN	
18,06	4	0	NAN	
18,08	4	0	NAN	
18,1	4	0	NAN	
18,12	4	0	NAN	
18,14	4	0	NAN	
18,16	5	0	NAN	
18,18	5	0	NAN	
18,2	5	0	NAN	
18,22	5	0	NAN	
18,24	5	0	NAN	
18,261	6	0	NAN	
18,28	6	0	NAN	
18,3	6	0	NAN	
18,32	7	0	NAN	
18,34	7	0	NAN	
18,361	7	0	NAN	
18,39	8	0	NAN	
18,405	8	0	NAN	
18,422	8	0	NAN	
18,44	8	0	NAN	
18,461	9	0	NAN	
18,48	9	0	NAN	
18,5	9	0	NAN	
18,52	10	0	NAN	
18,54	10	0	NAN	
18,561	10	0	NAN	
18,58	10	0	NAN	
18,6	10	0	NAN	
18,62	11	0	NAN	
18,64	11	0	NAN	
18,661	11	0	NAN	
18,68	11	0	NAN	
18,7	12	0	NAN	
18,72	12	0	NAN	
18,74	12	0	NAN	
18,761	13	0	NAN	
18,78	13	0	NAN	
18,8	13	0	NAN	
18,82	14	0	NAN	
18,84	14	0	NAN	
18,86	14	0	NAN	
18,88	14	0	NAN	
18,9	15	0	NAN	
18,92	15	0	NAN	
18,94	15	0	NAN	
18,96	15	0	NAN	
18,98	15	0	NAN	
19	16	0	NAN	
19,02	16	0	NAN	
19,04	16	0	NAN	
19,06	16	0	NAN	
19,08	16	0	NAN	
19,1	16	0	NAN	
19,12	16	0	NAN	
19,14	17	0	NAN	
19,16	17	0	NAN	
19,18	17	0	NAN	
19,2	17	0	NAN	
19,22	17	0	NAN	
19,24	17	0	NAN	
19,26	17	0	NAN	
19,28	17	0	NAN	
19,3	17	0	NAN	
19,32	17	0	NAN	
19,34	17	0	NAN	
19,36	17	0	NAN	
19,38	17	0	NAN	
19,4	17	0	NAN	
19,42	17	0	NAN	
19,44	17	0	NAN	
19,46	18	0	NAN	
19,48	18	0	NAN	
19,5	18	0	NAN	
19,52	18	0	NAN	
19,54	18	0	NAN	
19,56	18	0	NAN	
19,58	18	0	NAN	
19,6	18	0	NAN	
19,62	18	0	NAN	
19,64	18	0	NAN	
19,661	18	0	NAN	
19,68	18	0	NAN	
19,7	18	0	NAN	
19,72	18	0	NAN	
19,74	18	0	NAN	
19,76	18	0	NAN	
19,78	18	0	NAN	
19,8	18	0	NAN	
19,82	18	0	NAN	
19,84	18	0	NAN	
19,86	18	0	NAN	
19,88	18	0	NAN	
19,9	18	0	NAN	
19,92	18	0	NAN	
19,94	18	0	NAN	
19,96	18	0	NAN	
19,98	18	0	NAN	
20	19	0	NAN	
20,02	19	0	NAN	
20,041	19	0	NAN	
20,06	19	0	NAN	
20,08	19	0	NAN	
20,1	19	0	NAN	
20,12	19	0	NAN	
20,14	19	0	NAN	
20,16	19	0	NAN	
20,18	20	0	NAN	
20,2	20	0	NAN	
20,22	20	0	NAN	
20,24	20	0	NAN	
20,26	20	0	NAN	
20,28	20	0	NAN	
20,3	20	0	NAN	
20,32	20	0	NAN	
20,34	20	0	NAN	
20,36	20	0	NAN	
20,38	20	0	NAN	
20,4	21	0	NAN	
20,42	21	0	NAN	
20,44	21	0	NAN	
20,46	21	0	NAN	
20,48	21	0	NAN	
20,5	22	0	NAN	
20,52	22	0	NAN	
20,54	22	0	NAN	
20,56	22	0	NAN	
20,58	23	0	NAN	
20,6	23	0	NAN	
20,62	23	0	NAN	
20,64	23	0	NAN	
20,661	24	0	NAN	
20,68	24	0	NAN	
20,7	24	0	NAN	
20,72	25	0	NAN	
20,74	25	0	NAN	
20,76	25	0	NAN	
20,78	26	0	NAN	
20,8	26	0	NAN	
20,82	26	0	NAN	
20,84	26	0	NAN	
20,86	27	0	NAN	
20,88	27	0	NAN	
20,9	27	0	NAN	
20,92	28	0	NAN	
20,94	28	0	NAN	
20,96	28	0	NAN	
20,98	29	0	NAN	
21	29	0	NAN	
21,02	29	0	NAN	
21,04	30	0	NAN	
21,06	30	0	NAN	
21,08	30	0	NAN	
21,1	30	0	NAN	
21,12	31	0	NAN	
21,14	31	0	NAN	
21,16	31	0	NAN	
21,18	32	0	NAN	
21,2	32	0	NAN	
21,22	32	0	NAN	
21,24	33	0	NAN	
21,26	33	0	NAN	
21,28	33	0	NAN	
21,3	34	0	NAN	
21,32	34	0	NAN	
21,34	34	0	NAN	
21,36	35	0	NAN	
21,38	35	0	NAN	
21,4	35	0	NAN	
21,42	36	0	NAN	
21,44	36	0	NAN	
21,46	36	0	NAN	
21,48	37	0	NAN	
21,5	37	0	NAN	
21,52	37	0	NAN	
21,54	38	0	NAN	
21,56	38	0	NAN	
21,58	39	0	NAN	
21,6	39	0	NAN	
21,62	39	0	NAN	
21,64	40	0	NAN	
21,661	40	0	NAN	
21,68	41	0	NAN	
21,7	41	0	NAN	
21,72	42	0	NAN	
21,74	42	0	NAN	
21,761	42	0	NAN	
21,78	43	0	NAN	
21,8	43	0	NAN	
21,82	44	0	NAN	
21,84	44	0	NAN	
21,86	45	0	NAN	
21,88	45	0	NAN	
21,9	46	0	NAN	
21,92	46	0	NAN	
21,94	46	0	NAN	
21,96	47	0	NAN	
21,98	47	0	NAN	
22	48	0	NAN	
22,02	48	0	NAN	
22,04	49	0	NAN	
22,06	49	0	NAN	
22,08	50	0	NAN	
22,1	50	0	NAN	
22,12	51	0	NAN	
22,14	51	0	NAN	
22,16	51	0	NAN	
22,18	52	0	NAN	
22,2	52	0	NAN	
22,22	53	0	NAN	
22,24	53	0	NAN	
22,26	54	0	NAN	
22,28	54	0	NAN	
22,3	55	0	NAN	
22,32	55	0	NAN	
22,34	56	0	NAN	
22,36	56	0	NAN	
22,38	57	0	NAN	
22,4	57	0	NAN	
22,42	58	0	NAN	
22,44	58	0	NAN	
22,46	59	0	NAN	
22,48	59	0	NAN	
22,5	60	0	NAN	
22,52	61	0	NAN	
22,54	61	0	NAN	
22,56	62	0	NAN	
22,58	62	0	NAN	
22,6	63	0	NAN	
22,62	63	0	NAN	
22,64	64	0	NAN	
22,66	64	0	NAN	
22,68	65	0	NAN	
22,7	66	0	NAN	
22,72	66	0	NAN	
22,74	67	0	NAN	
22,76	67	0	NAN	
22,78	68	0	NAN	
22,8	68	0	NAN	
22,82	69	0	NAN	
22,84	69	0	NAN	
22,86	70	0	NAN	
22,88	70	0	NAN	
22,9	71	0	NAN	
22,92	72	0	NAN	
22,94	72	0	NAN	
22,96	72	0	NAN	
22,98	73	0	NAN	
23	73	0	NAN	
23,02	74	0	NAN	
23,04	74	0	NAN	
23,06	74	0	NAN	
23,08	75	0	NAN	
23,1	75	0	NAN	
23,12	76	0	NAN	
23,14	76	0	NAN	
23,16	77	0	NAN	
23,18	77	0	NAN	
23,2	78	0	NAN	
23,22	78	0	NAN	
23,24	78	0	NAN	
23,26	79	0	NAN	
23,28	79	0	NAN	
23,3	80	0	NAN	
23,32	80	0	NAN	
23,34	81	0	NAN	
23,36	81	0	NAN	
23,38	82	0	NAN	
23,4	82	0	NAN	
23,42	83	0	NAN	
23,44	83	0	NAN	
23,46	84	0	NAN	
23,48	84	0	NAN	
23,5	85	0	NAN	
23,52	85	0	NAN	
23,54	85	0	NAN	
23,56	86	0	NAN	
23,58	86	0	NAN	
23,6	87	0	NAN	
23,62	87	0	NAN	
23,64	87	0	NAN	
23,66	88	0	NAN	
23,68	88	0	NAN	
23,7	88	0	NAN	
23,72	89	0	NAN	
23,74	89	0	NAN	
23,76	90	0	NAN	
23,78	90	0	NAN	
23,8	90	0	NAN	
23,82	90	0	NAN	
23,84	91	0	NAN	
23,86	91	0	NAN	
23,88	91	0	NAN	
23,9	91	0	NAN	
23,92	91	0	NAN	
23,94	92	0	NAN	
23,96	92	0	NAN	
23,98	92	0	NAN	
24	92	0	NAN	
24,02	92	0	NAN	
24,04	92	0	NAN	
24,06	92	0	NAN	
24,08	92	0	NAN	
24,1	93	0	NAN	
24,12	93	0	NAN	
24,14	93	0	NAN	
24,16	93	0	NAN	
24,18	93	0	NAN	
24,2	93	0	NAN	
24,22	93	0	NAN	
24,24	93	0	NAN	
24,26	93	0	NAN	
24,28	93	0	NAN	
24,3	94	0	NAN	
24,32	94	0	NAN	
24,34	94	0	NAN	
24,36	94	0	NAN	
24,38	94	0	NAN	
24,4	94	0	NAN	
24,42	94	0	NAN	
24,44	94	0	NAN	
24,46	94	0	NAN	
24,48	95	0	NAN	
24,5	95	0	NAN	
24,52	95	0	NAN	
24,54	95	0	NAN	
24,56	95	0	NAN	
24,58	95	0	NAN	
24,6	95	0	NAN	
24,62	96	0	NAN	
24,64	96	0	NAN	
24,66	96	0	NAN	
24,68	97	0	NAN	
24,7	97	0	NAN	
24,72	97	0	NAN	
24,74	97	0	NAN	
24,76	97	0	NAN	
24,78	98	0	NAN	
24,8	98	0	NAN	
24,82	98	0	NAN	
24,84	98	0	NAN	
24,86	99	0	NAN	
24,88	99	0	NAN	
24,9	99	0	NAN	
24,92	99	0	NAN	
24,94	100	0	NAN	
24,96	100	0	NAN	
24,98	100	0	NAN	
25	101	0	NAN	
25,02	101	0	NAN	
25,04	101	0	NAN	
25,06	101	0	NAN	
25,08	102	0	NAN	
25,1	102	0	NAN	
25,12	102	0	NAN	
25,14	102	0	NAN	
25,16	103	0	NAN	
25,18	103	0	NAN	
25,2	103	0	NAN	
25,22	103	0	NAN	
25,24	104	0	NAN	
25,26	104	0	NAN	
25,28	104	0	NAN	
25,3	104	0	NAN	
25,32	105	0	NAN	
25,34	105	0	NAN	
25,36	105	0	NAN	
25,38	105	0	NAN	
25,4	105	0	NAN	
25,42	106	0	NAN	
25,44	106	0	NAN	
25,46	106	0	NAN	
25,48	107	0	NAN	
25,5	107	0	NAN	
25,52	107	0	NAN	
25,54	107	0	NAN	
25,56	107	0	NAN	
25,58	108	0	NAN	
25,6	108	0	NAN	
25,62	108	0	NAN	
25,64	108	0	NAN	
25,66	109	0	NAN	
25,68	109	0	NAN	
25,7	109	0	NAN	
25,72	110	0	NAN	
25,74	110	0	NAN	
25,76	110	0	NAN	
25,78	111	0	NAN	
25,8	111	0	NAN	
25,82	111	0	NAN	
25,84	112	0	NAN	
25,86	112	0	NAN	
25,88	112	0	NAN	
25,9	113	0	NAN	
25,92	113	0	NAN	
25,94	114	0	NAN	
25,96	114	0	NAN	
25,98	115	0	NAN	
26	115	0	NAN	
26,02	115	0	NAN	
26,04	116	0	NAN	
26,06	116	0	NAN	
26,08	117	0	NAN	
26,1	117	0	NAN	
26,12	118	0	NAN	
26,14	118	0	NAN	
26,16	119	0	NAN	
26,18	119	0	NAN	
26,2	120	0	NAN	
26,22	120	0	NAN	
26,24	121	0	NAN	
26,26	121	0	NAN	
26,28	122	0	NAN	
26,3	122	0	NAN	
26,32	122	0	NAN	
26,34	123	0	NAN	
26,36	123	0	NAN	
26,38	124	0	NAN	
26,4	124	0	NAN	
26,42	125	0	NAN	
26,44	125	0	NAN	
26,46	126	0	NAN	
26,48	126	0	NAN	
26,5	126	0	NAN	
26,52	127	0	NAN	
26,54	127	0	NAN	
26,56	128	0	NAN	
26,58	128	0	NAN	
26,6	129	0	NAN	
26,62	129	0	NAN	
26,64	130	0	NAN	
26,66	130	0	NAN	
26,68	130	0	NAN	
26,7	131	0	NAN	
26,72	131	0	NAN	
26,74	132	0	NAN	
26,76	132	0	NAN	
26,78	133	0	NAN	
26,8	133	0	NAN	
26,82	134	0	NAN	
26,84	134	0	NAN	
26,86	135	0	NAN	
26,88	135	0	NAN	
26,9	136	0	NAN	
26,92	136	0	NAN	
26,94	137	0	NAN	
26,96	137	0	NAN	
26,98	138	0	NAN	
27	138	0	NAN	
27,02	139	0	NAN	
27,04	139	0	NAN	
27,06	140	0	NAN	
27,08	140	0	NAN	
27,1	140	0	NAN	
27,12	141	0	NAN	
27,14	141	0	NAN	
27,16	142	0	NAN	
27,18	142	0	NAN	
27,2	142	0	NAN	
27,22	143	0	NAN	
27,24	143	0	NAN	
27,26	143	0	NAN	
27,28	144	0	NAN	
27,3	144	0	NAN	
27,32	144	0	NAN	
27,34	145	0	NAN	
27,36	145	0	NAN	
27,38	145	0	NAN	
27,4	145	0	NAN	
27,42	146	0	NAN	
27,44	146	0	NAN	
27,46	146	0	NAN	
27,48	146	0	NAN	
27,5	146	0	NAN	
27,52	147	0	NAN	
27,54	147	0	NAN	
27,56	147	0	NAN	
27,58	147	0	NAN	
27,6	147	0	NAN	
27,62	148	0	NAN	
27,64	148	0	NAN	
27,66	148	0	NAN	
27,68	148	0	NAN	
27,7	148	0	NAN	
27,72	149	0	NAN	
27,74	149	0	NAN	
27,76	149	0	NAN	
27,78	150	0	NAN	
27,8	150	0	NAN	
27,82	150	0	NAN	
27,84	150	0	NAN	
27,86	150	0	NAN	
27,88	151	0	NAN	
27,9	151	0	NAN	
27,92	151	0	NAN	
27,94	151	0	NAN	
27,96	152	0	NAN	
27,98	152	0	NAN	
28	152	0	NAN	
28,02	152	0	NAN	
28,04	153	0	NAN	
28,06	153	0	NAN	
28,08	153	0	NAN	
28,1	153	0	NAN	
28,12	154	0	NAN	
28,14	154	0	NAN	
28,16	154	0	NAN	
28,18	154	0	NAN	
28,2	154	0	NAN	
28,22	155	0	NAN	
28,24	155	0	NAN	
28,26	155	0	NAN	
28,28	156	0	NAN	
28,3	156	0	NAN	
28,325	156	0	NAN	
28,344	156	0	NAN	
28,36	157	0	NAN	
28,38	157	0	NAN	
28,4	157	0	NAN	
28,42	157	0	NAN	
28,44	157	0	NAN	
28,46	157	0	NAN	
28,48	157	0	NAN	
28,5	158	0	NAN	
28,52	158	0	NAN	
28,54	158	0	NAN	
28,56	158	0	NAN	
28,58	158	0	NAN	
28,6	158	0	NAN	
28,62	159	0	NAN	
28,64	159	0	NAN	
28,66	159	0	NAN	
28,68	159	0	NAN	
28,7	159	0	NAN	
28,72	159	0	NAN	
28,74	159	0	NAN	
28,76	159	0	NAN	
28,78	159	0	NAN	
28,8	160	0	NAN	
28,82	160	0	NAN	
28,84	160	0	NAN	
28,86	160	0	NAN	
28,88	160	0	NAN	
28,9	160	0	NAN	
28,92	161	0	NAN	
28,94	161	0	NAN	
28,96	161	0	NAN	
28,98	161	0	NAN	
29	161	0	NAN	
29,02	161	0	NAN	
29,04	161	0	NAN	
29,06	162	0	NAN	
29,08	162	0	NAN	
29,1	162	0	NAN	
29,12	162	0	NAN	
29,14	162	0	NAN	
29,16	163	0	NAN	
29,18	163	0	NAN	
29,2	163	0	NAN	
29,22	164	0	NAN	
29,24	164	0	NAN	
29,26	164	0	NAN	
29,28	164	0	NAN	
29,3	165	0	NAN	
29,32	165	0	NAN	
29,34	165	0	NAN	
29,36	166	0	NAN	
29,38	166	0	NAN	
29,4	166	0	NAN	
29,42	167	0	NAN	
29,44	167	0	NAN	
29,46	168	0	NAN	
29,48	168	0	NAN	
29,5	169	0	NAN	
29,52	169	0	NAN	
29,54	169	0	NAN	
29,56	170	0	NAN	
29,58	170	0	NAN	
29,6	170	0	NAN	
29,62	171	0	NAN	
29,64	171	0	NAN	
29,66	172	0	NAN	
29,68	172	0	NAN	
29,7	173	0	NAN	
29,72	173	0	NAN	
29,74	173	0	NAN	
29,76	174	0	NAN	
29,78	174	0	NAN	
29,8	175	0	NAN	
29,82	175	0	NAN	
29,84	175	0	NAN	
29,86	176	0	NAN	
29,88	176	0	NAN	
29,9	177	0	NAN	
29,92	177	0	NAN	
29,94	178	0	NAN	
29,96	178	0	NAN	
29,98	178	0	NAN	
30	179	0	NAN	
30,02	179	0	NAN	
30,04	179	0	NAN	
30,06	180	0	NAN	
30,08	180	0	NAN	
30,1	181	0	NAN	
30,12	181	0	NAN	
30,14	181	0	NAN	
30,16	182	0	NAN	
30,18	182	0	NAN	
30,2	183	0	NAN	
30,22	183	0	NAN	
30,24	184	0	NAN	
30,26	184	0	NAN	
30,28	185	0	NAN	
30,3	185	0	NAN	
30,32	186	0	NAN	
30,34	186	0	NAN	
30,36	187	0	NAN	
30,38	187	0	NAN	
30,4	188	0	NAN	
30,42	188	0	NAN	
30,44	189	0	NAN	
30,46	189	0	NAN	
30,48	190	0	NAN	
30,5	190	0	NAN	
30,52	190	0	NAN	
30,54	191	0	NAN	
30,56	192	0	NAN	
30,58	192	0	NAN	
30,6	193	0	NAN	
30,62	193	0	NAN	
30,64	193	0	NAN	
30,66	194	0	NAN	
30,68	194	0	NAN	
30,7	195	0	NAN	
30,72	195	0	NAN	
30,74	196	0	NAN	
30,76	196	0	NAN	
30,78	197	0	NAN	
30,8	197	0	NAN	
30,82	197	0	NAN	
30,84	198	0	NAN	
30,86	198	0	NAN	
30,88	199	0	NAN	
30,9	199	0	NAN	
30,92	199	0	NAN	
30,94	200	0	NAN	
30,962	200	0	NAN	
30,98	200	0	NAN	
31	201	0	NAN	
31,02	201	0	NAN	
31,04	202	0	NAN	
31,06	202	0	NAN	
31,08	203	0	NAN	
31,105	203	0	NAN	
31,122	203	0	NAN	
31,14	204	0	NAN	
31,16	204	0	NAN	
31,18	205	0	NAN	
31,2	205	0	NAN	
31,22	205	0	NAN	
31,24	206	0	NAN	
31,26	206	0	NAN	
31,28	206	0	NAN	
31,3	207	0	NAN	
31,32	207	0	NAN	
31,34	208	0	NAN	
31,36	208	0	NAN	
31,38	209	0	NAN	
31,4	209	0	NAN	
31,42	209	0	NAN	
31,44	210	0	NAN	
31,46	210	0	NAN	
31,48	210	0	NAN	
31,5	211	0	NAN	
31,52	211	0	NAN	
31,54	211	0	NAN	
31,56	212	0	NAN	
31,58	212	0	NAN	
31,6	212	0	NAN	
31,62	213	0	NAN	
31,64	213	0	NAN	
31,66	213	0	NAN	
31,68	213	0	NAN	
31,7	214	0	NAN	
31,72	214	0	NAN	
31,74	214	0	NAN	
31,76	214	0	NAN	
31,78	214	0	NAN	
31,8	215	0	NAN	
31,82	215	0	NAN	
31,84	215	0	NAN	
31,86	215	0	NAN	
31,88	215	0	NAN	
31,9	215	0	NAN	
31,92	215	0	NAN	
31,94	216	0	NAN	
31,96	216	0	NAN	
31,98	216	0	NAN	
32	216	0	NAN	
32,02	216	0	NAN	
32,04	216	0	NAN	
32,06	216	0	NAN	
32,08	216	0	NAN	
32,1	216	0	NAN	
32,12	216	0	NAN	
32,14	216	0	NAN	
32,16	216	0	NAN	
32,18	217	0	NAN	
32,2	217	0	NAN	
32,22	217	0	NAN	
32,24	217	0	NAN	
32,26	217	0	NAN	
32,28	217	0	NAN	
32,3	217	0	NAN	
32,32	217	0	NAN	
32,34	218	0	NAN	
32,36	218	0	NAN	
32,38	218	0	NAN	
32,4	218	0	NAN	
32,42	218	0	NAN	
32,44	218	0	NAN	
32,46	218	0	NAN	
32,48	219	0	NAN	
32,5	219	0	NAN	
32,52	219	0	NAN	
32,54	219	0	NAN	
32,56	219	0	NAN	
32,58	220	0	NAN	
32,6	220	0	NAN	
32,62	220	0	NAN	
32,64	220	0	NAN	
32,66	221	0	NAN	
32,68	221	0	NAN	
32,7	221	0	NAN	
32,72	221	0	NAN	
32,74	222	0	NAN	
32,76	222	0	NAN	
32,78	222	0	NAN	
32,8	223	0	NAN	
32,82	223	0	NAN	
32,84	223	0	NAN	
32,86	223	0	NAN	
32,88	224	0	NAN	
32,9	224	0	NAN	
32,92	224	0	NAN	
32,94	225	0	NAN	
32,96	225	0	NAN	
32,98	225	0	NAN	
33	226	0	NAN	
33,02	226	0	NAN	
33,04	226	0	NAN	
33,06	226	0	NAN	
33,08	227	0	NAN	
33,1	227	0	NAN	
33,12	227	0	NAN	
33,14	227	0	NAN	
33,16	228	0	NAN	
33,18	228	0	NAN	
33,2	228	0	NAN	
33,22	229	0	NAN	
33,24	229	0	NAN	
33,26	229	0	NAN	
33,28	229	0	NAN	
33,3	230	0	NAN	
33,32	230	0	NAN	
33,34	230	0	NAN	
33,36	230	0	NAN	
33,38	231	0	NAN	
33,4	231	0	NAN	
33,42	231	0	NAN	
33,44	231	0	NAN	
33,46	232	0	NAN	
33,48	232	0	NAN	
33,5	232	0	NAN	
33,52	233	0	NAN	
33,54	233	0	NAN	
33,56	233	0	NAN	
33,58	234	0	NAN	
33,6	234	0	NAN	
33,62	234	0	NAN	
33,64	235	0	NAN	
33,66	235	0	NAN	
33,68	235	0	NAN	
33,7	236	0	NAN	
33,72	236	0	NAN	
33,74	236	0	NAN	
33,76	237	0	NAN	
33,78	237	0	NAN	
33,8	238	0	NAN	
33,82	238	0	NAN	
33,84	239	0	NAN	
33,86	239	0	NAN	
33,88	239	0	NAN	
33,9	240	0	NAN	
33,92	241	0	NAN	
33,94	241	0	NAN	
33,96	241	0	NAN	
33,98	242	0	NAN	
34	242	0	NAN	
34,02	243	0	NAN	
34,04	243	0	NAN	
34,06	244	0	NAN	
34,08	244	0	NAN	
34,1	244	0	NAN	
34,12	245	0	NAN	
34,14	245	0	NAN	
34,16	246	0	NAN	
34,18	246	0	NAN	
34,2	247	0	NAN	
34,22	247	0	NAN	
34,24	247	0	NAN	
34,26	248	0	NAN	
34,28	248	0	NAN	
34,3	249	0	NAN	
34,32	249	0	NAN	
34,34	249	0	NAN	
34,36	250	0	NAN	
34,38	250	0	NAN	
34,4	251	0	NAN	
34,42	251	0	NAN	
34,44	251	0	NAN	
34,46	252	0	NAN	
34,48	252	0	NAN	
34,5	253	0	NAN	
34,52	253	0	NAN	
34,54	253	0	NAN	
34,56	254	0	NAN	
34,58	254	0	NAN	
34,6	254	0	NAN	
34,62	255	0	NAN	
34,64	255	0	NAN	
34,66	256	0	NAN	
34,68	256	0	NAN	
34,7	257	0	NAN	
34,72	257	0	NAN	
34,74	258	0	NAN	
34,76	258	0	NAN	
34,78	258	0	NAN	
34,8	259	0	NAN	
34,82	259	0	NAN	
34,84	260	0	NAN	
34,86	260	0	NAN	
34,88	261	0	NAN	
34,9	261	0	NAN	
34,92	261	0	NAN	
34,94	262	0	NAN	
34,96	262	0	NAN	
34,98	263	0	NAN	
35	263	0	NAN	
35,02	263	0	NAN	
35,04	264	0	NAN	
35,06	264	0	NAN	
35,08	265	0	NAN	
35,1	265	0	NAN	
35,12	265	0	NAN	
35,14	266	0	NAN	
35,16	266	0	NAN	
35,18	267	0	NAN	
35,2	267	0	NAN	
35,22	267	0	NAN	
35,24	268	0	NAN	
35,26	268	0	NAN	
35,28	268	0	NAN	
35,3	268	0	NAN	
35,32	269	0	NAN	
35,34	269	0	NAN	
35,36	269	0	NAN	
35,38	270	0	NAN	
35,4	270	0	NAN	
35,42	270	0	NAN	
35,44	270	0	NAN	
35,46	271	0	NAN	
35,48	271	0	NAN	
35,5	271	0	NAN	
35,52	272	0	NAN	
35,54	272	0	NAN	
35,56	272	0	NAN	
35,58	272	0	NAN	
35,6	273	0	NAN	
35,62	273	0	NAN	
35,64	273	0	NAN	
35,66	273	0	NAN	
35,68	274	0	NAN	
35,7	274	0	NAN	
35,72	274	0	NAN	
35,74	274	0	NAN	
35,76	275	0	NAN	
35,78	275	0	NAN	
35,8	275	0	NAN	
35,82	276	0	NAN	
35,84	276	0	NAN	
35,86	277	0	NAN	
35,88	277	0	NAN	
35,9	277	0	NAN	
35,92	278	0	NAN	
35,94	278	0	NAN	
35,96	278	0	NAN	
35,98	278	0	NAN	
36	279	0	NAN	
36,02	279	0	NAN	
36,04	279	0	NAN	
36,06	280	0	NAN	
36,08	280	0	NAN	
36,1	280	0	NAN	
36,12	280	0	NAN	
36,14	281	0	NAN	
36,16	281	0	NAN	
36,18	281	0	NAN	
36,2	282	0	NAN	
36,22	282	0	NAN	
36,24	282	0	NAN	
36,26	282	0	NAN	
36,28	283	0	NAN	
36,3	283	0	NAN	
36,32	283	0	NAN	
36,34	283	0	NAN	
36,36	283	0	NAN	
36,38	283	0	NAN	
36,4	284	0	NAN	
36,42	284	0	NAN	
36,44	284	0	NAN	
36,46	284	0	NAN	
36,48	284	0	NAN	
36,5	284	0	NAN	
36,52	285	0	NAN	
36,54	285	0	NAN	
36,56	285	0	NAN	
36,58	285	0	NAN	
36,6	285	0	NAN	
36,62	285	0	NAN	
36,64	286	0	NAN	
36,66	286	0	NAN	
36,68	286	0	NAN	
36,7	286	0	NAN	
36,72	286	0	NAN	
36,74	286	0	NAN	
36,76	286	0	NAN	
36,78	287	0	NAN	
36,8	287	0	NAN	
36,82	287	0	NAN	
36,84	287	0	NAN	
36,86	287	0	NAN	
36,88	287	0	NAN	
36,9	287	0	NAN	
36,92	288	0	NAN	
36,94	288	0	NAN	
36,96	288	0	NAN	
36,98	288	0	NAN	
37	288	0	NAN	
37,02	289	0	NAN	
37,04	289	0	NAN	
37,06	289	0	NAN	
37,08	289	0	NAN	
37,1	289	0	NAN	
37,12	290	0	NAN	
37,14	290	0	NAN	
37,16	290	0	NAN	
37,18	290	0	NAN	
37,2	291	0	NAN	
37,22	291	0	NAN	
37,24	291	0	NAN	
37,26	292	0	NAN	
37,28	292	0	NAN	
37,3	292	0	NAN	
37,32	293	0	NAN	
37,34	293	0	NAN	
37,36	293	0	NAN	
37,38	294	0	NAN	
37,4	294	0	NAN	
37,42	294	0	NAN	
37,44	295	0	NAN	
37,46	295	0	NAN	
37,48	295	0	NAN	
37,5	295	0	NAN	
37,52	296	0	NAN	
37,54	296	0	NAN	
37,56	296	0	NAN	
37,58	297	0	NAN	
37,6	297	0	NAN	
37,62	297	0	NAN	
37,64	298	0	NAN	
37,66	298	0	NAN	
37,68	298	0	NAN	
37,7	298	0	NAN	
37,72	299	0	NAN	
37,74	299	0	NAN	
37,76	299	0	NAN	
37,78	299	0	NAN	
37,8	300	0	NAN	
37,82	300	0	NAN	
37,84	300	0	NAN	
37,86	301	0	NAN	
37,88	301	0	NAN	
37,9	301	0	NAN	
37,92	301	0	NAN	
37,94	301	0	NAN	
37,96	301	0	NAN	
37,98	302	0	NAN	
38	302	0	NAN	
38,02	302	0	NAN	
38,04	303	0	NAN	
38,06	303	0	NAN	
38,08	303	0	NAN	
38,1	303	0	NAN	
38,12	304	0	NAN	
38,14	304	0	NAN	
38,16	304	0	NAN	
38,18	304	0	NAN	
38,2	305	0	NAN	
38,22	305	0	NAN	
38,24	306	0	NAN	
38,26	306	0	NAN	
38,28	306	0	NAN	
38,3	306	0	NAN	
38,32	307	0	NAN	
38,34	307	0	NAN	
38,36	308	0	NAN	
38,38	308	0	NAN	
38,4	308	0	NAN	
38,42	309	0	NAN	
38,44	309	0	NAN	
38,46	309	0	NAN	
38,48	310	0	NAN	
38,5	310	0	NAN	
38,52	310	0	NAN	
38,54	311	0	NAN	
38,56	311	0	NAN	
38,58	312	0	NAN	
38,6	312	0	NAN	
38,62	313	0	NAN	
38,64	313	0	NAN	
38,66	313	0	NAN	
38,68	314	0	NAN	
38,7	314	0	NAN	
38,72	314	0	NAN	
38,74	315	0	NAN	
38,76	315	0	NAN	
38,78	315	0	NAN	
38,8	316	0	NAN	
38,82	316	0	NAN	
38,84	316	0	NAN	
38,86	317	0	NAN	
38,88	317	0	NAN	
38,9	317	0	NAN	
38,92	318	0	NAN	
38,94	318	0	NAN	
38,96	318	0	NAN	
38,98	319	0	NAN	
39	319	0	NAN	
39,02	319	0	NAN	
39,04	320	0	NAN	
39,06	320	0	NAN	
39,08	320	0	NAN	
39,1	320	0	NAN	
39,12	321	0	NAN	
39,14	321	0	NAN	
39,16	321	0	NAN	
39,18	322	0	NAN	
39,2	322	0	NAN	
39,22	322	0	NAN	
39,241	323	0	NAN	
39,26	323	0	NAN	
39,28	323	0	NAN	
39,3	324	0	NAN	
39,32	324	0	NAN	
39,34	324	0	NAN	
39,36	325	0	NAN	
39,38	325	0	NAN	
39,4	325	0	NAN	
39,42	326	0	NAN	
39,44	326	0	NAN	
39,46	326	0	NAN	
39,48	327	0	NAN	
39,5	327	0	NAN	
39,52	328	0	NAN	
39,54	328	0	NAN	
39,56	328	0	NAN	
39,58	329	0	NAN	
39,6	329	0	NAN	
39,62	330	0	NAN	
39,64	330	0	NAN	
39,66	330	0	NAN	
39,68	331	0	NAN	
39,7	331	0	NAN	
39,72	331	0	NAN	
39,74	332	0	NAN	
39,76	332	0	NAN	
39,78	332	0	NAN	
39,8	333	0	NAN	
39,82	333	0	NAN	
39,84	333	0	NAN	
39,86	334	0	NAN	
39,88	334	0	NAN	
39,9	334	0	NAN	
39,92	335	0	NAN	
39,94	335	0	NAN	
39,96	335	0	NAN	
39,98	336	0	NAN	
40	336	0	NAN	
40,02	337	0	NAN	
40,045	337	0	NAN	
40,064	337	0	NAN	
40,08	337	0	NAN	
40,1	338	0	NAN	
40,12	338	0	NAN	
40,14	338	0	NAN	
40,16	338	0	NAN	
40,18	339	0	NAN	
40,2	339	0	NAN	
40,22	339	0	NAN	
40,24	340	0	NAN	
40,26	340	0	NAN	
40,28	340	0	NAN	
40,3	341	0	NAN	
40,32	341	0	NAN	
40,34	341	0	NAN	
40,36	342	0	NAN	
40,38	342	0	NAN	
40,4	342	0	NAN	
40,42	342	0	NAN	
40,44	343	0	NAN	
40,46	343	0	NAN	
40,48	343	0	NAN	
40,5	344	0	NAN	
40,52	344	0	NAN	
40,54	345	0	NAN	
40,56	345	0	NAN	
40,58	345	0	NAN	
40,6	346	0	NAN	
40,62	346	0	NAN	
40,64	346	0	NAN	
40,66	347	0	NAN	
40,68	347	0	NAN	
40,7	347	0	NAN	
40,72	348	0	NAN	
40,74	348	0	NAN	
40,77	349	0	NAN	
40,783	349	0	NAN	
40,8	349	0	NAN	
40,82	350	0	NAN	
40,84	350	0	NAN	
40,86	351	0	NAN	
40,88	351	0	NAN	
40,9	351	0	NAN	
40,92	352	0	NAN	
40,94	352	0	NAN	
40,96	352	0	NAN	
40,98	353	0	NAN	
41	353	0	NAN	
41,02	353	0	NAN	
41,04	354	0	NAN	
41,06	354	0	NAN	
41,08	354	0	NAN	
41,1	354	0	NAN	
41,12	355	0	NAN	
41,14	355	0	NAN	
41,16	355	0	NAN	
41,18	356	0	NAN	
41,2	356	0	NAN	
41,22	356	0	NAN	
41,24	357	0	NAN	
41,26	357	0	NAN	
41,28	357	0	NAN	
41,3	357	0	NAN	
41,32	358	0	NAN	
41,34	358	0	NAN	
41,36	358	0	NAN	
41,38	358	0	NAN	
41,4	359	0	NAN	
41,42	359	0	NAN	
41,44	359	0	NAN	
41,46	359	0	NAN	
41,48	360	0	NAN	
41,5	360	0	NAN	
41,52	360	0	NAN	
41,54	361	0	NAN	
41,56	361	0	NAN	
41,581	361	0	NAN	
41,6	361	0	NAN	
41,62	362	0	NAN	
41,64	362	0	NAN	
41,66	362	0	NAN	
41,68	363	0	NAN	
41,7	363	0	NAN	
41,72	363	0	NAN	
41,74	364	0	NAN	
41,76	364	0	NAN	
41,78	364	0	NAN	
41,8	365	0	NAN	
41,82	365	0	NAN	
41,84	365	0	NAN	
41,86	366	0	NAN	
41,88	366	0	NAN	
41,9	366	0	NAN	
41,92	366	0	NAN	
41,94	367	0	NAN	
41,96	367	0	NAN	
41,98	367	0	NAN	
42	368	0	NAN	
42,02	368	0	NAN	
42,04	368	0	NAN	
42,06	368	0	NAN	
42,08	369	0	NAN	
42,1	369	0	NAN	
42,12	369	0	NAN	
42,14	370	0	NAN	
42,16	370	0	NAN	
42,18	370	0	NAN	
42,2	370	0	NAN	
42,22	370	0	NAN	
42,24	371	0	NAN	
42,26	371	0	NAN	
42,28	371	0	NAN	
42,3	371	0	NAN	
42,32	372	0	NAN	
42,34	372	0	NAN	
42,36	372	0	NAN	
42,38	372	0	NAN	
42,4	373	0	NAN	
42,42	373	0	NAN	
42,44	373	0	NAN	
42,46	373	0	NAN	
42,48	373	0	NAN	
42,5	373	0	NAN	
42,52	373	0	NAN	
42,54	374	0	NAN	
42,56	374	0	NAN	
42,58	374	0	NAN	
42,6	374	0	NAN	
42,62	374	0	NAN	
42,64	375	0	NAN	
42,66	375	0	NAN	
42,68	375	0	NAN	
42,7	375	0	NAN	
42,72	375	0	NAN	
42,74	376	0	NAN	
42,76	376	0	NAN	
42,78	376	0	NAN	
42,8	376	0	NAN	
42,82	376	0	NAN	
42,84	377	0	NAN	
42,86	377	0	NAN	
42,88	377	0	NAN	
42,9	377	0	NAN	
42,92	378	0	NAN	
42,94	378	0	NAN	
42,96	378	0	NAN	
42,98	378	0	NAN	
43	378	0	NAN	
43,02	379	0	NAN	
43,04	379	0	NAN	
43,06	379	0	NAN	
43,08	379	0	NAN	
43,1	379	0	NAN	
43,12	380	0	NAN	
43,14	380	0	NAN	
43,16	380	0	NAN	
43,18	380	0	NAN	
43,2	380	0	NAN	
43,221	381	0	NAN	
43,241	381	0	NAN	
43,261	381	0	NAN	
43,281	381	0	NAN	
43,301	381	0	NAN	
43,321	381	0	NAN	
43,341	382	0	NAN	
43,361	382	0	NAN	
43,381	382	0	NAN	
43,401	382	0	NAN	
43,421	382	0	NAN	
43,441	382	0	NAN	
43,461	382	0	NAN	
43,481	382	0	NAN	
43,501	383	0	NAN	
43,521	383	0	NAN	
43,541	383	0	NAN	
43,561	383	0	NAN	
43,581	383	0	NAN	
43,601	383	0	NAN	
43,621	383	0	NAN	
43,641	383	0	NAN	
43,661	383	0	NAN	
43,681	383	0	NAN	
43,701	383	0	NAN	
43,721	383	0	NAN	
43,741	383	0	NAN	
43,761	383	0	NAN	
43,781	383	0	NAN	
43,801	384	0	NAN	
43,821	384	0	NAN	
43,841	384	0	NAN	
43,861	384	0	NAN	
43,881	384	0	NAN	
43,901	384	0	NAN	
43,921	384	0	NAN	
43,941	384	0	NAN	
43,961	384	0	NAN	
43,981	384	0	NAN	
44,001	384	0	NAN	
44,021	385	0	NAN	
44,041	385	0	NAN	
44,061	385	0	NAN	
44,081	385	0	NAN	
44,101	385	0	NAN	
44,121	385	0	NAN	
44,141	386	0	NAN	
44,161	386	0	NAN	
44,181	386	0	NAN	
44,201	386	0	NAN	
44,221	386	0	NAN	
44,241	387	0	NAN	
44,261	387	0	NAN	
44,281	387	0	NAN	
44,301	387	0	NAN	
44,321	387	0	NAN	
44,341	388	0	NAN	
44,361	388	0	NAN	
44,381	388	0	NAN	
44,401	388	0	NAN	
44,421	389	0	NAN	
44,441	389	0	NAN	
44,461	389	0	NAN	
44,481	389	0	NAN	
44,501	390	0	NAN	
44,521	390	0	NAN	
44,541	390	0	NAN	
44,561	391	0	NAN	
44,581	391	0	NAN	
44,601	391	0	NAN	
44,621	392	0	NAN	
44,641	392	0	NAN	
44,661	392	0	NAN	
44,681	392	0	NAN	
44,701	393	0	NAN	
44,721	393	0	NAN	
44,741	393	0	NAN	
44,761	393	0	NAN	
44,781	394	0	NAN	
44,801	394	0	NAN	
44,821	394	0	NAN	
44,841	395	0	NAN	
44,861	395	0	NAN	
44,881	395	0	NAN	
44,901	396	0	NAN	
44,921	396	0	NAN	
44,941	396	0	NAN	
44,961	397	0	NAN	
44,981	397	0	NAN	
45,001	397	0	NAN	
45,021	398	0	NAN	
45,041	398	0	NAN	
45,061	398	0	NAN	
45,081	399	0	NAN	
45,101	399	0	NAN	
45,121	400	0	NAN	
45,141	400	0	NAN	
45,161	400	0	NAN	
45,181	401	0	NAN	
45,201	401	0	NAN	
45,221	402	0	NAN	
45,241	402	0	NAN	
45,261	402	0	NAN	
45,281	403	0	NAN	
45,301	403	0	NAN	
45,321	404	0	NAN	
45,341	404	0	NAN	
45,361	404	0	NAN	
45,381	405	0	NAN	
45,401	405	0	NAN	
45,421	406	0	NAN	
45,441	406	0	NAN	
45,461	407	0	NAN	
45,481	407	0	NAN	
45,501	408	0	NAN	
45,521	408	0	NAN	
45,541	409	0	NAN	
45,561	409	0	NAN	
45,581	410	0	NAN	
45,601	410	0	NAN	
45,621	410	0	NAN	
45,641	411	0	NAN	
45,661	411	0	NAN	
45,681	412	0	NAN	
45,701	412	0	NAN	
45,721	413	0	NAN	
45,741	413	0	NAN	
45,761	414	0	NAN	
45,781	414	0	NAN	
45,801	415	0	NAN	
45,821	416	0	NAN	
45,841	416	0	NAN	
45,861	417	0	NAN	
45,881	417	0	NAN	
45,901	418	0	NAN	
45,921	419	0	NAN	
45,941	419	0	NAN	
45,961	420	0	NAN	
45,981	420	0	NAN	
46,001	421	0	NAN	
46,021	421	0	NAN	
46,041	422	0	NAN	
46,061	423	0	NAN	
46,081	423	0	NAN	
46,101	424	0	NAN	
46,121	424	0	NAN	
46,141	425	0	NAN	
46,161	426	0	NAN	
46,181	426	0	NAN	
46,201	427	0	NAN	
46,221	428	0	NAN	
46,241	428	0	NAN	
46,261	429	0	NAN	
46,281	430	0	NAN	
46,301	430	0	NAN	
46,321	431	0	NAN	
46,341	432	0	NAN	
46,361	432	0	NAN	
46,381	433	0	NAN	
46,401	434	0	NAN	
46,421	434	0	NAN	
46,441	435	0	NAN	
46,461	436	0	NAN	
46,481	436	0	NAN	
46,501	437	0	NAN	
46,521	438	0	NAN	
46,541	438	0	NAN	
46,561	439	0	NAN	
46,581	440	0	NAN	
46,601	440	0	NAN	
46,621	441	0	NAN	
46,641	442	0	NAN	
46,661	442	0	NAN	
46,681	443	0	NAN	
46,701	444	0	NAN	
46,721	445	0	NAN	
46,741	445	0	NAN	
46,761	446	0	NAN	
46,781	447	0	NAN	
46,801	447	0	NAN	
46,821	448	0	NAN	
46,841	449	0	NAN	
46,861	449	0	NAN	
46,881	450	0	NAN	
46,901	451	0	NAN	
46,921	452	0	NAN	
46,941	452	0	NAN	
46,961	453	0	NAN	
46,981	454	0	NAN	
47,001	455	0	NAN	
47,021	455	0	NAN	
47,041	456	0	NAN	
47,061	457	0	NAN	
47,081	458	0	NAN	
47,101	458	0	NAN	
47,121	459	0	NAN	
47,141	460	0	NAN	
47,161	460	0	NAN	
47,181	461	0	NAN	
47,201	462	0	NAN	
47,221	462	0	NAN	
47,241	463	0	NAN	
47,261	464	0	NAN	
47,281	464	0	NAN	
47,301	465	0	NAN	
47,321	465	0	NAN	
47,341	466	0	NAN	
47,361	467	0	NAN	
47,381	467	0	NAN	
47,401	468	0	NAN	
47,421	469	0	NAN	
47,441	469	0	NAN	
47,461	470	0	NAN	
47,481	470	0	NAN	
47,501	471	0	NAN	
47,521	472	0	NAN	
47,541	472	0	NAN	
47,561	473	0	NAN	
47,581	474	0	NAN	
47,601	474	0	NAN	
47,621	475	0	NAN	
47,641	476	0	NAN	
47,661	476	0	NAN	
47,681	477	0	NAN	
47,701	477	0	NAN	
47,721	478	0	NAN	
47,741	479	0	NAN	
47,761	479	0	NAN	
47,781	480	0	NAN	
47,801	481	0	NAN	
47,821	481	0	NAN	
47,841	482	0	NAN	
47,861	482	0	NAN	
47,881	483	0	NAN	
47,901	484	0	NAN	
47,921	484	0	NAN	
47,941	485	0	NAN	
47,961	486	0	NAN	
47,981	486	0	NAN	
48,001	487	0	NAN	
48,021	488	0	NAN	
48,041	488	0	NAN	
48,061	489	0	NAN	
48,081	490	0	NAN	
48,101	491	0	NAN	
48,121	491	0	NAN	
48,141	492	0	NAN	
48,161	493	0	NAN	
48,181	494	0	NAN	
48,201	494	0	NAN	
48,221	495	0	NAN	
48,241	496	0	NAN	
48,261	497	0	NAN	
48,281	498	0	NAN	
48,301	498	0	NAN	
48,321	499	0	NAN	
48,341	500	0	NAN	
48,361	501	0	NAN	
48,381	501	0	NAN	
48,401	502	0	NAN	
48,421	503	0	NAN	
48,441	504	0	NAN	
48,461	505	0	NAN	
48,481	506	0	NAN	
48,501	506	0	NAN	
48,521	507	0	NAN	
48,541	508	0	NAN	
48,561	508	0	NAN	
48,581	509	0	NAN	
48,601	510	0	NAN	
48,621	511	0	NAN	
48,641	512	0	NAN	
48,661	512	0	NAN	
48,681	513	0	NAN	
48,701	514	0	NAN	
48,721	514	0	NAN	
48,741	515	0	NAN	
48,761	516	0	NAN	
48,781	517	0	NAN	
48,801	518	0	NAN	
48,821	518	0	NAN	
48,841	519	0	NAN	
48,861	520	0	NAN	
48,881	521	0	NAN	
48,901	521	0	NAN	
48,921	522	0	NAN	
48,941	523	0	NAN	
48,961	524	0	NAN	
48,981	524	0	NAN	
49,001	525	0	NAN	
49,021	526	0	NAN	
49,041	527	0	NAN	
49,061	528	0	NAN	
49,081	528	0	NAN	
49,101	529	0	NAN	
49,121	530	0	NAN	
49,141	531	0	NAN	
49,161	532	0	NAN	
49,181	532	0	NAN	
49,201	533	0	NAN	
49,221	534	0	NAN	
49,241	535	0	NAN	
49,261	535	0	NAN	
49,281	536	0	NAN	
49,301	537	0	NAN	
49,321	537	0	NAN	
49,341	538	0	NAN	
49,361	539	0	NAN	
49,381	540	0	NAN	
49,401	540	0	NAN	
49,421	541	0	NAN	
49,441	542	0	NAN	
49,461	542	0	NAN	
49,481	543	0	NAN	
49,501	544	0	NAN	
49,521	544	0	NAN	
49,541	545	0	NAN	
49,561	546	0	NAN	
49,581	547	0	NAN	
49,601	547	0	NAN	
49,621	548	0	NAN	
49,641	549	0	NAN	
49,661	550	0	NAN	
49,681	550	0	NAN	
49,701	551	0	NAN	
49,721	552	0	NAN	
49,741	553	0	NAN	
49,761	554	0	NAN	
49,781	554	0	NAN	
49,801	555	0	NAN	
49,821	556	0	NAN	
49,841	557	0	NAN	
49,861	558	0	NAN	
49,881	559	0	NAN	
49,901	559	0	NAN	
49,921	560	0	NAN	
49,941	561	0	NAN	
49,961	562	0	NAN	
49,981	563	0	NAN	
50,001	564	0	NAN	
50,021	564	0	NAN	
50,041	565	0	NAN	
50,061	566	0	NAN	
50,081	566	0	NAN	
50,101	567	0	NAN	
50,121	568	0	NAN	
50,141	569	0	NAN	
50,161	570	0	NAN	
50,181	570	0	NAN	
50,201	571	0	NAN	
50,221	572	0	NAN	
50,241	573	0	NAN	
50,261	573	0	NAN	
50,281	574	0	NAN	
50,301	575	0	NAN	
50,321	576	0	NAN	
50,341	577	0	NAN	
50,361	578	0	NAN	
50,381	579	0	NAN	
50,401	579	0	NAN	
50,421	580	0	NAN	
50,441	581	0	NAN	
50,461	582	0	NAN	
50,481	583	0	NAN	
50,501	583	0	NAN	
50,521	584	0	NAN	
50,541	585	0	NAN	
50,561	586	0	NAN	
50,581	586	0	NAN	
50,601	587	0	NAN	
50,621	588	0	NAN	
50,641	589	0	NAN	
50,661	589	0	NAN	
50,681	590	0	NAN	
50,701	591	0	NAN	
50,721	591	0	NAN	
50,741	592	0	NAN	
50,761	593	0	NAN	
50,781	594	0	NAN	
50,801	594	0	NAN	
50,821	595	0	NAN	
50,841	596	0	NAN	
50,861	597	0	NAN	
50,881	597	0	NAN	
50,901	598	0	NAN	
50,921	599	0	NAN	
50,941	600	0	NAN	
50,961	600	0	NAN	
50,981	601	0	NAN	
51,001	602	0	NAN	
51,021	602	0	NAN	
51,041	603	0	NAN	
51,061	604	0	NAN	
51,081	604	0	NAN	
51,101	605	0	NAN	
51,121	606	0	NAN	
51,141	607	0	NAN	
51,161	607	0	NAN	
51,181	608	0	NAN	
51,201	609	0	NAN	
51,221	609	0	NAN	
51,241	610	0	NAN	
51,261	611	0	NAN	
51,281	611	0	NAN	
51,301	612	0	NAN	
51,321	613	0	NAN	
51,341	614	0	NAN	
51,361	614	0	NAN	
51,381	615	0	NAN	
51,401	616	0	NAN	
51,421	616	0	NAN	
51,441	617	0	NAN	
51,461	618	0	NAN	
51,481	619	0	NAN	
51,501	619	0	NAN	
51,521	620	0	NAN	
51,541	621	0	NAN	
51,561	622	0	NAN	
51,581	623	0	NAN	
51,601	623	0	NAN	
51,621	624	0	NAN	
51,641	625	0	NAN	
51,661	626	0	NAN	
51,681	627	0	NAN	
51,701	628	0	NAN	
51,721	628	0	NAN	
51,741	629	0	NAN	
51,761	630	0	NAN	
51,781	631	0	NAN	
51,801	632	0	NAN	
51,821	632	0	NAN	
51,841	633	0	NAN	
51,861	634	0	NAN	
51,882	635	0	NAN	
51,901	636	0	NAN	
51,921	636	0	NAN	
51,941	637	0	NAN	
51,961	638	0	NAN	
51,981	639	0	NAN	
52,001	640	0	NAN	
52,021	641	0	NAN	
52,041	641	0	NAN	
52,061	642	0	NAN	
52,081	643	0	NAN	
52,101	644	0	NAN	
52,121	645	0	NAN	
52,141	645	0	NAN	
52,161	646	0	NAN	
52,181	647	0	NAN	
52,201	648	0	NAN	
52,221	648	0	NAN	
52,241	649	0	NAN	
52,261	650	0	NAN	
52,281	650	0	NAN	
52,301	651	0	NAN	
52,321	652	0	NAN	
52,341	653	0	NAN	
52,361	653	0	NAN	
52,381	654	0	NAN	
52,401	655	0	NAN	
52,421	655	0	NAN	
52,441	656	0	NAN	
52,461	657	0	NAN	
52,481	658	0	NAN	
52,501	658	0	NAN	
52,521	659	0	NAN	
52,541	660	0	NAN	
52,561	660	0	NAN	
52,581	661	0	NAN	
52,601	662	0	NAN	
52,621	663	0	NAN	
52,641	663	0	NAN	
52,661	664	0	NAN	
52,681	665	0	NAN	
52,701	665	0	NAN	
52,721	666	0	NAN	
52,741	667	0	NAN	
52,761	668	0	NAN	
52,781	668	0	NAN	
52,801	669	0	NAN	
52,821	670	0	NAN	
52,841	671	0	NAN	
52,861	671	0	NAN	
52,881	672	0	NAN	
52,901	673	0	NAN	
52,921	673	0	NAN	
52,941	674	0	NAN	
52,961	675	0	NAN	
52,981	675	0	NAN	
53,001	676	0	NAN	
53,021	677	0	NAN	
53,041	678	0	NAN	
53,061	679	0	NAN	
53,081	679	0	NAN	
53,101	680	0	NAN	
53,121	681	0	NAN	
53,141	681	0	NAN	
53,161	682	0	NAN	
53,181	683	0	NAN	
53,201	684	0	NAN	
53,221	684	0	NAN	
53,241	685	0	NAN	
53,261	686	0	NAN	
53,281	687	0	NAN	
53,301	687	0	NAN	
53,321	688	0	NAN	
53,341	689	0	NAN	
53,361	690	0	NAN	
53,381	690	0	NAN	
53,401	691	0	NAN	
53,421	692	0	NAN	
53,441	693	0	NAN	
53,461	693	0	NAN	
53,481	694	0	NAN	
53,501	695	0	NAN	
53,521	695	0	NAN	
53,541	696	0	NAN	
53,561	697	0	NAN	
53,581	698	0	NAN	
53,601	698	0	NAN	
53,621	699	0	NAN	
53,641	700	0	NAN	
53,661	701	0	NAN	
53,681	701	0	NAN	
53,701	702	0	NAN	
53,721	703	0	NAN	
53,741	704	0	NAN	
53,761	705	0	NAN	
53,782	706	0	NAN	
53,801	706	0	NAN	
53,821	707	0	NAN	
53,841	708	0	NAN	
53,861	709	0	NAN	
53,881	709	0	NAN	
53,901	710	0	NAN	
53,921	711	0	NAN	
53,941	711	0	NAN	
53,961	712	0	NAN	
53,981	713	0	NAN	
54,001	714	0	NAN	
54,021	714	0	NAN	
54,041	715	0	NAN	
54,061	716	0	NAN	
54,081	716	0	NAN	
54,101	717	0	NAN	
54,121	717	0	NAN	
54,141	718	0	NAN	
54,161	719	0	NAN	
54,181	719	0	NAN	
54,201	720	0	NAN	
54,221	721	0	NAN	
54,241	721	0	NAN	
54,261	722	0	NAN	
54,281	722	0	NAN	
54,301	723	0	NAN	
54,321	724	0	NAN	
54,341	724	0	NAN	
54,361	725	0	NAN	
54,381	725	0	NAN	
54,401	726	0	NAN	
54,421	727	0	NAN	
54,441	727	0	NAN	
54,461	728	0	NAN	
54,481	728	0	NAN	
54,501	729	0	NAN	
54,521	729	0	NAN	
54,541	730	0	NAN	
54,561	730	0	NAN	
54,581	731	0	NAN	
54,601	731	0	NAN	
54,621	732	0	NAN	
54,641	733	0	NAN	
54,661	733	0	NAN	
54,681	734	0	NAN	
54,701	734	0	NAN	
54,721	735	0	NAN	
54,741	735	0	NAN	
54,761	736	0	NAN	
54,781	736	0	NAN	
54,801	737	0	NAN	
54,821	738	0	NAN	
54,841	738	0	NAN	
54,861	739	0	NAN	
54,881	739	0	NAN	
54,901	740	0	NAN	
54,921	741	0	NAN	
54,941	741	0	NAN	
54,961	742	0	NAN	
54,981	743	0	NAN	
55,001	743	0	NAN	
55,021	744	0	NAN	
55,041	744	0	NAN	
55,061	745	0	NAN	
55,081	746	0	NAN	
55,101	746	0	NAN	
55,121	747	0	NAN	
55,141	747	0	NAN	
55,161	748	0	NAN	
55,181	749	0	NAN	
55,201	749	0	NAN	
55,221	750	0	NAN	
55,241	751	0	NAN	
55,261	751	0	NAN	
55,281	752	0	NAN	
55,301	752	0	NAN	
55,321	753	0	NAN	
55,341	753	0	NAN	
55,361	754	0	NAN	
55,381	755	0	NAN	
55,401	756	0	NAN	
55,421	756	0	NAN	
55,441	757	0	NAN	
55,461	757	0	NAN	
55,481	758	0	NAN	
55,501	758	0	NAN	
55,521	759	0	NAN	
55,541	760	0	NAN	
55,561	760	0	NAN	
55,581	761	0	NAN	
55,601	761	0	NAN	
55,621	762	0	NAN	
55,641	763	0	NAN	
55,661	763	0	NAN	
55,681	764	0	NAN	
55,701	764	0	NAN	
55,721	765	0	NAN	
55,741	765	0	NAN	
55,761	766	0	NAN	
55,782	767	0	NAN	
55,801	767	0	NAN	
55,821	768	0	NAN	
55,841	768	0	NAN	
55,861	769	0	NAN	
55,881	770	0	NAN	
55,901	770	0	NAN	
55,921	771	0	NAN	
55,941	772	0	NAN	
55,961	772	0	NAN	
55,981	773	0	NAN	
56,001	774	0	NAN	
56,021	774	0	NAN	
56,041	775	0	NAN	
56,061	776	0	NAN	
56,081	776	0	NAN	
56,101	777	0	NAN	
56,121	777	0	NAN	
56,141	778	0	NAN	
56,161	779	0	NAN	
56,181	779	0	NAN	
56,201	780	0	NAN	
56,221	781	0	NAN	
56,241	781	0	NAN	
56,261	782	0	NAN	
56,281	782	0	NAN	
56,301	783	0	NAN	
56,321	783	0	NAN	
56,341	784	0	NAN	
56,361	784	0	NAN	
56,381	785	0	NAN	
56,401	786	0	NAN	
56,421	786	0	NAN	
56,441	787	0	NAN	
56,461	787	0	NAN	
56,481	788	0	NAN	
56,501	788	0	NAN	
56,521	789	0	NAN	
56,541	789	0	NAN	
56,561	789	0	NAN	
56,581	790	0	NAN	
56,612	791	0	NAN	
56,635	791	0	NAN	
56,651	792	0	NAN	
56,667	792	0	NAN	
56,683	792	0	NAN	
56,701	793	0	NAN	
56,721	793	0	NAN	
56,741	794	0	NAN	
56,761	794	0	NAN	
56,781	794	0	NAN	
56,801	795	0	NAN	
56,821	795	0	NAN	
56,841	796	0	NAN	
56,861	796	0	NAN	
56,881	796	0	NAN	
56,901	797	0	NAN	
56,921	797	0	NAN	
56,941	798	0	NAN	
56,961	798	0	NAN	
56,981	799	0	NAN	
57,001	799	0	NAN	
57,021	799	0	NAN	
57,041	800	0	NAN	
57,061	800	0	NAN	
57,081	801	0	NAN	
57,101	801	0	NAN	
57,121	801	0	NAN	
57,141	802	0	NAN	
57,161	802	0	NAN	
57,181	802	0	NAN	
57,201	803	0	NAN	
57,221	803	0	NAN	
57,241	803	0	NAN	
57,261	803	0	NAN	
57,281	804	0	NAN	
57,301	804	0	NAN	
57,321	804	0	NAN	
57,341	805	0	NAN	
57,361	805	0	NAN	
57,381	805	0	NAN	
57,401	805	0	NAN	
57,421	805	0	NAN	
57,441	806	0	NAN	
57,461	806	0	NAN	
57,481	806	0	NAN	
57,501	806	0	NAN	
57,521	807	0	NAN	
57,541	807	0	NAN	
57,561	807	0	NAN	
57,581	807	0	NAN	
57,601	807	0	NAN	
57,621	807	0	NAN	
57,641	808	0	NAN	
57,661	808	0	NAN	
57,682	808	0	NAN	
57,701	808	0	NAN	
57,721	808	0	NAN	
57,741	808	0	NAN	
57,761	809	0	NAN	
57,782	809	0	NAN	
57,801	809	0	NAN	
57,821	809	0	NAN	
57,841	809	0	NAN	
57,861	809	0	NAN	
57,882	810	0	NAN	
57,901	810	0	NAN	
57,921	810	0	NAN	
57,941	810	0	NAN	
57,961	810	0	NAN	
57,981	810	0	NAN	
58,001	811	0	NAN	
58,021	811	0	NAN	
58,041	811	0	NAN	
58,061	811	0	NAN	
58,081	811	0	NAN	
58,101	811	0	NAN	
58,121	811	0	NAN	
58,141	811	0	NAN	
58,161	812	0	NAN	
58,181	812	0	NAN	
58,201	812	0	NAN	
58,221	812	0	NAN	
58,241	812	0	NAN	
58,261	812	0	NAN	
58,281	812	0	NAN	
58,301	812	0	NAN	
58,321	812	0	NAN	
58,341	812	0	NAN	
58,361	812	0	NAN	
58,381	812	0	NAN	
58,401	812	0	NAN	
58,421	812	0	NAN	
58,441	812	0	NAN	
58,461	813	0	NAN	
58,481	813	0	NAN	
58,501	813	0	NAN	
58,521	813	0	NAN	
58,541	813	0	NAN	
58,561	813	0	NAN	
58,581	813	0	NAN	
58,601	813	0	NAN	
58,621	813	0	NAN	
58,641	813	0	NAN	
58,661	813	0	NAN	
58,682	813	0	NAN	
58,701	813	0	NAN	
58,721	813	0	NAN	
58,741	813	0	NAN	
58,761	813	0	NAN	
58,781	813	0	NAN	
58,801	813	0	NAN	
58,821	813	0	NAN	
58,841	813	0	NAN	
58,861	813	0	NAN	
58,881	813	0	NAN	
58,901	813	0	NAN	
58,921	813	0	NAN	
58,941	813	0	NAN	
58,961	813	0	NAN	
58,981	813	0	NAN	
59,001	813	0	NAN	
59,021	813	0	NAN	
59,041	813	0	NAN	
59,061	813	0	NAN	
59,081	813	0	NAN	
59,101	813	0	NAN	
59,121	813	0	NAN	
59,141	813	0	NAN	
59,161	813	0	NAN	
59,181	813	0	NAN	
59,201	813	0	NAN	
59,221	813	0	NAN	
59,241	813	0	NAN	
59,261	813	0	NAN	
59,281	813	0	NAN	
59,301	813	0	NAN	
59,321	813	0	NAN	
59,341	814	0	NAN	
59,361	814	0	NAN	
59,381	814	0	NAN	
59,401	814	0	NAN	
59,421	814	0	NAN	
59,441	814	0	NAN	
59,461	814	0	NAN	
59,481	814	0	NAN	
59,501	814	0	NAN	
59,521	814	0	NAN	
59,541	815	0	NAN	
59,561	815	0	NAN	
59,581	815	0	NAN	
59,601	815	0	NAN	
59,621	815	0	NAN	
59,641	815	0	NAN	
59,661	815	0	NAN	
59,681	815	0	NAN	
59,701	815	0	NAN	
59,721	816	0	NAN	
59,741	816	0	NAN	
59,761	816	0	NAN	
59,782	816	0	NAN	
59,801	816	0	NAN	
59,821	816	0	NAN	
59,841	816	0	NAN	
59,861	816	0	NAN	
59,881	816	0	NAN	
59,901	817	0	NAN	
59,921	817	0	NAN	
59,941	817	0	NAN	
59,961	817	0	NAN	
59,981	817	0	NAN	
60,001	817	0	NAN	
60,021	817	0	NAN	
60,041	817	0	NAN	
60,061	818	0	NAN	
60,081	818	0	NAN	
60,101	818	0	NAN	
60,121	818	0	NAN	
60,141	818	0	NAN	
60,161	818	0	NAN	
60,181	818	0	NAN	
60,201	818	0	NAN	
60,221	818	0	NAN	
60,241	818	0	NAN	
60,261	819	0	NAN	
60,281	819	0	NAN	
60,301	819	0	NAN	
60,321	819	0	NAN	
60,341	819	0	NAN	
60,361	819	0	NAN	
60,381	819	0	NAN	
60,401	819	0	NAN	
60,421	819	0	NAN	
60,441	819	0	NAN	
60,461	819	0	NAN	
60,481	819	0	NAN	
60,501	819	0	NAN	
60,521	820	0	NAN	
60,541	820	0	NAN	
60,561	820	0	NAN	
60,581	820	0	NAN	
60,601	820	0	NAN	
60,621	820	0	NAN	
60,641	820	0	NAN	
60,661	820	0	NAN	
60,681	820	0	NAN	
60,701	820	0	NAN	
60,721	820	0	NAN	
60,741	821	0	NAN	
60,761	821	0	NAN	
60,781	821	0	NAN	
60,801	821	0	NAN	
60,821	821	0	NAN	
60,841	821	0	NAN	
60,861	821	0	NAN	
60,881	821	0	NAN	
60,901	821	0	NAN	
60,921	821	0	NAN	
60,941	821	0	NAN	
60,961	821	0	NAN	
60,981	821	0	NAN	
61,001	821	0	NAN	
61,021	821	0	NAN	
61,041	821	0	NAN	
61,061	821	0	NAN	
61,081	821	0	NAN	
61,101	821	0	NAN	
61,121	821	0	NAN	
61,141	822	0	NAN	
61,161	822	0	NAN	
61,181	822	0	NAN	
61,201	822	0	NAN	
61,221	822	0	NAN	
61,241	822	0	NAN	
61,261	822	0	NAN	
61,281	822	0	NAN	
61,301	822	0	NAN	
61,321	822	0	NAN	
61,341	822	0	NAN	
61,361	822	0	NAN	
61,381	822	0	NAN	
61,401	822	0	NAN	
61,421	822	0	NAN	
61,441	823	0	NAN	
61,461	823	0	NAN	
61,481	823	0	NAN	
61,501	823	0	NAN	
61,521	823	0	NAN	
61,541	823	0	NAN	
61,561	823	0	NAN	
61,581	823	0	NAN	
61,601	823	0	NAN	
61,621	823	0	NAN	
61,641	823	0	NAN	
61,661	823	0	NAN	
61,681	823	0	NAN	
61,701	823	0	NAN	
61,721	823	0	NAN	
61,741	823	0	NAN	
61,761	823	0	NAN	
61,781	823	0	NAN	
61,801	823	0	NAN	
61,821	823	0	NAN	
61,841	823	0	NAN	
61,861	823	0	NAN	
61,881	824	0	NAN	
61,901	824	0	NAN	
61,921	824	0	NAN	
61,941	824	0	NAN	
61,961	824	0	NAN	
61,981	824	0	NAN	
62,001	824	0	NAN	
62,021	824	0	NAN	
62,041	824	0	NAN	
62,061	824	0	NAN	
62,081	824	0	NAN	
62,101	824	0	NAN	
62,121	824	0	NAN	
62,141	824	0	NAN	
62,161	824	0	NAN	
62,181	824	0	NAN	
62,201	824	0	NAN	
62,221	824	0	NAN	
62,241	825	0	NAN	
62,261	825	0	NAN	
62,281	825	0	NAN	
62,301	825	0	NAN	
62,321	825	0	NAN	
62,341	825	0	NAN	
62,361	825	0	NAN	
62,381	825	0	NAN	
62,401	825	0	NAN	
62,421	825	0	NAN	
62,441	825	0	NAN	
62,461	825	0	NAN	
62,481	825	0	NAN	
62,501	825	0	NAN	
62,521	825	0	NAN	
62,541	825	0	NAN	
62,561	825	0	NAN	
62,581	825	0	NAN	
62,601	825	0	NAN	
62,621	826	0	NAN	
62,641	826	0	NAN	
62,661	826	0	NAN	
62,681	826	0	NAN	
62,701	826	0	NAN	
62,721	826	0	NAN	
62,741	826	0	NAN	
62,761	826	0	NAN	
62,781	826	0	NAN	
62,801	826	0	NAN	
62,821	826	0	NAN	
62,841	826	0	NAN	
62,861	826	0	NAN	
62,881	826	0	NAN	
62,901	826	0	NAN	
62,921	826	0	NAN	
62,941	826	0	NAN	
62,961	826	0	NAN	
62,981	826	0	NAN	
63,001	826	0	NAN	
63,021	826	0	NAN	
63,041	827	0	NAN	
63,061	827	0	NAN	
63,081	827	0	NAN	
63,101	827	0	NAN	
63,121	827	0	NAN	
63,141	827	0	NAN	
63,161	827	0	NAN	
63,181	827	0	NAN	
63,201	827	0	NAN	
63,221	828	0	NAN	
63,241	828	0	NAN	
63,261	828	0	NAN	
63,281	828	0	NAN	
63,301	828	0	NAN	
63,321	828	0	NAN	
63,341	828	0	NAN	
63,361	828	0	NAN	
63,381	829	0	NAN	
63,401	829	0	NAN	
63,421	829	0	NAN	
63,441	829	0	NAN	
63,461	829	0	NAN	
63,481	829	0	NAN	
63,501	829	0	NAN	
63,521	829	0	NAN	
63,541	830	0	NAN	
63,561	830	0	NAN	
63,581	830	0	NAN	
63,601	830	0	NAN	
63,621	830	0	NAN	
63,641	830	0	NAN	
63,661	830	0	NAN	
63,681	831	0	NAN	
63,701	831	0	NAN	
63,721	831	0	NAN	
63,741	831	0	NAN	
63,761	831	0	NAN	
63,781	831	0	NAN	
63,801	831	0	NAN	
63,821	831	0	NAN	
63,841	831	0	NAN	
63,861	832	0	NAN	
63,881	832	0	NAN	
63,901	832	0	NAN	
63,921	832	0	NAN	
63,941	832	0	NAN	
63,961	832	0	NAN	
63,981	832	0	NAN	
64,001	832	0	NAN	
64,021	832	0	NAN	
64,041	832	0	NAN	
64,061	832	0	NAN	
64,081	832	0	NAN	
64,101	832	0	NAN	
64,121	832	0	NAN	
64,141	832	0	NAN	
64,161	832	0	NAN	
64,181	833	0	NAN	
64,201	833	0	NAN	
64,221	833	0	NAN	
64,241	833	0	NAN	
64,261	833	0	NAN	
64,281	833	0	NAN	
64,301	833	0	NAN	
64,321	833	0	NAN	
64,341	833	0	NAN	
64,361	833	0	NAN	
64,381	833	0	NAN	
64,401	833	0	NAN	
64,421	833	0	NAN	
64,441	833	0	NAN	
64,461	833	0	NAN	
64,481	833	0	NAN	
64,501	833	0	NAN	
64,521	833	0	NAN	
64,541	834	0	NAN	
64,561	834	0	NAN	
64,581	834	0	NAN	
64,601	834	0	NAN	
64,621	834	0	NAN	
64,641	834	0	NAN	
64,661	834	0	NAN	
64,681	834	0	NAN	
64,701	834	0	NAN	
64,721	834	0	NAN	
64,741	834	0	NAN	
64,761	834	0	NAN	
64,781	834	0	NAN	
64,801	834	0	NAN	
64,821	835	0	NAN	
64,841	835	0	NAN	
64,861	835	0	NAN	
64,881	835	0	NAN	
64,901	835	0	NAN	
64,921	835	0	NAN	
64,941	835	0	NAN	
64,961	835	0	NAN	
64,981	835	0	NAN	
65,001	835	0	NAN	
65,021	836	0	NAN	
65,041	836	0	NAN	
65,061	836	0	NAN	
65,081	836	0	NAN	
65,101	836	0	NAN	
65,121	836	0	NAN	
65,141	836	0	NAN	
65,161	836	0	NAN	
65,181	837	0	NAN	
65,201	837	0	NAN	
65,221	837	0	NAN	
65,241	837	0	NAN	
65,261	837	0	NAN	
65,281	837	0	NAN	
65,301	837	0	NAN	
65,321	837	0	NAN	
65,341	837	0	NAN	
65,361	838	0	NAN	
65,381	838	0	NAN	
65,401	838	0	NAN	
65,421	838	0	NAN	
65,441	838	0	NAN	
65,461	838	0	NAN	
65,481	838	0	NAN	
65,501	838	0	NAN	
65,521	838	0	NAN	
65,541	838	0	NAN	
65,561	838	0	NAN	
65,581	838	0	NAN	
65,601	839	0	NAN	
65,621	839	0	NAN	
65,641	839	0	NAN	
65,661	839	0	NAN	
65,681	839	0	NAN	
65,701	839	0	NAN	
65,721	839	0	NAN	
65,741	839	0	NAN	
65,761	839	0	NAN	
65,781	839	0	NAN	
65,801	839	0	NAN	
65,821	840	0	NAN	
65,841	840	0	NAN	
65,861	840	0	NAN	
65,881	840	0	NAN	
65,901	840	0	NAN	
65,921	840	0	NAN	
65,941	840	0	NAN	
65,961	840	0	NAN	
65,981	840	0	NAN	
66,001	840	0	NAN	
66,021	841	0	NAN	
66,041	841	0	NAN	
66,061	841	0	NAN	
66,081	841	0	NAN	
66,101	841	0	NAN	
66,121	841	0	NAN	
66,141	841	0	NAN	
66,161	841	0	NAN	
66,181	842	0	NAN	
66,201	842	0	NAN	
66,221	842	0	NAN	
66,241	842	0	NAN	
66,261	842	0	NAN	
66,281	842	0	NAN	
66,301	843	0	NAN	
66,321	843	0	NAN	
66,341	843	0	NAN	
66,361	843	0	NAN	
66,381	843	0	NAN	
66,401	843	0	NAN	
66,421	844	0	NAN	
66,441	844	0	NAN	
66,461	844	0	NAN	
66,481	844	0	NAN	
66,501	844	0	NAN	
66,521	845	0	NAN	
66,541	845	0	NAN	
66,561	845	0	NAN	
66,581	845	0	NAN	
66,601	846	0	NAN	
66,621	846	0	NAN	
66,641	846	0	NAN	
66,661	846	0	NAN	
66,681	847	0	NAN	
66,701	847	0	NAN	
66,721	847	0	NAN	
66,741	847	0	NAN	
66,761	847	0	NAN	
66,781	848	0	NAN	
66,801	848	0	NAN	
66,821	848	0	NAN	
66,841	848	0	NAN	
66,861	849	0	NAN	
66,881	849	0	NAN	
66,901	849	0	NAN	
66,921	849	0	NAN	
66,941	849	0	NAN	
66,961	850	0	NAN	
66,981	850	0	NAN	
67,001	850	0	NAN	
67,021	850	0	NAN	
67,041	850	0	NAN	
67,061	851	0	NAN	
67,081	851	0	NAN	
67,101	851	0	NAN	
67,121	851	0	NAN	
67,141	851	0	NAN	
67,161	851	0	NAN	
67,181	852	0	NAN	
67,201	852	0	NAN	
67,221	852	0	NAN	
67,241	852	0	NAN	
67,261	852	0	NAN	
67,281	852	0	NAN	
67,301	853	0	NAN	
67,321	853	0	NAN	
67,341	853	0	NAN	
67,361	853	0	NAN	
67,381	853	0	NAN	
67,401	853	0	NAN	
67,421	853	0	NAN	
67,441	854	0	NAN	
67,461	854	0	NAN	
67,481	854	0	NAN	
67,501	854	0	NAN	
67,521	854	0	NAN	
67,541	854	0	NAN	
67,561	855	0	NAN	
67,581	855	0	NAN	
67,601	855	0	NAN	
67,621	855	0	NAN	
67,641	855	0	NAN	
67,661	855	0	NAN	
67,681	856	0	NAN	
67,701	856	0	NAN	
67,721	856	0	NAN	
67,741	856	0	NAN	
67,761	856	0	NAN	
67,781	856	0	NAN	
67,801	856	0	NAN	
67,821	857	0	NAN	
67,841	857	0	NAN	
67,861	857	0	NAN	
67,881	857	0	NAN	
67,901	857	0	NAN	
67,921	857	0	NAN	
67,941	858	0	NAN	
67,961	858	0	NAN	
67,981	858	0	NAN	
68,001	858	0	NAN	
68,021	858	0	NAN	
68,041	858	0	NAN	
68,061	859	0	NAN	
68,081	859	0	NAN	
68,101	859	0	NAN	
68,121	859	0	NAN	
68,141	859	0	NAN	
68,161	860	0	NAN	
68,181	860	0	NAN	
68,201	860	0	NAN	
68,221	860	0	NAN	
68,241	860	0	NAN	
68,261	860	0	NAN	
68,281	861	0	NAN	
68,301	861	0	NAN	
68,321	861	0	NAN	
68,341	861	0	NAN	
68,361	861	0	NAN	
68,381	861	0	NAN	
68,401	861	0	NAN	
68,421	861	0	NAN	
68,441	861	0	NAN	
68,461	862	0	NAN	
68,481	862	0	NAN	
68,501	862	0	NAN	
68,521	862	0	NAN	
68,541	862	0	NAN	
68,561	862	0	NAN	
68,581	862	0	NAN	
68,601	862	0	NAN	
68,621	862	0	NAN	
68,641	862	0	NAN	
68,661	862	0	NAN	
68,681	862	0	NAN	
68,701	862	0	NAN	
68,721	862	0	NAN	
68,741	862	0	NAN	
68,761	862	0	NAN	
68,781	862	0	NAN	
68,801	862	0	NAN	
68,821	862	0	NAN	
68,841	863	0	NAN	
68,861	863	0	NAN	
68,881	863	0	NAN	
68,901	863	0	NAN	
68,921	863	0	NAN	
68,941	863	0	NAN	
68,961	863	0	NAN	
68,981	863	0	NAN	
69,001	863	0	NAN	
69,021	863	0	NAN	
69,041	863	0	NAN	
69,061	863	0	NAN	
69,081	863	0	NAN	
69,101	863	0	NAN	
69,121	863	0	NAN	
69,141	863	0	NAN	
69,161	863	0	NAN	
69,181	863	0	NAN	
69,201	863	0	NAN	
69,221	863	0	NAN	
69,241	863	0	NAN	
69,261	863	0	NAN	
69,281	863	0	NAN	
69,301	863	0	NAN	
69,321	863	0	NAN	
69,341	863	0	NAN	
69,361	863	0	NAN	
69,381	863	0	NAN	
69,401	863	0	NAN	
69,421	863	0	NAN	
69,441	863	0	NAN	
69,461	864	0	NAN	
69,481	864	0	NAN	
69,501	864	0	NAN	
69,521	864	0	NAN	
69,541	864	0	NAN	
69,561	864	0	NAN	
69,581	864	0	NAN	
69,601	864	0	NAN	
69,621	865	0	NAN	
69,641	865	0	NAN	
69,661	865	0	NAN	
69,681	865	0	NAN	
69,701	865	0	NAN	
69,721	865	0	NAN	
69,741	865	0	NAN	
69,761	866	0	NAN	
69,781	866	0	NAN	
69,801	866	0	NAN	
69,821	866	0	NAN	
69,841	866	0	NAN	
69,861	867	0	NAN	
69,881	867	0	NAN	
69,901	867	0	NAN	
69,921	867	0	NAN	
69,941	868	0	NAN	
69,961	868	0	NAN	
69,981	868	0	NAN	
70,001	868	0	NAN	
70,021	868	0	NAN	
70,041	869	0	NAN	
70,061	869	0	NAN	
70,081	869	0	NAN	
70,101	869	0	NAN	
70,121	869	0	NAN	
70,141	870	0	NAN	
70,161	870	0	NAN	
70,181	870	0	NAN	
70,201	870	0	NAN	
70,221	870	0	NAN	
70,241	871	0	NAN	
70,261	871	0	NAN	
70,281	871	0	NAN	
70,301	871	0	NAN	
70,321	871	0	NAN	
70,341	872	0	NAN	
70,361	872	0	NAN	
70,381	872	0	NAN	
70,401	872	0	NAN	
70,421	872	0	NAN	
70,441	873	0	NAN	
70,461	873	0	NAN	
70,481	873	0	NAN	
70,501	873	0	NAN	
70,521	873	0	NAN	
70,541	873	0	NAN	
70,561	874	0	NAN	
70,581	874	0	NAN	
70,601	874	0	NAN	
70,621	874	0	NAN	
70,641	874	0	NAN	
70,661	874	0	NAN	
70,681	875	0	NAN	
70,701	875	0	NAN	
70,721	875	0	NAN	
70,741	875	0	NAN	
70,761	875	0	NAN	
70,781	875	0	NAN	
70,801	876	0	NAN	
70,821	876	0	NAN	
70,841	876	0	NAN	
70,861	876	0	NAN	
70,881	876	0	NAN	
70,901	877	0	NAN	
70,921	877	0	NAN	
70,941	877	0	NAN	
70,961	877	0	NAN	
70,981	877	0	NAN	
71,001	878	0	NAN	
71,021	878	0	NAN	
71,041	878	0	NAN	
71,061	878	0	NAN	
71,081	878	0	NAN	
71,101	879	0	NAN	
71,121	879	0	NAN	
71,141	879	0	NAN	
71,161	879	0	NAN	
71,181	880	0	NAN	
71,201	880	0	NAN	
71,221	880	0	NAN	
71,241	880	0	NAN	
71,261	880	0	NAN	
71,281	881	0	NAN	
71,301	881	0	NAN	
71,321	881	0	NAN	
71,341	881	0	NAN	
71,361	881	0	NAN	
71,381	882	0	NAN	
71,401	882	0	NAN	
71,421	882	0	NAN	
71,441	882	0	NAN	
71,461	882	0	NAN	
71,481	883	0	NAN	
71,501	883	0	NAN	
71,521	883	0	NAN	
71,541	883	0	NAN	
71,561	883	0	NAN	
71,581	883	0	NAN	
71,601	884	0	NAN	
71,621	884	0	NAN	
71,641	884	0	NAN	
71,661	884	0	NAN	
71,681	884	0	NAN	
71,701	884	0	NAN	
71,721	885	0	NAN	
71,741	885	0	NAN	
71,761	885	0	NAN	
71,781	885	0	NAN	
71,801	885	0	NAN	
71,821	885	0	NAN	
71,841	885	0	NAN	
71,861	885	0	NAN	
71,881	885	0	NAN	
71,901	886	0	NAN	
71,921	886	0	NAN	
71,941	886	0	NAN	
71,961	886	0	NAN	
71,981	886	0	NAN	
72,001	886	0	NAN	
72,021	886	0	NAN	
72,041	886	0	NAN	
72,061	886	0	NAN	
72,081	886	0	NAN	
72,101	886	0	NAN	
72,121	886	0	NAN	
72,141	886	0	NAN	
72,161	886	0	NAN	
72,181	886	0	NAN	
72,201	887	0	NAN	
72,221	887	0	NAN	
72,241	887	0	NAN	
72,261	887	0	NAN	
72,281	887	0	NAN	
72,301	887	0	NAN	
72,321	887	0	NAN	
72,341	887	0	NAN	
72,361	887	0	NAN	
72,381	887	0	NAN	
72,401	887	0	NAN	
72,421	887	0	NAN	
72,441	887	0	NAN	
72,461	887	0	NAN	
72,481	887	0	NAN	
72,501	887	0	NAN	
72,521	888	0	NAN	
72,541	888	0	NAN	
72,561	888	0	NAN	
72,581	888	0	NAN	
72,601	888	0	NAN	
72,621	888	0	NAN	
72,641	888	0	NAN	
72,661	888	0	NAN	
72,681	888	0	NAN	
72,701	888	0	NAN	
72,721	888	0	NAN	
72,741	889	0	NAN	
72,761	889	0	NAN	
72,781	889	0	NAN	
72,801	889	0	NAN	
72,821	889	0	NAN	
72,841	889	0	NAN	
72,861	889	0	NAN	
72,881	889	0	NAN	
72,901	889	0	NAN	
72,921	890	0	NAN	
72,941	890	0	NAN	
72,961	890	0	NAN	
72,981	890	0	NAN	
73,001	890	0	NAN	
73,021	890	0	NAN	
73,041	890	0	NAN	
73,061	891	0	NAN	
73,081	891	0	NAN	
73,101	891	0	NAN	
73,121	891	0	NAN	
73,141	891	0	NAN	
73,161	891	0	NAN	
73,181	892	0	NAN	
73,201	892	0	NAN	
73,221	892	0	NAN	
73,241	892	0	NAN	
73,261	892	0	NAN	
73,281	892	0	NAN	
73,301	892	0	NAN	
73,321	892	0	NAN	
73,341	892	0	NAN	
73,361	892	0	NAN	
73,381	892	0	NAN	
73,401	893	0	NAN	
73,421	893	0	NAN	
73,441	893	0	NAN	
73,461	893	0	NAN	
73,481	893	0	NAN	
73,501	893	0	NAN	
73,521	893	0	NAN	
73,541	893	0	NAN	
73,561	893	0	NAN	
73,581	894	0	NAN	
73,601	894	0	NAN	
73,621	894	0	NAN	
73,641	894	0	NAN	
73,661	894	0	NAN	
73,681	894	0	NAN	
73,701	894	0	NAN	
73,721	894	0	NAN	
73,741	894	0	NAN	
73,761	894	0	NAN	
73,781	895	0	NAN	
73,801	895	0	NAN	
73,821	895	0	NAN	
73,841	895	0	NAN	
73,861	895	0	NAN	
73,881	895	0	NAN	
73,901	895	0	NAN	
73,921	895	0	NAN	
73,941	895	0	NAN	
73,961	896	0	NAN	
73,981	896	0	NAN	
74,001	896	0	NAN	
74,021	896	0	NAN	
74,041	896	0	NAN	
74,061	896	0	NAN	
