# Spalte1: Wellenlänge [nm]
# Spalte2: Intensität
350	2.381575
351	2.199736
352	2.060049
353	1.934274
354	1.838335
355	1.721466
356	1.609092
357	1.484882
358	1.367061
359	1.270063
360	1.190938
361	1.114914
362	1.040220
363	0.962239
364	0.881424
365	0.799364
366	0.720019
367	0.646884
368	0.574593
369	0.504696
370	0.437784
371	0.377707
372	0.322777
373	0.274359
374	0.229005
375	0.187979
376	0.150505
377	0.117069
378	0.086765
379	0.060718
380	0.038016
381	0.019939
382	0.006405
383	0.000000
384	0.000000
385	0.000000
386	0.000000
387	0.000000
388	0.002502
389	0.007548
390	0.011856
391	0.014945
392	0.016526
393	0.016482
394	0.014936
395	0.012223
396	0.008909
397	0.005420
398	0.002223
399	0.000000
400	0.000000
401	0.000000
402	0.000000
403	0.000000
404	0.000833
405	0.002745
406	0.004588
407	0.006111
408	0.007163
409	0.007649
410	0.007583
411	0.007069
412	0.006260
413	0.005262
414	0.004218
415	0.003282
416	0.002508
417	0.001952
418	0.001641
419	0.001555
420	0.001666
421	0.001927
422	0.002288
423	0.002694
424	0.003090
425	0.003430
426	0.003678
427	0.003810
428	0.003813
429	0.003690
430	0.003449
431	0.003120
432	0.002729
433	0.002309
434	0.001894
435	0.001513
436	0.001196
437	0.000959
438	0.000812
439	0.000753
440	0.000771
441	0.000848
442	0.000965
443	0.001105
444	0.001251
445	0.001388
446	0.001507
447	0.001596
448	0.001648
449	0.001657
450	0.001616
451	0.001525
452	0.001388
453	0.001216
454	0.001028
455	0.000843
456	0.000691
457	0.000596
458	0.000583
459	0.000661
460	0.000823
461	0.001049
462	0.001304
463	0.001554
464	0.001763
465	0.001905
466	0.001973
467	0.001970
468	0.001911
469	0.001816
470	0.001699
471	0.001568
472	0.001429
473	0.001287
474	0.001149
475	0.001028
476	0.000937
477	0.000889
478	0.000897
479	0.000968
480	0.001095
481	0.001261
482	0.001442
483	0.001613
484	0.001748
485	0.001834
486	0.001869
487	0.001857
488	0.001806
489	0.001733
490	0.001648
491	0.001556
492	0.001460
493	0.001357
494	0.001248
495	0.001139
496	0.001037
497	0.000954
498	0.000900
499	0.000888
500	0.000920
501	0.000993
502	0.001100
503	0.001228
504	0.001364
505	0.001492
506	0.001597
507	0.001669
508	0.001700
509	0.001691
510	0.001653
511	0.001596
512	0.001533
513	0.001474
514	0.001425
515	0.001388
516	0.001367
517	0.001361
518	0.001370
519	0.001395
520	0.001431
521	0.001469
522	0.001497
523	0.001496
524	0.001449
525	0.001346
526	0.001190
527	0.000995
528	0.000792
529	0.000613
530	0.000488
531	0.000440
532	0.000477
533	0.000592
534	0.000764
535	0.000964
536	0.001159
537	0.001317
538	0.001416
539	0.001441
540	0.001386
541	0.001255
542	0.001061
543	0.000820
544	0.000550
545	0.000275
546	0.000020
547	0.000000
548	0.000000
549	0.000000
550	0.000000
551	0.000000
552	0.000000
553	0.000000
554	0.000035
555	0.000192
556	0.000326
557	0.000425
558	0.000487
559	0.000513
560	0.000509
561	0.000483
562	0.000442
563	0.000387
564	0.000318
565	0.000238
566	0.000155
567	0.000081
568	0.000028
569	0.000008
570	0.000030
571	0.000105
572	0.000235
573	0.000416
574	0.000632
575	0.000858
576	0.001060
577	0.001206
578	0.001269
579	0.001235
580	0.001101
581	0.000882
582	0.000605
583	0.000306
584	0.000032
585	0.000000
586	0.000000
587	0.000000
588	0.000000
589	0.000000
590	0.000000
591	0.000000
592	0.000119
593	0.000317
594	0.000500
595	0.000653
596	0.000768
597	0.000843
598	0.000882
599	0.000897
600	0.000896
601	0.000887
602	0.000874
603	0.000857
604	0.000829
605	0.000787
606	0.000728
607	0.000650
608	0.000557
609	0.000452
610	0.000345
611	0.000240
612	0.000144
613	0.000062
614	0.000002
615	0.000000
616	0.000000
617	0.000000
618	0.000000
619	0.000017
620	0.000159
621	0.000364
622	0.000626
623	0.000919
624	0.001212
625	0.001463
626	0.001632
627	0.001690
628	0.001631
629	0.001463
630	0.001226
631	0.000973
632	0.000770
633	0.000681
634	0.000755
635	0.001008
636	0.001426
637	0.001953
638	0.002512
639	0.003023
640	0.003414
641	0.003649
642	0.003722
643	0.003671
644	0.003555
645	0.003457
646	0.003448
647	0.003591
648	0.003917
649	0.004428
650	0.005072
651	0.005790
652	0.006507
653	0.007142
654	0.007623
655	0.007948
656	0.008167
657	0.008378
658	0.008693
659	0.009192
660	0.009935
661	0.010900
662	0.011996
663	0.013100
664	0.014114
665	0.014931
666	0.015513
667	0.015859
668	0.015970
669	0.015930
670	0.015867
