# Spalte1: Wellenlänge [nm]
# Spalte2: Intensität
350	0.350310
351	0.402338
352	0.473640
353	0.552062
354	0.637908
355	0.710631
356	0.774915
357	0.820315
358	0.855223
359	0.891377
360	0.931964
361	0.969842
362	1.005797
363	1.036693
364	1.062857
365	1.085268
366	1.108336
367	1.137357
368	1.162600
369	1.183411
370	1.197436
371	1.212745
372	1.224466
373	1.238057
374	1.240274
375	1.237610
376	1.227061
377	1.213469
378	1.189113
379	1.168170
380	1.130872
381	1.094073
382	1.055414
383	1.014969
384	0.964972
385	0.913987
386	0.862846
387	0.810522
388	0.757176
389	0.702416
390	0.648743
391	0.598333
392	0.550301
393	0.503850
394	0.457301
395	0.410015
396	0.365847
397	0.323175
398	0.281008
399	0.241818
400	0.203612
401	0.168689
402	0.136912
403	0.108272
404	0.082943
405	0.061555
406	0.043955
407	0.029564
408	0.018305
409	0.009919
410	0.004135
411	0.000545
412	0.000000
413	0.000000
414	0.000000
415	0.000105
416	0.001272
417	0.002489
418	0.003446
419	0.004061
420	0.004327
421	0.004285
422	0.004020
423	0.003636
424	0.003220
425	0.002838
426	0.002533
427	0.002326
428	0.002208
429	0.002165
430	0.002170
431	0.002200
432	0.002223
433	0.002216
434	0.002163
435	0.002052
436	0.001889
437	0.001688
438	0.001472
439	0.001265
440	0.001091
441	0.000965
442	0.000895
443	0.000883
444	0.000925
445	0.001014
446	0.001139
447	0.001293
448	0.001465
449	0.001646
450	0.001818
451	0.001967
452	0.002080
453	0.002141
454	0.002146
455	0.002087
456	0.001967
457	0.001794
458	0.001584
459	0.001362
460	0.001149
461	0.000968
462	0.000841
463	0.000780
464	0.000790
465	0.000865
466	0.000990
467	0.001145
468	0.001309
469	0.001459
470	0.001574
471	0.001642
472	0.001655
473	0.001617
474	0.001539
475	0.001437
476	0.001325
477	0.001214
478	0.001117
479	0.001044
480	0.001001
481	0.000988
482	0.001007
483	0.001054
484	0.001123
485	0.001206
486	0.001298
487	0.001388
488	0.001469
489	0.001538
490	0.001589
491	0.001624
492	0.001639
493	0.001633
494	0.001603
495	0.001551
496	0.001477
497	0.001383
498	0.001270
499	0.001150
500	0.001032
501	0.000922
502	0.000829
503	0.000759
504	0.000715
505	0.000694
506	0.000694
507	0.000711
508	0.000743
509	0.000786
510	0.000838
511	0.000897
512	0.000958
513	0.001017
514	0.001070
515	0.001115
516	0.001153
517	0.001187
518	0.001219
519	0.001251
520	0.001280
521	0.001306
522	0.001324
523	0.001329
524	0.001314
525	0.001279
526	0.001227
527	0.001166
528	0.001110
529	0.001070
530	0.001057
531	0.001077
532	0.001131
533	0.001206
534	0.001287
535	0.001354
536	0.001387
537	0.001376
538	0.001317
539	0.001218
540	0.001090
541	0.000946
542	0.000803
543	0.000671
544	0.000560
545	0.000476
546	0.000426
547	0.000413
548	0.000435
549	0.000488
550	0.000564
551	0.000649
552	0.000727
553	0.000779
554	0.000792
555	0.000754
556	0.000667
557	0.000540
558	0.000390
559	0.000242
560	0.000124
561	0.000059
562	0.000060
563	0.000130
564	0.000260
565	0.000422
566	0.000582
567	0.000709
568	0.000787
569	0.000812
570	0.000788
571	0.000721
572	0.000620
573	0.000504
574	0.000397
575	0.000323
576	0.000299
577	0.000330
578	0.000413
579	0.000534
580	0.000673
581	0.000808
582	0.000922
583	0.001003
584	0.001044
585	0.001045
586	0.001006
587	0.000933
588	0.000830
589	0.000710
590	0.000583
591	0.000466
592	0.000373
593	0.000319
594	0.000309
595	0.000340
596	0.000401
597	0.000475
598	0.000540
599	0.000580
600	0.000581
601	0.000543
602	0.000470
603	0.000380
604	0.000292
605	0.000226
606	0.000199
607	0.000220
608	0.000287
609	0.000392
610	0.000517
611	0.000643
612	0.000748
613	0.000818
614	0.000845
615	0.000830
616	0.000780
617	0.000712
618	0.000645
619	0.000600
620	0.000593
621	0.000636
622	0.000731
623	0.000869
624	0.001029
625	0.001180
626	0.001285
627	0.001311
628	0.001239
629	0.001063
630	0.000808
631	0.000513
632	0.000233
633	0.000024
634	0.000000
635	0.000000
636	0.000065
637	0.000264
638	0.000489
639	0.000699
640	0.000863
641	0.000971
642	0.001021
643	0.001021
644	0.000980
645	0.000910
646	0.000822
647	0.000732
648	0.000654
649	0.000601
650	0.000575
651	0.000571
652	0.000576
653	0.000573
654	0.000550
655	0.000506
656	0.000447
657	0.000383
658	0.000327
659	0.000285
660	0.000265
661	0.000269
662	0.000296
663	0.000340
664	0.000396
665	0.000455
666	0.000515
667	0.000574
668	0.000635
669	0.000697
670	0.000758
