# Spalte1: Wellenlänge [nm]
# Spalte2: Intensität
350	0.293441
351	0.311149
352	0.344468
353	0.387048
354	0.440304
355	0.490435
356	0.540357
357	0.581832
358	0.619087
359	0.659243
360	0.703685
361	0.746044
362	0.785781
363	0.819487
364	0.846654
365	0.867564
366	0.885766
367	0.905817
368	0.920500
369	0.930111
370	0.933881
371	0.939163
372	0.943109
373	0.950841
374	0.952845
375	0.954487
376	0.953538
377	0.953593
378	0.947973
379	0.947158
380	0.934245
381	0.921868
382	0.907241
383	0.889711
384	0.861799
385	0.830498
386	0.796463
387	0.758803
388	0.717788
389	0.673195
390	0.627745
391	0.583967
392	0.541459
393	0.499885
394	0.458019
395	0.415519
396	0.376474
397	0.339311
398	0.302799
399	0.269228
400	0.235935
401	0.204944
402	0.175678
403	0.147828
404	0.121475
405	0.097598
406	0.076410
407	0.057551
408	0.041457
409	0.028230
410	0.017964
411	0.010469
412	0.005477
413	0.002543
414	0.001220
415	0.000993
416	0.001409
417	0.002097
418	0.002771
419	0.003254
420	0.003469
421	0.003408
422	0.003120
423	0.002691
424	0.002204
425	0.001726
426	0.001305
427	0.000965
428	0.000703
429	0.000511
430	0.000370
431	0.000268
432	0.000193
433	0.000143
434	0.000116
435	0.000115
436	0.000139
437	0.000186
438	0.000248
439	0.000316
440	0.000383
441	0.000442
442	0.000491
443	0.000535
444	0.000581
445	0.000640
446	0.000715
447	0.000807
448	0.000910
449	0.001010
450	0.001094
451	0.001151
452	0.001177
453	0.001175
454	0.001151
455	0.001110
456	0.001057
457	0.000988
458	0.000901
459	0.000796
460	0.000677
461	0.000555
462	0.000450
463	0.000383
464	0.000370
465	0.000416
466	0.000518
467	0.000663
468	0.000831
469	0.001004
470	0.001165
471	0.001302
472	0.001407
473	0.001477
474	0.001514
475	0.001524
476	0.001509
477	0.001475
478	0.001430
479	0.001381
480	0.001334
481	0.001289
482	0.001245
483	0.001196
484	0.001137
485	0.001065
486	0.000981
487	0.000887
488	0.000790
489	0.000702
490	0.000632
491	0.000587
492	0.000570
493	0.000578
494	0.000604
495	0.000641
496	0.000678
497	0.000708
498	0.000723
499	0.000722
500	0.000704
501	0.000671
502	0.000629
503	0.000585
504	0.000548
505	0.000524
506	0.000522
507	0.000545
508	0.000588
509	0.000645
510	0.000702
511	0.000745
512	0.000762
513	0.000748
514	0.000706
515	0.000648
516	0.000589
517	0.000546
518	0.000532
519	0.000549
520	0.000594
521	0.000656
522	0.000725
523	0.000794
524	0.000855
525	0.000906
526	0.000943
527	0.000958
528	0.000946
529	0.000899
530	0.000812
531	0.000690
532	0.000545
533	0.000398
534	0.000275
535	0.000196
536	0.000176
537	0.000215
538	0.000302
539	0.000416
540	0.000533
541	0.000630
542	0.000690
543	0.000708
544	0.000684
545	0.000630
546	0.000561
547	0.000494
548	0.000446
549	0.000426
550	0.000440
551	0.000480
552	0.000536
553	0.000590
554	0.000626
555	0.000632
556	0.000608
557	0.000558
558	0.000498
559	0.000441
560	0.000399
561	0.000382
562	0.000392
563	0.000428
564	0.000481
565	0.000541
566	0.000596
567	0.000637
568	0.000660
569	0.000659
570	0.000630
571	0.000570
572	0.000479
573	0.000368
574	0.000255
575	0.000161
576	0.000108
577	0.000110
578	0.000170
579	0.000284
580	0.000435
581	0.000598
582	0.000746
583	0.000855
584	0.000906
585	0.000895
586	0.000826
587	0.000710
588	0.000566
589	0.000420
590	0.000293
591	0.000204
592	0.000167
593	0.000186
594	0.000253
595	0.000352
596	0.000463
597	0.000567
598	0.000648
599	0.000698
600	0.000715
601	0.000702
602	0.000665
603	0.000613
604	0.000560
605	0.000519
606	0.000504
607	0.000522
608	0.000575
609	0.000655
610	0.000747
611	0.000831
612	0.000887
613	0.000897
614	0.000853
615	0.000749
616	0.000592
617	0.000400
618	0.000202
619	0.000030
620	0.000000
621	0.000000
622	0.000000
623	0.000088
624	0.000293
625	0.000537
626	0.000792
627	0.001038
628	0.001254
629	0.001418
630	0.001509
631	0.001508
632	0.001406
633	0.001214
634	0.000955
635	0.000670
636	0.000402
637	0.000192
638	0.000072
639	0.000054
640	0.000145
641	0.000329
642	0.000584
643	0.000871
644	0.001150
645	0.001382
646	0.001534
647	0.001588
648	0.001548
649	0.001424
650	0.001242
651	0.001036
652	0.000839
653	0.000679
654	0.000576
655	0.000542
656	0.000576
657	0.000667
658	0.000788
659	0.000904
660	0.000985
661	0.001008
662	0.000973
663	0.000896
664	0.000808
665	0.000744
666	0.000734
667	0.000793
668	0.000918
669	0.001091
670	0.001281
