# Spalte1: Wellenlänge [nm]
# Spalte2: Intensität
350	0.810277
351	0.820900
352	0.859936
353	0.911595
354	0.980605
355	1.038290
356	1.095034
357	1.137764
358	1.178267
359	1.231892
360	1.302261
361	1.378926
362	1.461627
363	1.544146
364	1.624850
365	1.702996
366	1.783409
367	1.873387
368	1.956193
369	2.029766
370	2.089803
371	2.150927
372	2.205975
373	2.266727
374	2.311191
375	2.353193
376	2.388967
377	2.429775
378	2.461054
379	2.512196
380	2.540373
381	2.580280
382	2.624892
383	2.671871
384	2.696734
385	2.717639
386	2.733934
387	2.739533
388	2.732049
389	2.706811
390	2.671360
391	2.634868
392	2.595155
393	2.549827
394	2.491584
395	2.416581
396	2.347514
397	2.276091
398	2.194246
399	2.119182
400	2.031379
401	1.947275
402	1.863183
403	1.775690
404	1.683424
405	1.596368
406	1.517149
407	1.436851
408	1.359995
409	1.284745
410	1.213162
411	1.146503
412	1.089824
413	1.036965
414	0.986767
415	0.946600
416	0.909414
417	0.875848
418	0.846072
419	0.819255
420	0.794742
421	0.771068
422	0.748490
423	0.727218
424	0.706731
425	0.686627
426	0.667135
427	0.648400
428	0.629818
429	0.611689
430	0.593436
431	0.576510
432	0.559911
433	0.543980
434	0.528437
435	0.512763
436	0.496986
437	0.481478
438	0.466307
439	0.451139
440	0.436816
441	0.422244
442	0.407801
443	0.393295
444	0.378822
445	0.364099
446	0.349199
447	0.334020
448	0.318570
449	0.303162
450	0.287240
451	0.271113
452	0.254895
453	0.238925
454	0.223671
455	0.208795
456	0.194619
457	0.180920
458	0.168026
459	0.155973
460	0.144582
461	0.133681
462	0.123356
463	0.113570
464	0.104085
465	0.094688
466	0.085290
467	0.075817
468	0.066386
469	0.057193
470	0.048307
471	0.039934
472	0.032293
473	0.025545
474	0.019882
475	0.015338
476	0.011840
477	0.009264
478	0.007463
479	0.006254
480	0.005452
481	0.004868
482	0.004371
483	0.003875
484	0.003333
485	0.002748
486	0.002152
487	0.001593
488	0.001119
489	0.000778
490	0.000594
491	0.000571
492	0.000688
493	0.000903
494	0.001157
495	0.001394
496	0.001563
497	0.001629
498	0.001573
499	0.001409
500	0.001160
501	0.000869
502	0.000583
503	0.000346
504	0.000188
505	0.000123
506	0.000149
507	0.000245
508	0.000384
509	0.000529
510	0.000647
511	0.000714
512	0.000715
513	0.000647
514	0.000519
515	0.000349
516	0.000165
517	0.000000
518	0.000000
519	0.000000
520	0.000000
521	0.000000
522	0.000035
523	0.000223
524	0.000431
525	0.000633
526	0.000806
527	0.000935
528	0.001013
529	0.001037
530	0.001010
531	0.000936
532	0.000824
533	0.000681
534	0.000518
535	0.000345
536	0.000176
537	0.000025
538	0.000000
539	0.000000
540	0.000000
541	0.000000
542	0.000000
543	0.000000
544	0.000066
545	0.000190
546	0.000319
547	0.000448
548	0.000569
549	0.000676
550	0.000760
551	0.000809
552	0.000814
553	0.000766
554	0.000666
555	0.000518
556	0.000340
557	0.000151
558	0.000000
559	0.000000
560	0.000000
561	0.000000
562	0.000000
563	0.000000
564	0.000010
565	0.000158
566	0.000309
567	0.000429
568	0.000504
569	0.000533
570	0.000516
571	0.000460
572	0.000370
573	0.000265
574	0.000165
575	0.000093
576	0.000067
577	0.000092
578	0.000162
579	0.000262
580	0.000369
581	0.000459
582	0.000513
583	0.000524
584	0.000494
585	0.000435
586	0.000365
587	0.000300
588	0.000257
589	0.000245
590	0.000266
591	0.000318
592	0.000392
593	0.000476
594	0.000556
595	0.000614
596	0.000636
597	0.000614
598	0.000546
599	0.000442
600	0.000322
601	0.000209
602	0.000128
603	0.000095
604	0.000117
605	0.000186
606	0.000287
607	0.000397
608	0.000493
609	0.000560
610	0.000591
611	0.000591
612	0.000576
613	0.000566
614	0.000580
615	0.000624
616	0.000692
617	0.000765
618	0.000815
619	0.000817
620	0.000763
621	0.000658
622	0.000526
623	0.000399
624	0.000314
625	0.000294
626	0.000350
627	0.000480
628	0.000662
629	0.000870
630	0.001066
631	0.001215
632	0.001281
633	0.001245
634	0.001100
635	0.000864
636	0.000573
637	0.000275
638	0.000025
639	0.000000
640	0.000000
641	0.000000
642	0.000000
643	0.000000
644	0.000000
645	0.000000
646	0.000000
647	0.000000
648	0.000000
649	0.000026
650	0.000159
651	0.000362
652	0.000636
653	0.000961
654	0.001292
655	0.001570
656	0.001735
657	0.001750
658	0.001616
659	0.001373
660	0.001094
661	0.000853
662	0.000712
663	0.000706
664	0.000841
665	0.001088
666	0.001401
667	0.001730
668	0.002021
669	0.002242
670	0.002379
