# Spalte1: Wellenlänge [nm]
# Spalte2: Intensität
350	0.440140
351	0.441713
352	0.459485
353	0.485520
354	0.522244
355	0.553895
356	0.585208
357	0.608223
358	0.628358
359	0.653075
360	0.683611
361	0.713804
362	0.743300
363	0.768978
364	0.790395
365	0.807727
366	0.823975
367	0.843003
368	0.857687
369	0.867839
370	0.872236
371	0.877283
372	0.879895
373	0.884428
374	0.881757
375	0.876782
376	0.867513
377	0.857442
378	0.841023
379	0.828120
380	0.804511
381	0.781882
382	0.758274
383	0.733465
384	0.701557
385	0.668466
386	0.634610
387	0.599085
388	0.561889
389	0.522636
390	0.483206
391	0.445330
392	0.408531
393	0.372469
394	0.336243
395	0.299727
396	0.266019
397	0.234110
398	0.203316
399	0.175314
400	0.148453
401	0.124138
402	0.102007
403	0.081855
404	0.063705
405	0.048022
406	0.034776
407	0.023651
408	0.014724
409	0.007912
410	0.003097
411	0.000209
412	0.000000
413	0.000000
414	0.000000
415	0.000000
416	0.000074
417	0.001062
418	0.001912
419	0.002502
420	0.002801
421	0.002819
422	0.002609
423	0.002259
424	0.001853
425	0.001466
426	0.001159
427	0.000962
428	0.000877
429	0.000886
430	0.000957
431	0.001062
432	0.001174
433	0.001283
434	0.001390
435	0.001504
436	0.001630
437	0.001772
438	0.001919
439	0.002052
440	0.002150
441	0.002189
442	0.002159
443	0.002063
444	0.001918
445	0.001750
446	0.001590
447	0.001465
448	0.001392
449	0.001384
450	0.001433
451	0.001532
452	0.001663
453	0.001809
454	0.001951
455	0.002065
456	0.002133
457	0.002135
458	0.002062
459	0.001911
460	0.001684
461	0.001394
462	0.001068
463	0.000737
464	0.000433
465	0.000189
466	0.000029
467	0.000000
468	0.000000
469	0.000104
470	0.000255
471	0.000411
472	0.000540
473	0.000612
474	0.000616
475	0.000552
476	0.000438
477	0.000299
478	0.000167
479	0.000074
480	0.000049
481	0.000106
482	0.000247
483	0.000462
484	0.000727
485	0.001014
486	0.001294
487	0.001536
488	0.001718
489	0.001829
490	0.001863
491	0.001827
492	0.001729
493	0.001588
494	0.001427
495	0.001271
496	0.001142
497	0.001052
498	0.001005
499	0.001001
500	0.001024
501	0.001054
502	0.001071
503	0.001059
504	0.001012
505	0.000928
506	0.000816
507	0.000694
508	0.000581
509	0.000500
510	0.000464
511	0.000479
512	0.000539
513	0.000626
514	0.000714
515	0.000775
516	0.000785
517	0.000735
518	0.000628
519	0.000486
520	0.000345
521	0.000240
522	0.000202
523	0.000245
524	0.000364
525	0.000536
526	0.000727
527	0.000901
528	0.001029
529	0.001095
530	0.001095
531	0.001034
532	0.000927
533	0.000792
534	0.000649
535	0.000520
536	0.000426
537	0.000388
538	0.000422
539	0.000534
540	0.000716
541	0.000948
542	0.001198
543	0.001423
544	0.001581
545	0.001639
546	0.001575
547	0.001383
548	0.001083
549	0.000711
550	0.000316
551	0.000009
552	0.000000
553	0.000000
554	0.000000
555	0.000000
556	0.000000
557	0.000042
558	0.000331
559	0.000594
560	0.000795
561	0.000911
562	0.000936
563	0.000868
564	0.000718
565	0.000509
566	0.000286
567	0.000094
568	0.000000
569	0.000000
570	0.000000
571	0.000111
572	0.000309
573	0.000541
574	0.000768
575	0.000952
576	0.001062
577	0.001081
578	0.001007
579	0.000857
580	0.000658
581	0.000449
582	0.000268
583	0.000151
584	0.000117
585	0.000172
586	0.000301
587	0.000476
588	0.000657
589	0.000804
590	0.000883
591	0.000873
592	0.000774
593	0.000605
594	0.000404
595	0.000217
596	0.000090
597	0.000055
598	0.000127
599	0.000293
600	0.000520
601	0.000767
602	0.000986
603	0.001141
604	0.001207
605	0.001174
606	0.001048
607	0.000844
608	0.000589
609	0.000319
610	0.000074
611	0.000000
612	0.000000
613	0.000000
614	0.000013
615	0.000242
616	0.000545
617	0.000863
618	0.001154
619	0.001376
620	0.001505
621	0.001531
622	0.001457
623	0.001309
624	0.001121
625	0.000931
626	0.000771
627	0.000663
628	0.000610
629	0.000608
630	0.000642
631	0.000694
632	0.000748
633	0.000785
634	0.000794
635	0.000764
636	0.000696
637	0.000598
638	0.000489
639	0.000395
640	0.000347
641	0.000374
642	0.000495
643	0.000709
644	0.000994
645	0.001305
646	0.001583
647	0.001770
648	0.001830
649	0.001745
650	0.001531
651	0.001229
652	0.000889
653	0.000559
654	0.000282
655	0.000092
656	0.000009
657	0.000047
658	0.000199
659	0.000443
660	0.000744
661	0.001059
662	0.001342
663	0.001556
664	0.001677
665	0.001691
666	0.001599
667	0.001412
668	0.001152
669	0.000860
670	0.000591
