# Spalte1: Wellenlänge [nm]
# Spalte2: Intensität
350	0.396892
351	0.508644
352	0.647229
353	0.792845
354	0.945100
355	1.074481
356	1.189791
357	1.278266
358	1.356279
359	1.445909
360	1.555953
361	1.677748
362	1.813186
363	1.955521
364	2.102424
365	2.251943
366	2.408888
367	2.581907
368	2.746809
369	2.898726
370	3.029610
371	3.159250
372	3.276424
373	3.397909
374	3.490466
375	3.574743
376	3.645456
377	3.720665
378	3.779568
379	3.868978
380	3.924628
381	4.001385
382	4.089302
383	4.184863
384	4.248966
385	4.308588
386	4.360933
387	4.394524
388	4.403930
389	4.380320
390	4.335380
391	4.284238
392	4.224026
393	4.151737
394	4.056606
395	3.933414
396	3.819928
397	3.703226
398	3.570460
399	3.449612
400	3.308709
401	3.174173
402	3.039599
403	2.899046
404	2.749972
405	2.608486
406	2.478838
407	2.346534
408	2.219093
409	2.093683
410	1.973831
411	1.861704
412	1.765555
413	1.675391
414	1.589367
415	1.519388
416	1.454146
417	1.394782
418	1.341692
419	1.293656
420	1.249718
421	1.207611
422	1.167754
423	1.130413
424	1.094713
425	1.059976
426	1.026529
427	0.994582
428	0.963231
429	0.932974
430	0.902987
431	0.875516
432	0.849022
433	0.823978
434	0.799865
435	0.775764
436	0.751539
437	0.727579
438	0.703824
439	0.679623
440	0.656155
441	0.631748
442	0.606998
443	0.581709
444	0.556164
445	0.530149
446	0.503989
447	0.477768
448	0.451725
449	0.426504
450	0.401434
451	0.377005
452	0.353342
453	0.330806
454	0.309846
455	0.289752
456	0.270726
457	0.252232
458	0.234542
459	0.217597
460	0.201128
461	0.184956
462	0.169332
463	0.154384
464	0.139999
465	0.126089
466	0.112699
467	0.099836
468	0.087687
469	0.076466
470	0.066126
471	0.056758
472	0.048441
473	0.041167
474	0.035002
475	0.029860
476	0.025557
477	0.021895
478	0.018728
479	0.015924
480	0.013378
481	0.010998
482	0.008774
483	0.006724
484	0.004886
485	0.003318
486	0.002079
487	0.001193
488	0.000661
489	0.000459
490	0.000532
491	0.000801
492	0.001176
493	0.001563
494	0.001880
495	0.002070
496	0.002103
497	0.001975
498	0.001703
499	0.001337
500	0.000925
501	0.000525
502	0.000189
503	0.000000
504	0.000000
505	0.000000
506	0.000002
507	0.000150
508	0.000372
509	0.000594
510	0.000787
511	0.000933
512	0.001023
513	0.001056
514	0.001032
515	0.000957
516	0.000838
517	0.000684
518	0.000507
519	0.000323
520	0.000153
521	0.000013
522	0.000000
523	0.000000
524	0.000000
525	0.000000
526	0.000004
527	0.000071
528	0.000144
529	0.000202
530	0.000242
531	0.000266
532	0.000280
533	0.000291
534	0.000306
535	0.000328
536	0.000360
537	0.000398
538	0.000439
539	0.000476
540	0.000502
541	0.000512
542	0.000502
543	0.000472
544	0.000424
545	0.000364
546	0.000299
547	0.000237
548	0.000186
549	0.000149
550	0.000126
551	0.000115
552	0.000110
553	0.000108
554	0.000106
555	0.000104
556	0.000102
557	0.000102
558	0.000105
559	0.000110
560	0.000118
561	0.000126
562	0.000137
563	0.000153
564	0.000177
565	0.000211
566	0.000256
567	0.000310
568	0.000368
569	0.000424
570	0.000472
571	0.000506
572	0.000518
573	0.000505
574	0.000470
575	0.000418
576	0.000357
577	0.000293
578	0.000234
579	0.000185
580	0.000149
581	0.000128
582	0.000126
583	0.000143
584	0.000180
585	0.000237
586	0.000310
587	0.000389
588	0.000462
589	0.000514
590	0.000535
591	0.000520
592	0.000475
593	0.000410
594	0.000346
595	0.000298
596	0.000277
597	0.000286
598	0.000322
599	0.000374
600	0.000431
601	0.000483
602	0.000522
603	0.000545
604	0.000549
605	0.000536
606	0.000507
607	0.000464
608	0.000412
609	0.000357
610	0.000309
611	0.000278
612	0.000274
613	0.000304
614	0.000369
615	0.000461
616	0.000573
617	0.000689
618	0.000798
619	0.000887
620	0.000951
621	0.000991
622	0.001007
623	0.001005
624	0.000992
625	0.000975
626	0.000957
627	0.000943
628	0.000931
629	0.000918
630	0.000900
631	0.000872
632	0.000834
633	0.000785
634	0.000731
635	0.000678
636	0.000633
637	0.000605
638	0.000599
639	0.000619
640	0.000664
641	0.000730
642	0.000809
643	0.000890
644	0.000964
645	0.001023
646	0.001064
647	0.001088
648	0.001101
649	0.001113
650	0.001133
651	0.001173
652	0.001241
653	0.001337
654	0.001450
655	0.001566
656	0.001669
657	0.001743
658	0.001773
659	0.001757
660	0.001704
661	0.001628
662	0.001551
663	0.001490
664	0.001466
665	0.001485
666	0.001545
667	0.001632
668	0.001720
669	0.001780
670	0.001795
