# Spalte1: Wellenlänge [nm]
# Spalte2: Intensität
350	0.087343
351	0.080463
352	0.076602
353	0.075179
354	0.076895
355	0.079469
356	0.083452
357	0.087365
358	0.091491
359	0.096509
360	0.102298
361	0.107677
362	0.112396
363	0.115872
364	0.118018
365	0.118928
366	0.119228
367	0.119711
368	0.119644
369	0.119363
370	0.119034
371	0.119775
372	0.121311
373	0.124310
374	0.127393
375	0.131025
376	0.134638
377	0.138479
378	0.141366
379	0.144740
380	0.146004
381	0.147132
382	0.147836
383	0.148177
384	0.147048
385	0.145729
386	0.144419
387	0.142969
388	0.141364
389	0.139405
390	0.137420
391	0.135753
392	0.134138
393	0.132282
394	0.129651
395	0.125937
396	0.122276
397	0.118245
398	0.113499
399	0.109030
400	0.103941
401	0.099180
402	0.094624
403	0.090128
404	0.085615
405	0.081554
406	0.078023
407	0.074496
408	0.071140
409	0.067795
410	0.064515
411	0.061334
412	0.058505
413	0.055703
414	0.052893
415	0.050529
416	0.048300
417	0.046319
418	0.044666
419	0.043341
420	0.042328
421	0.041536
422	0.040938
423	0.040482
424	0.040068
425	0.039611
426	0.039066
427	0.038412
428	0.037603
429	0.036671
430	0.035607
431	0.034544
432	0.033472
433	0.032459
434	0.031527
435	0.030678
436	0.029921
437	0.029273
438	0.028720
439	0.028210
440	0.027757
441	0.027254
442	0.026690
443	0.026027
444	0.025251
445	0.024343
446	0.023319
447	0.022195
448	0.021004
449	0.019808
450	0.018614
451	0.017480
452	0.016446
453	0.015552
454	0.014830
455	0.014242
456	0.013778
457	0.013379
458	0.013017
459	0.012644
460	0.012204
461	0.011655
462	0.010990
463	0.010216
464	0.009336
465	0.008373
466	0.007364
467	0.006346
468	0.005368
469	0.004476
470	0.003690
471	0.003032
472	0.002513
473	0.002130
474	0.001875
475	0.001724
476	0.001647
477	0.001609
478	0.001581
479	0.001538
480	0.001463
481	0.001349
482	0.001199
483	0.001025
484	0.000843
485	0.000673
486	0.000536
487	0.000444
488	0.000407
489	0.000429
490	0.000508
491	0.000633
492	0.000786
493	0.000945
494	0.001088
495	0.001194
496	0.001251
497	0.001255
498	0.001207
499	0.001123
500	0.001018
501	0.000907
502	0.000806
503	0.000729
504	0.000684
505	0.000672
506	0.000695
507	0.000746
508	0.000819
509	0.000900
510	0.000977
511	0.001036
512	0.001068
513	0.001066
514	0.001027
515	0.000959
516	0.000874
517	0.000785
518	0.000707
519	0.000653
520	0.000628
521	0.000634
522	0.000671
523	0.000732
524	0.000810
525	0.000897
526	0.000985
527	0.001064
528	0.001124
529	0.001154
530	0.001144
531	0.001089
532	0.000991
533	0.000857
534	0.000704
535	0.000552
536	0.000420
537	0.000328
538	0.000286
539	0.000298
540	0.000362
541	0.000466
542	0.000596
543	0.000733
544	0.000857
545	0.000947
546	0.000988
547	0.000966
548	0.000878
549	0.000730
550	0.000538
551	0.000323
552	0.000115
553	0.000000
554	0.000000
555	0.000000
556	0.000000
557	0.000000
558	0.000105
559	0.000321
560	0.000552
561	0.000774
562	0.000965
563	0.001102
564	0.001163
565	0.001134
566	0.001024
567	0.000863
568	0.000689
569	0.000528
570	0.000401
571	0.000316
572	0.000278
573	0.000289
574	0.000343
575	0.000429
576	0.000534
577	0.000642
578	0.000740
579	0.000817
580	0.000865
581	0.000880
582	0.000862
583	0.000817
584	0.000749
585	0.000667
586	0.000578
587	0.000488
588	0.000402
589	0.000325
590	0.000259
591	0.000208
592	0.000175
593	0.000164
594	0.000179
595	0.000225
596	0.000304
597	0.000414
598	0.000550
599	0.000699
600	0.000843
601	0.000963
602	0.001039
603	0.001056
604	0.001007
605	0.000895
606	0.000734
607	0.000547
608	0.000362
609	0.000207
610	0.000107
611	0.000075
612	0.000114
613	0.000220
614	0.000372
615	0.000546
616	0.000714
617	0.000848
618	0.000926
619	0.000929
620	0.000859
621	0.000729
622	0.000569
623	0.000420
624	0.000326
625	0.000317
626	0.000402
627	0.000569
628	0.000782
629	0.000993
630	0.001162
631	0.001261
632	0.001278
633	0.001228
634	0.001132
635	0.001018
636	0.000911
637	0.000830
638	0.000784
639	0.000776
640	0.000802
641	0.000853
642	0.000916
643	0.000975
644	0.001015
645	0.001023
646	0.000992
647	0.000921
648	0.000818
649	0.000695
650	0.000566
651	0.000452
652	0.000375
653	0.000356
654	0.000411
655	0.000547
656	0.000751
657	0.000990
658	0.001212
659	0.001362
660	0.001401
661	0.001311
662	0.001109
663	0.000835
664	0.000547
665	0.000300
666	0.000136
667	0.000074
668	0.000113
669	0.000227
670	0.000369
