# Spalte1: Wellenlänge [nm]
# Spalte2: Intensität
350	1.403788
351	1.211295
352	1.037598
353	0.877990
354	0.746320
355	0.626361
356	0.532142
357	0.459286
358	0.411036
359	0.387604
360	0.384080
361	0.392201
362	0.407025
363	0.422779
364	0.435862
365	0.443801
366	0.446863
367	0.446763
368	0.440070
369	0.427806
370	0.411063
371	0.394483
372	0.377911
373	0.364342
374	0.350773
375	0.339764
376	0.330792
377	0.325302
378	0.320965
379	0.321198
380	0.320043
381	0.321462
382	0.323964
383	0.326670
384	0.326039
385	0.323800
386	0.319563
387	0.312608
388	0.303005
389	0.290990
390	0.278486
391	0.267584
392	0.259099
393	0.253691
394	0.250969
395	0.250239
396	0.253076
397	0.257601
398	0.261571
399	0.265844
400	0.267113
401	0.266825
402	0.264313
403	0.259167
404	0.251387
405	0.242771
406	0.234175
407	0.224672
408	0.215347
409	0.206262
410	0.198023
411	0.190986
412	0.186033
413	0.182055
414	0.178637
415	0.176907
416	0.175428
417	0.174202
418	0.173226
419	0.172386
420	0.171608
421	0.170628
422	0.169515
423	0.168327
424	0.166935
425	0.165226
426	0.163240
427	0.161038
428	0.158524
429	0.155847
430	0.152950
431	0.150317
432	0.147799
433	0.145572
434	0.143621
435	0.141826
436	0.140152
437	0.138628
438	0.137176
439	0.135590
440	0.134040
441	0.132166
442	0.130111
443	0.127913
444	0.125763
445	0.123764
446	0.122127
447	0.120967
448	0.120376
449	0.120483
450	0.120962
451	0.121748
452	0.122647
453	0.123533
454	0.124361
455	0.124684
456	0.124426
457	0.123222
458	0.121089
459	0.117982
460	0.113817
461	0.108606
462	0.102699
463	0.096470
464	0.090225
465	0.084298
466	0.079071
467	0.074828
468	0.071874
469	0.070432
470	0.070331
471	0.071377
472	0.073264
473	0.075522
474	0.077833
475	0.079855
476	0.081199
477	0.081540
478	0.080857
479	0.079262
480	0.076941
481	0.074020
482	0.070780
483	0.067446
484	0.064141
485	0.061080
486	0.058489
487	0.056433
488	0.054912
489	0.054012
490	0.053656
491	0.053752
492	0.054110
493	0.054495
494	0.054711
495	0.054700
496	0.054425
497	0.053813
498	0.052791
499	0.051596
500	0.050212
501	0.048709
502	0.047184
503	0.045764
504	0.044597
505	0.043636
506	0.042866
507	0.042202
508	0.041557
509	0.040872
510	0.040191
511	0.039553
512	0.039022
513	0.038644
514	0.038421
515	0.038311
516	0.038302
517	0.038293
518	0.038179
519	0.037859
520	0.037298
521	0.036531
522	0.035678
523	0.034818
524	0.034052
525	0.033459
526	0.033094
527	0.032964
528	0.033071
529	0.033338
530	0.033650
531	0.033933
532	0.034143
533	0.034201
534	0.034114
535	0.033866
536	0.033448
537	0.032908
538	0.032284
539	0.031676
540	0.031128
541	0.030716
542	0.030519
543	0.030535
544	0.030697
545	0.030942
546	0.031147
547	0.031158
548	0.030891
549	0.030352
550	0.029586
551	0.028657
552	0.027707
553	0.026816
554	0.026095
555	0.025606
556	0.025438
557	0.025600
558	0.026095
559	0.026823
560	0.027690
561	0.028650
562	0.029667
563	0.030491
564	0.030806
565	0.030263
566	0.028844
567	0.026776
568	0.024441
569	0.022113
570	0.020000
571	0.018168
572	0.016649
573	0.015525
574	0.014873
575	0.014688
576	0.014919
577	0.015445
578	0.016160
579	0.016959
580	0.017751
581	0.018487
582	0.019150
583	0.019744
584	0.020259
585	0.020690
586	0.021028
587	0.021233
588	0.021285
589	0.021213
590	0.021047
591	0.020851
592	0.020702
593	0.020667
594	0.020805
595	0.021129
596	0.021617
597	0.022222
598	0.022887
599	0.023552
600	0.024135
601	0.024578
602	0.024872
603	0.025025
604	0.025036
605	0.024966
606	0.024888
607	0.024845
608	0.024907
609	0.025097
610	0.025459
611	0.025938
612	0.026508
613	0.027112
614	0.027710
615	0.028194
616	0.028502
617	0.028594
618	0.028465
619	0.028065
620	0.027432
621	0.026619
622	0.025716
623	0.024861
624	0.024303
625	0.024241
626	0.024823
627	0.026138
628	0.028069
629	0.030396
630	0.032809
631	0.034994
632	0.036641
633	0.037570
634	0.037605
635	0.036690
636	0.034825
637	0.032231
638	0.029246
639	0.026408
640	0.024322
641	0.023455
642	0.024119
643	0.026224
644	0.029483
645	0.033426
646	0.037499
647	0.041247
648	0.044364
649	0.046592
650	0.047816
651	0.048202
652	0.048022
653	0.047534
654	0.046876
655	0.046234
656	0.045645
657	0.045049
658	0.044292
659	0.043246
660	0.042019
661	0.040759
662	0.039682
663	0.038995
664	0.038947
665	0.039551
666	0.040747
667	0.042341
668	0.043979
669	0.045430
670	0.046624
