# Spalte1: Wellenlänge [nm]
# Spalte2: Intensität
350	0.027694
351	0.023728
352	0.019741
353	0.015620
354	0.011727
355	0.007999
356	0.004905
357	0.002624
358	0.001265
359	0.000761
360	0.000973
361	0.001752
362	0.002927
363	0.004331
364	0.005828
365	0.007313
366	0.008739
367	0.010106
368	0.011296
369	0.012255
370	0.012928
371	0.013394
372	0.013617
373	0.013696
374	0.013560
375	0.013374
376	0.013206
377	0.013211
378	0.013380
379	0.013905
380	0.014541
381	0.015428
382	0.016428
383	0.017410
384	0.018100
385	0.018517
386	0.018622
387	0.018398
388	0.017897
389	0.017197
390	0.016472
391	0.015887
392	0.015506
393	0.015370
394	0.015448
395	0.015689
396	0.016193
397	0.016854
398	0.017538
399	0.018313
400	0.018954
401	0.019550
402	0.020033
403	0.020339
404	0.020426
405	0.020398
406	0.020292
407	0.019998
408	0.019583
409	0.019035
410	0.018405
411	0.017745
412	0.017165
413	0.016602
414	0.016068
415	0.015711
416	0.015445
417	0.015302
418	0.015303
419	0.015435
420	0.015681
421	0.015992
422	0.016346
423	0.016722
424	0.017091
425	0.017442
426	0.017788
427	0.018153
428	0.018539
429	0.018971
430	0.019432
431	0.019962
432	0.020514
433	0.021083
434	0.021646
435	0.022176
436	0.022674
437	0.023165
438	0.023664
439	0.024163
440	0.024711
441	0.025251
442	0.025805
443	0.026365
444	0.026948
445	0.027552
446	0.028201
447	0.028908
448	0.029688
449	0.030575
450	0.031504
451	0.032479
452	0.033474
453	0.034490
454	0.035553
455	0.036580
456	0.037589
457	0.038511
458	0.039387
459	0.040226
460	0.041001
461	0.041685
462	0.042350
463	0.043057
464	0.043809
465	0.044597
466	0.045430
467	0.046278
468	0.047158
469	0.048109
470	0.049034
471	0.049898
472	0.050691
473	0.051370
474	0.052038
475	0.052770
476	0.053551
477	0.054319
478	0.055120
479	0.055995
480	0.056973
481	0.057974
482	0.059026
483	0.060128
484	0.061200
485	0.062253
486	0.063334
487	0.064372
488	0.065269
489	0.066108
490	0.066883
491	0.067663
492	0.068459
493	0.069252
494	0.070044
495	0.070948
496	0.072026
497	0.073220
498	0.074393
499	0.075789
500	0.077276
501	0.078800
502	0.080352
503	0.082006
504	0.083958
505	0.086143
506	0.088635
507	0.091421
508	0.094489
509	0.097814
510	0.101517
511	0.105628
512	0.110193
513	0.115224
514	0.120700
515	0.126605
516	0.133177
517	0.140490
518	0.148617
519	0.157556
520	0.167344
521	0.178083
522	0.190066
523	0.203258
524	0.217679
525	0.233279
526	0.250151
527	0.268404
528	0.288614
529	0.311076
530	0.335831
531	0.363171
532	0.393438
533	0.426141
534	0.461314
535	0.498423
536	0.536611
537	0.575757
538	0.615416
539	0.656304
540	0.698184
541	0.741733
542	0.788578
543	0.839550
544	0.894959
545	0.956329
546	1.023945
547	1.096495
548	1.173338
549	1.255027
550	1.341414
551	1.431021
552	1.524760
553	1.620040
554	1.716272
555	1.811110
556	1.906557
557	2.002361
558	2.101578
559	2.203110
560	2.309164
561	2.428155
562	2.569863
563	2.725215
564	2.875785
565	2.992351
566	3.067176
567	3.110962
568	3.151883
569	3.210804
570	3.305229
571	3.432601
572	3.578358
573	3.733557
574	3.898891
575	4.070348
576	4.249524
577	4.431554
578	4.621228
579	4.820106
580	5.025495
581	5.236767
582	5.454205
583	5.679238
584	5.907953
585	6.140318
586	6.376872
587	6.609930
588	6.835767
589	7.058116
590	7.275492
591	7.489295
592	7.702158
593	7.913189
594	8.127633
595	8.343515
596	8.557357
597	8.765334
598	8.966864
599	9.162397
600	9.340401
601	9.494372
602	9.628312
603	9.745151
604	9.837103
605	9.914626
606	9.989371
607	10.059997
608	10.135973
609	10.212567
610	10.299809
611	10.381553
612	10.462391
613	10.542013
614	10.631751
615	10.713752
616	10.786631
617	10.848755
618	10.909364
619	10.958499
620	11.006804
621	11.060408
622	11.115067
623	11.159194
624	11.205060
625	11.244819
626	11.277050
627	11.313658
628	11.354770
629	11.397095
630	11.438285
631	11.474515
632	11.492055
633	11.497128
634	11.483531
635	11.451651
636	11.404454
637	11.351603
638	11.296877
639	11.248073
640	11.208450
641	11.172257
642	11.134233
643	11.069616
644	10.962483
645	10.804048
646	10.566405
647	10.243649
648	9.840453
649	9.353676
650	8.789631
651	8.194929
652	7.615620
653	7.079840
654	6.596561
655	6.179505
656	5.821086
657	5.499386
658	5.174242
659	4.802070
660	4.361740
661	3.837174
662	3.235098
663	2.582384
664	1.930967
665	1.332340
666	0.834369
667	0.466596
668	0.236724
669	0.134141
670	0.126892
