MIN=0	0	0	0	
MAX=56,56854249	300	300	25	
SCALE=10	100	100	10	
DEC=2	0	0	2	
DEF="Zeit" t / s	"Ereignisse" N_A1	"Ereignisse" N_B1	"Frequenz" f / Hz	
0	0	0	NAN	
0,02	0	0	NAN	
0,04	0	0	NAN	
0,061	0	0	NAN	
0,081	0	0	NAN	
0,101	0	0	NAN	
0,121	0	0	NAN	
0,141	0	0	NAN	
0,161	0	0	NAN	
0,181	0	0	NAN	
0,203	0	0	NAN	
0,221	0	0	NAN	
0,241	0	0	NAN	
0,261	0	0	NAN	
0,281	0	0	NAN	
0,301	0	0	NAN	
0,321	0	0	NAN	
0,341	0	0	NAN	
0,361	0	0	NAN	
0,381	0	0	NAN	
0,401	0	0	NAN	
0,421	0	0	NAN	
0,441	0	0	NAN	
0,461	0	0	NAN	
0,481	0	0	NAN	
0,501	0	0	NAN	
0,521	0	0	NAN	
0,541	0	0	NAN	
0,561	0	0	NAN	
0,581	0	0	NAN	
0,601	0	0	NAN	
0,621	0	0	NAN	
0,641	0	0	NAN	
0,661	0	0	NAN	
0,681	0	0	NAN	
0,701	0	0	NAN	
0,721	0	0	NAN	
0,741	0	0	NAN	
0,761	0	0	NAN	
0,781	0	0	NAN	
0,801	0	0	NAN	
0,821	0	0	NAN	
0,841	0	0	NAN	
0,861	0	0	NAN	
0,881	0	0	NAN	
0,901	0	0	NAN	
0,921	0	0	NAN	
0,941	0	0	NAN	
0,961	0	0	NAN	
0,981	0	0	NAN	
1,001	0	0	NAN	
1,021	0	0	NAN	
1,041	0	0	NAN	
1,061	0	0	NAN	
1,081	0	0	NAN	
1,101	0	0	NAN	
1,121	0	0	NAN	
1,141	0	0	NAN	
1,161	0	0	NAN	
1,181	0	0	NAN	
1,201	0	0	NAN	
1,221	0	0	NAN	
1,241	0	0	NAN	
1,261	0	0	NAN	
1,281	0	0	NAN	
1,301	0	0	NAN	
1,321	0	0	NAN	
1,341	0	0	NAN	
1,361	0	0	NAN	
1,381	0	0	NAN	
1,401	0	0	NAN	
1,421	0	0	NAN	
1,441	0	0	NAN	
1,461	0	0	NAN	
1,481	0	0	NAN	
1,501	0	0	NAN	
1,521	0	0	NAN	
1,541	0	0	NAN	
1,561	0	0	NAN	
1,581	0	0	NAN	
1,601	0	0	NAN	
1,621	0	0	NAN	
1,641	0	0	NAN	
1,661	0	0	NAN	
1,681	0	0	NAN	
1,701	0	0	NAN	
1,721	0	0	NAN	
1,741	0	0	NAN	
1,761	0	0	NAN	
1,781	0	0	NAN	
1,801	0	0	NAN	
1,821	0	0	NAN	
1,841	0	0	NAN	
1,861	0	0	NAN	
1,881	0	0	NAN	
1,901	0	0	NAN	
1,921	0	0	NAN	
1,941	0	0	NAN	
1,961	0	0	NAN	
1,981	0	0	NAN	
2,001	0	0	NAN	
2,021	0	0	NAN	
2,041	0	0	NAN	
2,061	0	0	NAN	
2,081	0	0	NAN	
2,101	0	0	NAN	
2,121	0	0	NAN	
2,141	0	0	NAN	
2,161	0	0	NAN	
2,181	0	0	NAN	
2,201	0	0	NAN	
2,221	0	0	NAN	
2,241	0	0	NAN	
2,261	0	0	NAN	
2,281	0	0	NAN	
2,301	0	0	NAN	
2,321	0	0	NAN	
2,341	0	0	NAN	
2,361	0	0	NAN	
2,381	0	0	NAN	
2,401	0	0	NAN	
2,421	0	0	NAN	
2,441	0	0	NAN	
2,461	0	0	NAN	
2,481	0	0	NAN	
2,501	0	0	NAN	
2,521	0	0	NAN	
2,541	0	0	NAN	
2,561	0	0	NAN	
2,581	0	0	NAN	
2,601	0	0	NAN	
2,621	0	0	NAN	
2,641	0	0	NAN	
2,661	0	0	NAN	
2,681	0	0	NAN	
2,701	0	0	NAN	
2,721	0	0	NAN	
2,741	0	0	NAN	
2,761	0	0	NAN	
2,781	0	0	NAN	
2,801	0	0	NAN	
2,821	0	0	NAN	
2,841	0	0	NAN	
2,861	0	0	NAN	
2,881	0	0	NAN	
2,901	0	0	NAN	
2,921	0	0	NAN	
2,941	0	0	NAN	
2,961	0	0	NAN	
2,981	0	0	NAN	
3,001	0	0	NAN	
3,021	0	0	NAN	
3,041	0	0	NAN	
3,061	0	0	NAN	
3,081	0	0	NAN	
3,101	0	0	NAN	
3,121	0	0	NAN	
3,141	0	0	NAN	
3,161	0	0	NAN	
3,181	0	0	NAN	
3,201	0	0	NAN	
3,221	0	0	NAN	
3,241	0	0	NAN	
3,261	0	0	NAN	
3,281	0	0	NAN	
3,301	0	0	NAN	
3,321	0	0	NAN	
3,341	0	0	NAN	
3,361	0	0	NAN	
3,381	0	0	NAN	
3,401	0	0	NAN	
3,421	0	0	NAN	
3,441	0	0	NAN	
3,461	0	0	NAN	
3,481	0	0	NAN	
3,501	0	0	NAN	
3,521	0	0	NAN	
3,541	0	0	NAN	
3,561	0	0	NAN	
3,581	0	0	NAN	
3,601	0	0	NAN	
3,621	0	0	NAN	
3,641	0	0	NAN	
3,661	0	0	NAN	
3,681	0	0	NAN	
3,701	0	0	NAN	
3,721	0	0	NAN	
3,741	0	0	NAN	
3,761	0	0	NAN	
3,781	0	0	NAN	
3,801	0	0	NAN	
3,821	0	0	NAN	
3,841	0	0	NAN	
3,861	0	0	NAN	
3,881	0	0	NAN	
3,901	0	0	NAN	
3,921	0	0	NAN	
3,941	0	0	NAN	
3,961	0	0	NAN	
3,981	0	0	NAN	
4,001	0	0	NAN	
4,021	0	0	NAN	
4,041	0	0	NAN	
4,061	0	0	NAN	
4,081	0	0	NAN	
4,101	0	0	NAN	
4,121	0	0	NAN	
4,141	0	0	NAN	
4,161	0	0	NAN	
4,181	0	0	NAN	
4,201	0	0	NAN	
4,221	0	0	NAN	
4,241	0	0	NAN	
4,261	0	0	NAN	
4,281	0	0	NAN	
4,301	0	0	NAN	
4,321	0	0	NAN	
4,341	0	0	NAN	
4,361	0	0	NAN	
4,381	0	0	NAN	
4,401	0	0	NAN	
4,421	0	0	NAN	
4,441	0	0	NAN	
4,461	0	0	NAN	
4,481	0	0	NAN	
4,501	0	0	NAN	
4,521	0	0	NAN	
4,541	0	0	NAN	
4,561	0	0	NAN	
4,581	0	0	NAN	
4,601	0	0	NAN	
4,621	0	0	NAN	
4,641	0	0	NAN	
4,661	0	0	NAN	
4,681	0	0	NAN	
4,701	0	0	NAN	
4,721	0	0	NAN	
4,741	0	0	NAN	
4,761	0	0	NAN	
4,781	0	0	NAN	
4,801	0	0	NAN	
4,821	0	0	NAN	
4,841	0	0	NAN	
4,861	0	0	NAN	
4,881	0	0	NAN	
4,901	0	0	NAN	
4,921	0	0	NAN	
4,941	0	0	NAN	
4,961	0	0	NAN	
4,981	0	0	NAN	
5,001	0	0	NAN	
5,021	0	0	NAN	
5,044	0	0	NAN	
5,064	0	0	NAN	
5,081	0	0	NAN	
5,101	0	0	NAN	
5,121	0	0	NAN	
5,141	0	0	NAN	
5,161	0	0	NAN	
5,181	0	0	NAN	
5,201	0	0	NAN	
5,221	0	0	NAN	
5,241	0	0	NAN	
5,261	0	0	NAN	
5,281	0	0	NAN	
5,301	0	0	NAN	
5,321	0	0	NAN	
5,341	0	0	NAN	
5,361	0	0	NAN	
5,381	0	0	NAN	
5,401	0	0	NAN	
5,421	0	0	NAN	
5,441	0	0	NAN	
5,461	0	0	NAN	
5,481	0	0	NAN	
5,501	0	0	NAN	
5,521	0	0	NAN	
5,541	0	0	NAN	
5,561	0	0	NAN	
5,581	0	0	NAN	
5,601	0	0	NAN	
5,621	0	0	NAN	
5,641	0	0	NAN	
5,661	0	0	NAN	
5,681	0	0	NAN	
5,701	0	0	NAN	
5,721	0	0	NAN	
5,741	0	0	NAN	
5,761	0	0	NAN	
5,781	0	0	NAN	
5,801	0	0	NAN	
5,821	0	0	NAN	
5,841	0	0	NAN	
5,861	0	0	NAN	
5,881	0	0	NAN	
5,901	0	0	NAN	
5,921	0	0	NAN	
5,941	0	0	NAN	
5,961	0	0	NAN	
5,981	0	0	NAN	
6,001	0	0	NAN	
6,021	0	0	NAN	
6,041	0	0	NAN	
6,061	0	0	NAN	
6,081	0	0	NAN	
6,101	0	0	NAN	
6,121	0	0	NAN	
6,141	0	0	NAN	
6,161	0	0	NAN	
6,181	0	0	NAN	
6,201	0	0	NAN	
6,221	0	0	NAN	
6,241	0	0	NAN	
6,261	0	0	NAN	
6,281	0	0	NAN	
6,301	0	0	NAN	
6,321	0	0	NAN	
6,341	0	0	NAN	
6,361	0	0	NAN	
6,381	0	0	NAN	
6,401	0	0	NAN	
6,421	0	0	NAN	
6,441	0	0	NAN	
6,461	0	0	NAN	
6,481	0	0	NAN	
6,501	0	0	NAN	
6,521	0	0	NAN	
6,541	0	0	NAN	
6,561	0	0	NAN	
6,581	0	0	NAN	
6,601	0	0	NAN	
6,621	0	0	NAN	
6,641	0	0	NAN	
6,661	0	0	NAN	
6,681	0	0	NAN	
6,701	0	0	NAN	
6,721	0	0	NAN	
6,741	0	0	NAN	
6,761	0	0	NAN	
6,781	0	0	NAN	
6,801	0	0	NAN	
6,821	0	0	NAN	
6,841	0	0	NAN	
6,861	0	0	NAN	
6,881	0	0	NAN	
6,901	0	0	NAN	
6,921	0	0	NAN	
6,941	0	0	NAN	
6,961	0	0	NAN	
6,981	0	0	NAN	
7,001	0	0	NAN	
7,021	0	0	NAN	
7,041	0	0	NAN	
7,061	0	0	NAN	
7,081	0	0	NAN	
7,103	0	0	NAN	
7,121	0	0	NAN	
7,141	0	0	NAN	
7,161	0	0	NAN	
7,181	0	0	NAN	
7,201	0	0	NAN	
7,221	0	0	NAN	
7,241	0	0	NAN	
7,261	0	0	NAN	
7,281	0	0	NAN	
7,301	0	0	NAN	
7,321	0	0	NAN	
7,341	0	0	NAN	
7,361	0	0	NAN	
7,381	0	0	NAN	
7,401	0	0	NAN	
7,421	0	0	NAN	
7,441	0	0	NAN	
7,461	0	0	NAN	
7,481	0	0	NAN	
7,501	0	0	NAN	
7,521	0	0	NAN	
7,541	0	0	NAN	
7,561	0	0	NAN	
7,581	0	0	NAN	
7,601	0	0	NAN	
7,621	0	0	NAN	
7,641	0	0	NAN	
7,661	0	0	NAN	
7,681	0	0	NAN	
7,701	0	0	NAN	
7,721	0	0	NAN	
7,741	0	0	NAN	
7,761	0	0	NAN	
7,781	0	0	NAN	
7,801	0	0	NAN	
7,821	0	0	NAN	
7,841	0	0	NAN	
7,861	0	0	NAN	
7,881	0	0	NAN	
7,901	0	0	NAN	
7,921	0	0	NAN	
7,941	0	0	NAN	
7,961	0	0	NAN	
7,981	0	0	NAN	
8,001	0	0	NAN	
8,021	0	0	NAN	
8,041	0	0	NAN	
8,061	0	0	NAN	
8,081	0	0	NAN	
8,101	0	0	NAN	
8,121	0	0	NAN	
8,141	0	0	NAN	
8,161	0	0	NAN	
8,181	0	0	NAN	
8,201	0	0	NAN	
8,221	0	0	NAN	
8,241	0	0	NAN	
8,261	0	0	NAN	
8,281	0	0	NAN	
8,301	0	0	NAN	
8,321	0	0	NAN	
8,341	0	0	NAN	
8,361	0	0	NAN	
8,381	0	0	NAN	
8,401	0	0	NAN	
8,421	0	0	NAN	
8,441	0	0	NAN	
8,461	0	0	NAN	
8,481	0	0	NAN	
8,501	0	0	NAN	
8,521	0	0	NAN	
8,541	0	0	NAN	
8,561	0	0	NAN	
8,581	0	0	NAN	
8,601	0	0	NAN	
8,621	0	0	NAN	
8,641	0	0	NAN	
8,661	0	0	NAN	
8,681	0	0	NAN	
8,701	0	0	NAN	
8,721	0	0	NAN	
8,741	0	0	NAN	
8,761	0	0	NAN	
8,781	0	0	NAN	
8,801	0	0	NAN	
8,821	0	0	NAN	
8,841	0	0	NAN	
8,861	0	0	NAN	
8,881	0	0	NAN	
8,901	0	0	NAN	
8,921	0	0	NAN	
8,941	0	0	NAN	
8,961	0	0	NAN	
8,981	0	0	NAN	
9,001	0	0	NAN	
9,021	0	0	NAN	
9,041	0	0	NAN	
9,061	0	0	NAN	
9,081	0	0	NAN	
9,101	0	0	NAN	
9,121	0	0	NAN	
9,141	0	0	NAN	
9,161	0	0	NAN	
9,181	0	0	NAN	
9,201	0	0	NAN	
9,221	0	0	NAN	
9,241	0	0	NAN	
9,261	0	0	NAN	
9,281	0	0	NAN	
9,301	0	0	NAN	
9,321	0	0	NAN	
9,341	0	0	NAN	
9,361	0	0	NAN	
9,381	0	0	NAN	
9,401	0	0	NAN	
9,421	0	0	NAN	
9,441	0	0	NAN	
9,461	0	0	NAN	
9,481	0	0	NAN	
9,501	0	0	NAN	
9,521	0	0	NAN	
9,541	0	0	NAN	
9,561	0	0	NAN	
9,581	0	0	NAN	
9,601	0	0	NAN	
9,621	0	0	NAN	
9,641	0	0	NAN	
9,661	0	0	NAN	
9,681	0	0	NAN	
9,701	0	0	NAN	
9,721	0	0	NAN	
9,741	0	0	NAN	
9,761	0	0	NAN	
9,781	0	0	NAN	
9,801	0	0	NAN	
9,821	0	0	NAN	
9,841	0	0	NAN	
9,861	0	0	NAN	
9,881	0	0	NAN	
9,901	0	0	NAN	
9,921	0	0	NAN	
9,941	0	0	NAN	
9,961	0	0	NAN	
9,981	0	0	NAN	
10,001	0	0	NAN	
10,022	0	0	NAN	
10,041	0	0	NAN	
10,061	0	0	NAN	
10,081	0	0	NAN	
10,101	0	0	NAN	
10,121	0	0	NAN	
10,141	0	0	NAN	
10,161	0	0	NAN	
10,181	0	0	NAN	
10,201	0	0	NAN	
10,221	0	0	NAN	
10,241	0	0	NAN	
10,261	0	0	NAN	
10,281	0	0	NAN	
10,301	0	0	NAN	
10,321	0	0	NAN	
10,341	0	0	NAN	
10,361	0	0	NAN	
10,381	0	0	NAN	
10,401	0	0	NAN	
10,421	0	0	NAN	
10,441	0	0	NAN	
10,461	0	0	NAN	
10,481	0	0	NAN	
10,501	0	0	NAN	
10,521	0	0	NAN	
10,541	0	0	NAN	
10,561	0	0	NAN	
10,581	0	0	NAN	
10,601	0	0	NAN	
10,621	0	0	NAN	
10,641	0	0	NAN	
10,661	0	0	NAN	
10,681	0	0	NAN	
10,701	0	0	NAN	
10,721	0	0	NAN	
10,741	0	0	NAN	
10,761	0	0	NAN	
10,781	0	0	NAN	
10,801	0	0	NAN	
10,821	0	0	NAN	
10,841	0	0	NAN	
10,861	0	0	NAN	
10,881	0	0	NAN	
10,901	0	0	NAN	
10,921	0	0	NAN	
10,941	0	0	NAN	
10,961	0	0	NAN	
10,981	0	0	NAN	
11,001	0	0	NAN	
11,021	0	0	NAN	
11,041	0	0	NAN	
11,061	0	0	NAN	
11,081	0	0	NAN	
11,101	0	0	NAN	
11,121	0	0	NAN	
11,141	0	0	NAN	
11,161	0	0	NAN	
11,181	0	0	NAN	
11,201	0	0	NAN	
11,221	0	0	NAN	
11,241	0	0	NAN	
11,261	0	0	NAN	
11,281	0	0	NAN	
11,301	0	0	NAN	
11,321	0	0	NAN	
11,341	0	0	NAN	
11,361	0	0	NAN	
11,381	0	0	NAN	
11,401	0	0	NAN	
11,421	0	0	NAN	
11,441	0	0	NAN	
11,461	0	0	NAN	
11,481	0	0	NAN	
11,501	0	0	NAN	
11,521	0	0	NAN	
11,541	0	0	NAN	
11,561	0	0	NAN	
11,581	0	0	NAN	
11,601	0	0	NAN	
11,621	0	0	NAN	
11,641	0	0	NAN	
11,661	0	0	NAN	
11,681	0	0	NAN	
11,701	0	0	NAN	
11,721	0	0	NAN	
11,741	0	0	NAN	
11,761	0	0	NAN	
11,781	0	0	NAN	
11,801	0	0	NAN	
11,821	0	0	NAN	
11,841	0	0	NAN	
11,861	0	0	NAN	
11,881	0	0	NAN	
11,901	0	0	NAN	
11,921	0	0	NAN	
11,941	0	0	NAN	
11,961	0	0	NAN	
11,981	0	0	NAN	
12,001	0	0	NAN	
12,021	0	0	NAN	
12,041	0	0	NAN	
12,061	0	0	NAN	
12,081	0	0	NAN	
12,101	0	0	NAN	
12,121	0	0	NAN	
12,141	0	0	NAN	
12,161	0	0	NAN	
12,181	0	0	NAN	
12,201	0	0	NAN	
12,221	0	0	NAN	
12,241	0	0	NAN	
12,261	0	0	NAN	
12,281	0	0	NAN	
12,301	0	0	NAN	
12,321	0	0	NAN	
12,341	0	0	NAN	
12,361	0	0	NAN	
12,381	0	0	NAN	
12,401	0	0	NAN	
12,421	0	0	NAN	
12,441	0	0	NAN	
12,461	0	0	NAN	
12,481	0	0	NAN	
12,501	0	0	NAN	
12,521	0	0	NAN	
12,541	0	0	NAN	
12,561	0	0	NAN	
12,581	0	0	NAN	
12,601	0	0	NAN	
12,621	0	0	NAN	
12,641	0	0	NAN	
12,661	0	0	NAN	
12,681	0	0	NAN	
12,701	0	0	NAN	
12,721	0	0	NAN	
12,741	0	0	NAN	
12,761	0	0	NAN	
12,781	0	0	NAN	
12,801	0	0	NAN	
12,821	0	0	NAN	
12,841	0	0	NAN	
12,861	0	0	NAN	
12,881	0	0	NAN	
12,901	0	0	NAN	
12,921	0	0	NAN	
12,941	0	0	NAN	
12,961	0	0	NAN	
12,981	0	0	NAN	
13,001	0	0	NAN	
13,021	0	0	NAN	
13,041	0	0	NAN	
13,061	0	0	NAN	
13,081	0	0	NAN	
13,101	0	0	NAN	
13,121	0	0	NAN	
13,141	0	0	NAN	
13,161	0	0	NAN	
13,181	0	0	NAN	
13,201	0	0	NAN	
13,221	0	0	NAN	
13,241	0	0	NAN	
13,261	0	0	NAN	
13,281	0	0	NAN	
13,301	0	0	NAN	
13,321	0	0	NAN	
13,341	0	0	NAN	
13,361	0	0	NAN	
13,381	0	0	NAN	
13,401	0	0	NAN	
13,421	0	0	NAN	
13,441	0	0	NAN	
13,461	0	0	NAN	
13,481	0	0	NAN	
13,501	0	0	NAN	
13,521	0	0	NAN	
13,541	0	0	NAN	
13,561	0	0	NAN	
13,581	0	0	NAN	
13,601	0	0	NAN	
13,621	0	0	NAN	
13,641	0	0	NAN	
13,661	0	0	NAN	
13,681	0	0	NAN	
13,701	0	0	NAN	
13,721	0	0	NAN	
13,741	0	0	NAN	
13,761	0	0	NAN	
13,781	0	0	NAN	
13,801	0	0	NAN	
13,821	0	0	NAN	
13,841	0	0	NAN	
13,861	0	0	NAN	
13,881	0	0	NAN	
13,901	0	0	NAN	
13,921	0	0	NAN	
13,941	0	0	NAN	
13,961	0	0	NAN	
13,981	0	0	NAN	
14,001	0	0	NAN	
14,021	0	0	NAN	
14,041	0	0	NAN	
14,061	0	0	NAN	
14,081	0	0	NAN	
14,101	0	0	NAN	
14,121	0	0	NAN	
14,141	0	0	NAN	
14,161	0	0	NAN	
14,181	0	0	NAN	
14,201	0	0	NAN	
14,221	0	0	NAN	
14,241	0	0	NAN	
14,261	0	0	NAN	
14,281	0	0	NAN	
14,301	0	0	NAN	
14,321	0	0	NAN	
14,341	0	0	NAN	
14,361	0	0	NAN	
14,381	0	0	NAN	
14,401	0	0	NAN	
14,421	0	0	NAN	
14,441	0	0	NAN	
14,461	0	0	NAN	
14,481	0	0	NAN	
14,501	0	0	NAN	
14,521	0	0	NAN	
14,541	0	0	NAN	
14,561	0	0	NAN	
14,581	0	0	NAN	
14,601	0	0	NAN	
14,621	0	0	NAN	
14,641	0	0	NAN	
14,661	0	0	NAN	
14,681	0	0	NAN	
14,701	0	0	NAN	
14,721	0	0	NAN	
14,741	0	0	NAN	
14,761	0	0	NAN	
14,781	0	0	NAN	
14,801	0	0	NAN	
14,821	0	0	NAN	
14,841	0	0	NAN	
14,861	0	0	NAN	
14,881	0	0	NAN	
14,901	0	0	NAN	
14,921	0	0	NAN	
14,941	0	0	NAN	
14,961	0	0	NAN	
14,981	0	0	NAN	
15,001	0	0	NAN	
15,021	0	0	NAN	
15,041	0	0	NAN	
15,061	0	0	NAN	
15,081	0	0	NAN	
15,101	0	0	NAN	
15,121	0	0	NAN	
15,141	0	0	NAN	
15,161	0	0	NAN	
15,181	0	0	NAN	
15,201	0	0	NAN	
15,221	0	0	NAN	
15,241	0	0	NAN	
15,261	0	0	NAN	
15,281	0	0	NAN	
15,301	0	0	NAN	
15,321	0	0	NAN	
15,341	0	0	NAN	
15,361	0	0	NAN	
15,381	0	0	NAN	
15,401	0	0	NAN	
15,421	0	0	NAN	
15,441	0	0	NAN	
15,461	0	0	NAN	
15,481	0	0	NAN	
15,501	0	0	NAN	
15,521	0	0	NAN	
15,541	0	0	NAN	
15,561	0	0	NAN	
15,581	0	0	NAN	
15,601	0	0	NAN	
15,621	0	0	NAN	
15,641	0	0	NAN	
15,661	0	0	NAN	
15,681	0	0	NAN	
15,701	0	0	NAN	
15,721	0	0	NAN	
15,741	0	0	NAN	
15,761	0	0	NAN	
15,781	0	0	NAN	
15,801	0	0	NAN	
15,821	0	0	NAN	
15,841	0	0	NAN	
15,861	0	0	NAN	
15,881	0	0	NAN	
15,901	0	0	NAN	
15,921	0	0	NAN	
15,941	0	0	NAN	
15,961	0	0	NAN	
15,981	0	0	NAN	
16,001	0	0	NAN	
16,021	0	0	NAN	
16,041	0	0	NAN	
16,061	0	0	NAN	
16,081	0	0	NAN	
16,101	0	0	NAN	
16,121	0	0	NAN	
16,141	0	0	NAN	
16,161	0	0	NAN	
16,181	0	0	NAN	
16,201	0	0	NAN	
16,221	0	0	NAN	
16,241	0	0	NAN	
16,261	0	0	NAN	
16,281	0	0	NAN	
16,301	0	0	NAN	
16,321	0	0	NAN	
16,341	0	0	NAN	
16,361	0	0	NAN	
16,381	0	0	NAN	
16,401	0	0	NAN	
16,421	0	0	NAN	
16,441	0	0	NAN	
16,461	0	0	NAN	
16,481	0	0	NAN	
16,501	0	0	NAN	
16,521	0	0	NAN	
16,541	0	0	NAN	
16,561	0	0	NAN	
16,581	0	0	NAN	
16,601	0	0	NAN	
16,621	0	0	NAN	
16,641	0	0	NAN	
16,661	0	0	NAN	
16,681	0	0	NAN	
16,701	0	0	NAN	
16,721	0	0	NAN	
16,741	0	0	NAN	
16,761	0	0	NAN	
16,781	0	0	NAN	
16,801	0	0	NAN	
16,821	0	0	NAN	
16,841	0	0	NAN	
16,861	0	0	NAN	
16,881	0	0	NAN	
16,901	0	0	NAN	
16,921	0	0	NAN	
16,941	0	0	NAN	
16,961	0	0	NAN	
16,981	0	0	NAN	
17,001	0	0	NAN	
17,021	0	0	NAN	
17,041	0	0	NAN	
17,061	0	0	NAN	
17,081	0	0	NAN	
17,101	0	0	NAN	
17,121	0	0	NAN	
17,141	0	0	NAN	
17,161	0	0	NAN	
17,181	0	0	NAN	
17,201	0	0	NAN	
17,221	0	0	NAN	
17,241	0	0	NAN	
17,261	1	0	NAN	
17,281	1	0	NAN	
17,301	1	0	NAN	
17,321	1	0	NAN	
17,341	1	0	NAN	
17,361	1	0	NAN	
17,381	1	0	NAN	
17,401	1	0	NAN	
17,421	1	0	NAN	
17,441	1	0	NAN	
17,461	1	0	NAN	
17,481	2	0	NAN	
17,501	2	0	NAN	
17,521	2	0	NAN	
17,541	2	0	NAN	
17,561	2	0	NAN	
17,581	2	0	NAN	
17,601	2	0	NAN	
17,621	2	0	NAN	
17,641	3	0	NAN	
17,661	4	0	NAN	
17,681	4	0	NAN	
17,701	4	0	NAN	
17,721	4	0	NAN	
17,741	5	0	NAN	
17,761	5	0	NAN	
17,781	5	0	NAN	
17,801	5	0	NAN	
17,821	5	0	NAN	
17,841	5	0	NAN	
17,861	6	0	NAN	
17,881	6	0	NAN	
17,901	6	0	NAN	
17,921	6	0	NAN	
17,941	7	0	NAN	
17,961	7	0	NAN	
17,981	7	0	NAN	
18,001	7	0	NAN	
18,021	7	0	NAN	
18,041	8	0	NAN	
18,061	8	0	NAN	
18,081	9	0	NAN	
18,101	9	0	NAN	
18,121	9	0	NAN	
18,141	10	0	NAN	
18,161	10	0	NAN	
18,181	10	0	NAN	
18,201	11	0	NAN	
18,221	11	0	NAN	
18,241	11	0	NAN	
18,261	12	0	NAN	
18,281	12	0	NAN	
18,301	12	0	NAN	
18,321	13	0	NAN	
18,341	13	0	NAN	
18,361	13	0	NAN	
18,381	13	0	NAN	
18,401	13	0	NAN	
18,421	14	0	NAN	
18,441	14	0	NAN	
18,461	14	0	NAN	
18,481	14	0	NAN	
18,501	14	0	NAN	
18,521	14	0	NAN	
18,541	15	0	NAN	
18,561	15	0	NAN	
18,581	15	0	NAN	
18,601	15	0	NAN	
18,621	15	0	NAN	
18,641	15	0	NAN	
18,661	15	0	NAN	
18,681	15	0	NAN	
18,701	16	0	NAN	
18,721	16	0	NAN	
18,741	17	0	NAN	
18,761	17	0	NAN	
18,781	17	0	NAN	
18,801	17	0	NAN	
18,821	17	0	NAN	
18,841	17	0	NAN	
18,861	17	0	NAN	
18,881	17	0	NAN	
18,901	17	0	NAN	
18,921	17	0	NAN	
18,941	17	0	NAN	
18,961	17	0	NAN	
18,981	17	0	NAN	
19,001	17	0	NAN	
19,021	17	0	NAN	
19,041	17	0	NAN	
19,061	17	0	NAN	
19,081	18	0	NAN	
19,101	18	0	NAN	
19,121	18	0	NAN	
19,141	18	0	NAN	
19,161	18	0	NAN	
19,181	19	0	NAN	
19,201	19	0	NAN	
19,221	19	0	NAN	
19,241	19	0	NAN	
19,261	19	0	NAN	
19,281	19	0	NAN	
19,301	19	0	NAN	
19,321	19	0	NAN	
19,341	19	0	NAN	
19,361	19	0	NAN	
19,381	19	0	NAN	
19,401	19	0	NAN	
19,421	19	0	NAN	
19,441	19	0	NAN	
19,461	19	0	NAN	
19,481	19	0	NAN	
19,501	19	0	NAN	
19,521	19	0	NAN	
19,541	20	0	NAN	
19,561	20	0	NAN	
19,581	20	0	NAN	
19,601	20	0	NAN	
19,621	21	0	NAN	
19,641	21	0	NAN	
19,661	21	0	NAN	
19,681	21	0	NAN	
19,701	21	0	NAN	
19,721	21	0	NAN	
19,741	21	0	NAN	
19,761	21	0	NAN	
19,781	22	0	NAN	
19,801	22	0	NAN	
19,821	22	0	NAN	
19,841	22	0	NAN	
19,861	22	0	NAN	
19,881	22	0	NAN	
19,901	22	0	NAN	
19,921	22	0	NAN	
19,941	22	0	NAN	
19,961	22	0	NAN	
19,981	22	0	NAN	
20,001	22	0	NAN	
20,022	22	0	NAN	
20,042	22	0	NAN	
20,063	22	0	NAN	
20,081	22	0	NAN	
20,101	22	0	NAN	
20,121	22	0	NAN	
20,141	22	0	NAN	
20,161	22	0	NAN	
20,181	22	0	NAN	
20,201	22	0	NAN	
20,221	22	0	NAN	
20,241	22	0	NAN	
20,261	22	0	NAN	
20,281	22	0	NAN	
20,301	22	0	NAN	
20,321	22	0	NAN	
20,341	22	0	NAN	
20,361	22	0	NAN	
20,381	22	0	NAN	
20,401	22	0	NAN	
20,421	23	0	NAN	
20,441	23	0	NAN	
20,461	23	0	NAN	
20,481	23	0	NAN	
20,501	23	0	NAN	
20,521	23	0	NAN	
20,541	23	0	NAN	
20,561	23	0	NAN	
20,581	23	0	NAN	
20,601	23	0	NAN	
20,621	23	0	NAN	
20,641	23	0	NAN	
20,661	23	0	NAN	
20,681	23	0	NAN	
20,701	23	0	NAN	
20,721	23	0	NAN	
20,741	23	0	NAN	
20,761	23	0	NAN	
20,781	23	0	NAN	
20,801	23	0	NAN	
20,821	23	0	NAN	
20,841	23	0	NAN	
20,861	23	0	NAN	
20,881	23	0	NAN	
20,901	23	0	NAN	
20,921	23	0	NAN	
20,941	23	0	NAN	
20,961	23	0	NAN	
20,981	23	0	NAN	
21,001	23	0	NAN	
21,021	23	0	NAN	
21,041	23	0	NAN	
21,061	23	0	NAN	
21,081	23	0	NAN	
21,101	23	0	NAN	
21,121	23	0	NAN	
21,141	23	0	NAN	
21,161	23	0	NAN	
21,181	23	0	NAN	
21,201	23	0	NAN	
21,221	23	0	NAN	
21,241	23	0	NAN	
21,261	23	0	NAN	
21,281	23	0	NAN	
21,301	23	0	NAN	
21,321	23	0	NAN	
21,341	23	0	NAN	
21,361	23	0	NAN	
21,381	23	0	NAN	
21,401	23	0	NAN	
21,421	23	0	NAN	
21,441	23	0	NAN	
21,461	23	0	NAN	
21,481	23	0	NAN	
21,501	23	0	NAN	
21,521	23	0	NAN	
21,541	23	0	NAN	
21,561	23	0	NAN	
21,581	23	0	NAN	
21,601	23	0	NAN	
21,621	23	0	NAN	
21,641	23	0	NAN	
21,661	23	0	NAN	
21,681	23	0	NAN	
21,701	23	0	NAN	
21,721	23	0	NAN	
21,741	23	0	NAN	
21,761	23	0	NAN	
21,781	23	0	NAN	
21,801	23	0	NAN	
21,821	23	0	NAN	
21,841	23	0	NAN	
21,861	23	0	NAN	
21,881	23	0	NAN	
21,901	23	0	NAN	
21,921	23	0	NAN	
21,941	23	0	NAN	
21,961	23	0	NAN	
21,981	23	0	NAN	
22,001	23	0	NAN	
22,021	23	0	NAN	
22,041	23	0	NAN	
22,061	23	0	NAN	
22,081	23	0	NAN	
22,101	23	0	NAN	
22,121	23	0	NAN	
22,141	23	0	NAN	
22,161	23	0	NAN	
22,181	23	0	NAN	
22,201	23	0	NAN	
22,221	23	0	NAN	
22,241	24	0	NAN	
22,261	24	0	NAN	
22,281	24	0	NAN	
22,301	24	0	NAN	
22,321	24	0	NAN	
22,341	24	0	NAN	
22,361	24	0	NAN	
22,381	25	0	NAN	
22,401	25	0	NAN	
22,421	25	0	NAN	
22,441	25	0	NAN	
22,461	25	0	NAN	
22,481	25	0	NAN	
22,501	25	0	NAN	
22,521	25	0	NAN	
22,541	25	0	NAN	
22,561	25	0	NAN	
22,581	25	0	NAN	
22,601	25	0	NAN	
22,621	25	0	NAN	
22,641	25	0	NAN	
22,661	25	0	NAN	
22,681	25	0	NAN	
22,701	25	0	NAN	
22,721	25	0	NAN	
22,741	25	0	NAN	
22,761	25	0	NAN	
22,781	25	0	NAN	
22,801	25	0	NAN	
22,821	25	0	NAN	
22,841	25	0	NAN	
22,861	25	0	NAN	
22,881	25	0	NAN	
22,901	25	0	NAN	
22,921	25	0	NAN	
22,941	25	0	NAN	
22,961	25	0	NAN	
22,981	25	0	NAN	
23,001	25	0	NAN	
23,021	25	0	NAN	
23,041	25	0	NAN	
23,061	25	0	NAN	
23,081	25	0	NAN	
23,101	25	0	NAN	
23,121	25	0	NAN	
23,141	25	0	NAN	
23,161	25	0	NAN	
23,181	25	0	NAN	
23,201	25	0	NAN	
23,221	25	0	NAN	
23,241	25	0	NAN	
23,261	25	0	NAN	
23,281	25	0	NAN	
23,301	25	0	NAN	
23,321	25	0	NAN	
23,341	25	0	NAN	
23,361	25	0	NAN	
23,381	25	0	NAN	
23,401	25	0	NAN	
23,421	25	0	NAN	
23,441	25	0	NAN	
23,461	25	0	NAN	
23,481	25	0	NAN	
23,501	25	0	NAN	
23,521	25	0	NAN	
23,541	25	0	NAN	
23,566	25	0	NAN	
23,581	25	0	NAN	
23,601	26	0	NAN	
23,621	26	0	NAN	
23,641	26	0	NAN	
23,661	26	0	NAN	
23,681	26	0	NAN	
23,701	26	0	NAN	
23,721	26	0	NAN	
23,741	26	0	NAN	
23,761	26	0	NAN	
23,781	26	0	NAN	
23,801	26	0	NAN	
23,821	26	0	NAN	
23,841	26	0	NAN	
23,861	26	0	NAN	
23,881	26	0	NAN	
23,901	26	0	NAN	
23,921	26	0	NAN	
23,941	26	0	NAN	
23,961	27	0	NAN	
23,981	27	0	NAN	
24,001	27	0	NAN	
24,021	27	0	NAN	
24,041	27	0	NAN	
24,061	27	0	NAN	
24,081	27	0	NAN	
24,101	27	0	NAN	
24,121	27	0	NAN	
24,141	27	0	NAN	
24,161	28	0	NAN	
24,181	28	0	NAN	
24,201	28	0	NAN	
24,221	28	0	NAN	
24,241	28	0	NAN	
24,261	28	0	NAN	
24,281	28	0	NAN	
24,301	28	0	NAN	
24,321	28	0	NAN	
24,341	29	0	NAN	
24,361	29	0	NAN	
24,381	29	0	NAN	
24,401	29	0	NAN	
24,421	29	0	NAN	
24,441	29	0	NAN	
24,461	30	0	NAN	
24,481	30	0	NAN	
24,501	30	0	NAN	
24,521	30	0	NAN	
24,541	30	0	NAN	
24,561	30	0	NAN	
24,581	30	0	NAN	
24,601	31	0	NAN	
24,621	31	0	NAN	
24,641	31	0	NAN	
24,661	31	0	NAN	
24,681	31	0	NAN	
24,701	32	0	NAN	
24,721	32	0	NAN	
24,741	32	0	NAN	
24,761	32	0	NAN	
24,781	32	0	NAN	
24,801	32	0	NAN	
24,821	33	0	NAN	
24,841	33	0	NAN	
24,861	33	0	NAN	
24,881	33	0	NAN	
24,901	34	0	NAN	
24,921	34	0	NAN	
24,941	34	0	NAN	
24,961	34	0	NAN	
24,981	35	0	NAN	
25,001	35	0	NAN	
25,021	35	0	NAN	
25,041	35	0	NAN	
25,061	36	0	NAN	
25,081	36	0	NAN	
25,101	36	0	NAN	
25,121	36	0	NAN	
25,141	37	0	NAN	
25,161	37	0	NAN	
25,181	37	0	NAN	
25,201	37	0	NAN	
25,221	37	0	NAN	
25,241	38	0	NAN	
25,261	38	0	NAN	
25,281	38	0	NAN	
25,301	38	0	NAN	
25,321	38	0	NAN	
25,341	38	0	NAN	
25,361	39	0	NAN	
25,381	39	0	NAN	
25,401	39	0	NAN	
25,421	39	0	NAN	
25,441	39	0	NAN	
25,461	39	0	NAN	
25,481	39	0	NAN	
25,501	39	0	NAN	
25,521	39	0	NAN	
25,541	40	0	NAN	
25,561	40	0	NAN	
25,581	40	0	NAN	
25,601	40	0	NAN	
25,621	40	0	NAN	
25,641	40	0	NAN	
25,661	40	0	NAN	
25,681	40	0	NAN	
25,701	40	0	NAN	
25,721	40	0	NAN	
25,741	40	0	NAN	
25,761	40	0	NAN	
25,781	40	0	NAN	
25,801	40	0	NAN	
25,821	40	0	NAN	
25,841	40	0	NAN	
25,861	40	0	NAN	
25,881	40	0	NAN	
25,901	40	0	NAN	
25,921	42	0	NAN	
25,941	42	0	NAN	
25,961	42	0	NAN	
25,981	42	0	NAN	
26,001	42	0	NAN	
26,021	42	0	NAN	
26,041	42	0	NAN	
26,061	42	0	NAN	
26,081	42	0	NAN	
26,101	42	0	NAN	
26,121	42	0	NAN	
26,141	42	0	NAN	
26,161	42	0	NAN	
26,181	42	0	NAN	
26,201	42	0	NAN	
26,221	42	0	NAN	
26,241	42	0	NAN	
26,261	42	0	NAN	
26,281	42	0	NAN	
26,301	42	0	NAN	
26,321	42	0	NAN	
26,341	42	0	NAN	
26,361	42	0	NAN	
26,381	42	0	NAN	
26,401	42	0	NAN	
26,421	42	0	NAN	
26,441	42	0	NAN	
26,461	42	0	NAN	
26,481	42	0	NAN	
26,501	42	0	NAN	
26,521	42	0	NAN	
26,541	42	0	NAN	
26,561	42	0	NAN	
26,581	42	0	NAN	
26,601	42	0	NAN	
26,621	42	0	NAN	
26,641	42	0	NAN	
26,661	42	0	NAN	
26,681	42	0	NAN	
26,701	42	0	NAN	
26,721	42	0	NAN	
26,741	42	0	NAN	
26,761	42	0	NAN	
26,781	42	0	NAN	
26,801	42	0	NAN	
26,821	42	0	NAN	
26,841	42	0	NAN	
26,861	42	0	NAN	
26,881	42	0	NAN	
26,901	42	0	NAN	
26,921	42	0	NAN	
26,941	42	0	NAN	
26,961	42	0	NAN	
26,981	42	0	NAN	
27,001	42	0	NAN	
27,021	42	0	NAN	
27,041	42	0	NAN	
27,061	42	0	NAN	
27,081	42	0	NAN	
27,101	42	0	NAN	
27,121	42	0	NAN	
27,141	42	0	NAN	
27,161	42	0	NAN	
27,181	42	0	NAN	
27,201	42	0	NAN	
27,221	42	0	NAN	
27,241	42	0	NAN	
27,261	43	0	NAN	
27,281	43	0	NAN	
27,301	43	0	NAN	
27,321	43	0	NAN	
27,341	43	0	NAN	
27,361	43	0	NAN	
27,381	43	0	NAN	
27,401	43	0	NAN	
27,421	43	0	NAN	
27,441	43	0	NAN	
27,461	43	0	NAN	
27,481	43	0	NAN	
27,501	43	0	NAN	
27,521	43	0	NAN	
27,541	43	0	NAN	
27,561	43	0	NAN	
27,581	43	0	NAN	
27,601	43	0	NAN	
27,621	43	0	NAN	
27,641	43	0	NAN	
27,661	43	0	NAN	
27,681	43	0	NAN	
27,701	43	0	NAN	
27,721	43	0	NAN	
27,741	43	0	NAN	
27,761	43	0	NAN	
27,781	43	0	NAN	
27,801	43	0	NAN	
27,821	43	0	NAN	
27,841	43	0	NAN	
27,861	43	0	NAN	
27,881	43	0	NAN	
27,901	43	0	NAN	
27,921	43	0	NAN	
27,941	43	0	NAN	
27,961	43	0	NAN	
27,981	43	0	NAN	
28,001	43	0	NAN	
28,021	43	0	NAN	
28,041	43	0	NAN	
28,061	43	0	NAN	
28,081	43	0	NAN	
28,101	43	0	NAN	
28,121	43	0	NAN	
28,141	43	0	NAN	
28,161	43	0	NAN	
28,181	43	0	NAN	
28,201	43	0	NAN	
28,221	43	0	NAN	
28,241	43	0	NAN	
28,261	43	0	NAN	
28,281	43	0	NAN	
28,301	43	0	NAN	
28,325	43	0	NAN	
28,346	43	0	NAN	
28,365	43	0	NAN	
28,381	43	0	NAN	
28,401	43	0	NAN	
28,421	43	0	NAN	
28,441	43	0	NAN	
28,461	43	0	NAN	
28,481	43	0	NAN	
28,501	43	0	NAN	
28,521	43	0	NAN	
28,541	43	0	NAN	
28,561	43	0	NAN	
28,581	43	0	NAN	
28,601	43	0	NAN	
28,621	43	0	NAN	
28,641	43	0	NAN	
28,661	43	0	NAN	
28,681	43	0	NAN	
28,701	43	0	NAN	
28,721	43	0	NAN	
28,741	43	0	NAN	
28,761	43	0	NAN	
28,781	43	0	NAN	
28,801	43	0	NAN	
28,821	43	0	NAN	
28,841	44	0	NAN	
28,861	44	0	NAN	
28,881	44	0	NAN	
28,901	44	0	NAN	
28,921	44	0	NAN	
28,941	44	0	NAN	
28,961	44	0	NAN	
28,981	44	0	NAN	
29,001	44	0	NAN	
29,021	44	0	NAN	
29,041	44	0	NAN	
29,061	44	0	NAN	
29,081	44	0	NAN	
29,101	44	0	NAN	
29,121	44	0	NAN	
29,141	44	0	NAN	
29,161	44	0	NAN	
29,181	44	0	NAN	
29,201	44	0	NAN	
29,221	44	0	NAN	
29,241	44	0	NAN	
29,261	44	0	NAN	
29,281	44	0	NAN	
29,301	44	0	NAN	
29,321	44	0	NAN	
29,341	44	0	NAN	
29,361	44	0	NAN	
29,381	44	0	NAN	
29,401	44	0	NAN	
29,421	44	0	NAN	
29,441	44	0	NAN	
29,461	44	0	NAN	
29,481	44	0	NAN	
29,501	44	0	NAN	
29,521	44	0	NAN	
29,541	44	0	NAN	
29,561	44	0	NAN	
29,581	45	0	NAN	
29,601	45	0	NAN	
29,621	45	0	NAN	
29,641	45	0	NAN	
29,661	45	0	NAN	
29,681	45	0	NAN	
29,701	45	0	NAN	
29,721	45	0	NAN	
29,741	45	0	NAN	
29,761	45	0	NAN	
29,781	45	0	NAN	
29,801	45	0	NAN	
29,821	45	0	NAN	
29,841	45	0	NAN	
29,861	45	0	NAN	
29,881	45	0	NAN	
29,901	45	0	NAN	
29,921	45	0	NAN	
29,941	45	0	NAN	
29,961	45	0	NAN	
29,981	45	0	NAN	
30,001	45	0	NAN	
30,021	45	0	NAN	
30,041	45	0	NAN	
30,061	45	0	NAN	
30,081	45	0	NAN	
30,101	45	0	NAN	
30,121	45	0	NAN	
30,141	45	0	NAN	
30,161	45	0	NAN	
30,181	45	0	NAN	
30,201	45	0	NAN	
30,221	45	0	NAN	
30,241	45	0	NAN	
30,261	46	0	NAN	
30,281	46	0	NAN	
30,301	46	0	NAN	
30,321	46	0	NAN	
30,341	46	0	NAN	
30,361	46	0	NAN	
30,381	46	0	NAN	
30,401	46	0	NAN	
30,421	46	0	NAN	
30,441	46	0	NAN	
30,461	46	0	NAN	
30,481	46	0	NAN	
30,501	46	0	NAN	
30,521	46	0	NAN	
30,541	46	0	NAN	
30,561	46	0	NAN	
30,581	46	0	NAN	
30,601	46	0	NAN	
30,621	46	0	NAN	
30,641	46	0	NAN	
30,661	47	0	NAN	
30,681	47	0	NAN	
30,701	47	0	NAN	
30,721	47	0	NAN	
30,741	47	0	NAN	
30,761	47	0	NAN	
30,781	47	0	NAN	
30,801	47	0	NAN	
30,821	47	0	NAN	
30,841	48	0	NAN	
30,861	48	0	NAN	
30,881	48	0	NAN	
30,901	48	0	NAN	
30,921	48	0	NAN	
30,941	48	0	NAN	
30,961	48	0	NAN	
30,981	49	0	NAN	
31,001	49	0	NAN	
31,021	49	0	NAN	
31,041	49	0	NAN	
31,061	49	0	NAN	
31,081	49	0	NAN	
31,101	50	0	NAN	
31,121	50	0	NAN	
31,141	50	0	NAN	
31,161	50	0	NAN	
31,181	50	0	NAN	
31,201	50	0	NAN	
31,221	51	0	NAN	
31,241	51	0	NAN	
31,261	51	0	NAN	
31,281	51	0	NAN	
31,301	51	0	NAN	
31,321	52	0	NAN	
31,341	52	0	NAN	
31,361	52	0	NAN	
31,381	52	0	NAN	
31,401	52	0	NAN	
31,421	52	0	NAN	
31,441	53	0	NAN	
31,461	53	0	NAN	
31,481	53	0	NAN	
31,506	53	0	NAN	
31,522	53	0	NAN	
31,541	53	0	NAN	
31,561	53	0	NAN	
31,581	54	0	NAN	
31,601	54	0	NAN	
31,621	54	0	NAN	
31,641	54	0	NAN	
31,661	54	0	NAN	
31,681	54	0	NAN	
31,701	54	0	NAN	
31,721	55	0	NAN	
31,741	55	0	NAN	
31,761	55	0	NAN	
31,781	55	0	NAN	
31,801	55	0	NAN	
31,821	55	0	NAN	
31,841	56	0	NAN	
31,861	56	0	NAN	
31,881	56	0	NAN	
31,901	56	0	NAN	
31,921	56	0	NAN	
31,941	56	0	NAN	
31,961	57	0	NAN	
31,981	57	0	NAN	
32,001	57	0	NAN	
32,021	57	0	NAN	
32,041	57	0	NAN	
32,061	57	0	NAN	
32,081	57	0	NAN	
32,101	58	0	NAN	
32,121	58	0	NAN	
32,141	58	0	NAN	
32,161	58	0	NAN	
32,181	58	0	NAN	
32,201	58	0	NAN	
32,221	58	0	NAN	
32,241	59	0	NAN	
32,261	59	0	NAN	
32,281	59	0	NAN	
32,301	59	0	NAN	
32,321	59	0	NAN	
32,341	59	0	NAN	
32,361	59	0	NAN	
32,381	59	0	NAN	
32,401	59	0	NAN	
32,421	59	0	NAN	
32,441	60	0	NAN	
32,461	60	0	NAN	
32,481	60	0	NAN	
32,501	60	0	NAN	
32,521	60	0	NAN	
32,541	60	0	NAN	
32,561	60	0	NAN	
32,581	60	0	NAN	
32,601	60	0	NAN	
32,621	60	0	NAN	
32,641	60	0	NAN	
32,661	60	0	NAN	
32,681	60	0	NAN	
32,701	60	0	NAN	
32,721	60	0	NAN	
32,741	60	0	NAN	
32,761	60	0	NAN	
32,781	60	0	NAN	
32,801	60	0	NAN	
32,821	60	0	NAN	
32,841	60	0	NAN	
32,861	60	0	NAN	
32,881	61	0	NAN	
32,901	61	0	NAN	
32,921	61	0	NAN	
32,941	61	0	NAN	
32,961	61	0	NAN	
32,981	61	0	NAN	
33,001	61	0	NAN	
33,021	61	0	NAN	
33,041	61	0	NAN	
33,061	61	0	NAN	
33,081	61	0	NAN	
33,101	61	0	NAN	
33,121	61	0	NAN	
33,141	61	0	NAN	
33,161	61	0	NAN	
33,181	61	0	NAN	
33,201	61	0	NAN	
33,221	61	0	NAN	
33,241	61	0	NAN	
33,262	61	0	NAN	
33,281	61	0	NAN	
33,301	61	0	NAN	
33,321	61	0	NAN	
33,341	61	0	NAN	
33,363	61	0	NAN	
33,381	61	0	NAN	
33,401	61	0	NAN	
33,421	61	0	NAN	
33,441	61	0	NAN	
33,461	61	0	NAN	
33,481	61	0	NAN	
33,501	61	0	NAN	
33,521	61	0	NAN	
33,541	61	0	NAN	
33,561	61	0	NAN	
33,581	61	0	NAN	
33,601	61	0	NAN	
33,621	61	0	NAN	
33,641	61	0	NAN	
33,661	61	0	NAN	
33,681	61	0	NAN	
33,701	61	0	NAN	
33,721	61	0	NAN	
33,741	61	0	NAN	
33,761	61	0	NAN	
33,781	61	0	NAN	
33,801	61	0	NAN	
33,821	61	0	NAN	
33,841	61	0	NAN	
33,861	61	0	NAN	
33,881	61	0	NAN	
33,901	61	0	NAN	
33,921	61	0	NAN	
33,941	61	0	NAN	
33,965	61	0	NAN	
33,982	61	0	NAN	
34,001	61	0	NAN	
34,021	61	0	NAN	
34,041	61	0	NAN	
34,061	61	0	NAN	
34,081	62	0	NAN	
34,101	62	0	NAN	
34,121	62	0	NAN	
34,141	62	0	NAN	
34,161	62	0	NAN	
34,181	62	0	NAN	
34,201	62	0	NAN	
34,221	62	0	NAN	
34,241	62	0	NAN	
34,261	62	0	NAN	
34,281	62	0	NAN	
34,301	62	0	NAN	
34,321	62	0	NAN	
34,341	62	0	NAN	
34,361	62	0	NAN	
34,381	62	0	NAN	
34,401	62	0	NAN	
34,421	62	0	NAN	
34,441	62	0	NAN	
34,461	62	0	NAN	
34,481	62	0	NAN	
34,501	62	0	NAN	
34,521	62	0	NAN	
34,541	62	0	NAN	
34,561	62	0	NAN	
34,581	62	0	NAN	
34,601	62	0	NAN	
34,621	62	0	NAN	
34,641	62	0	NAN	
34,661	62	0	NAN	
34,681	62	0	NAN	
34,701	62	0	NAN	
34,721	62	0	NAN	
34,741	62	0	NAN	
34,761	62	0	NAN	
34,781	62	0	NAN	
34,801	62	0	NAN	
34,821	62	0	NAN	
34,841	62	0	NAN	
34,861	62	0	NAN	
34,881	62	0	NAN	
34,901	62	0	NAN	
34,921	62	0	NAN	
34,941	62	0	NAN	
34,961	62	0	NAN	
34,981	62	0	NAN	
35,001	62	0	NAN	
35,021	62	0	NAN	
35,041	62	0	NAN	
35,061	62	0	NAN	
35,081	62	0	NAN	
35,101	62	0	NAN	
35,121	62	0	NAN	
35,141	62	0	NAN	
35,161	62	0	NAN	
35,181	62	0	NAN	
35,201	62	0	NAN	
35,221	62	0	NAN	
35,241	62	0	NAN	
35,261	62	0	NAN	
35,281	62	0	NAN	
35,301	62	0	NAN	
35,321	62	0	NAN	
35,341	63	0	NAN	
35,361	63	0	NAN	
35,381	63	0	NAN	
35,401	63	0	NAN	
35,421	63	0	NAN	
35,441	64	0	NAN	
35,461	64	0	NAN	
35,481	64	0	NAN	
35,501	64	0	NAN	
35,521	64	0	NAN	
35,541	64	0	NAN	
35,561	64	0	NAN	
35,581	64	0	NAN	
35,601	64	0	NAN	
35,621	64	0	NAN	
35,641	64	0	NAN	
35,661	64	0	NAN	
35,681	64	0	NAN	
35,701	64	0	NAN	
35,721	64	0	NAN	
35,741	64	0	NAN	
35,761	64	0	NAN	
35,781	64	0	NAN	
35,801	64	0	NAN	
35,821	64	0	NAN	
35,841	64	0	NAN	
35,861	64	0	NAN	
35,881	64	0	NAN	
35,901	64	0	NAN	
35,921	64	0	NAN	
35,941	64	0	NAN	
35,961	64	0	NAN	
35,981	64	0	NAN	
36,001	64	0	NAN	
36,021	64	0	NAN	
36,041	64	0	NAN	
36,061	64	0	NAN	
36,081	64	0	NAN	
36,101	64	0	NAN	
36,121	65	0	NAN	
36,141	65	0	NAN	
36,161	65	0	NAN	
36,181	65	0	NAN	
36,201	65	0	NAN	
36,221	65	0	NAN	
36,241	65	0	NAN	
36,261	65	0	NAN	
36,281	65	0	NAN	
36,301	65	0	NAN	
36,321	65	0	NAN	
36,341	65	0	NAN	
36,361	65	0	NAN	
36,381	65	0	NAN	
36,401	65	0	NAN	
36,421	65	0	NAN	
36,441	65	0	NAN	
36,461	65	0	NAN	
36,481	65	0	NAN	
36,501	65	0	NAN	
36,521	65	0	NAN	
36,541	65	0	NAN	
36,561	65	0	NAN	
36,581	66	0	NAN	
36,601	66	0	NAN	
36,621	66	0	NAN	
36,641	66	0	NAN	
36,661	66	0	NAN	
36,681	66	0	NAN	
36,701	66	0	NAN	
36,721	66	0	NAN	
36,741	66	0	NAN	
36,761	66	0	NAN	
36,781	66	0	NAN	
36,801	66	0	NAN	
36,821	66	0	NAN	
36,841	66	0	NAN	
36,861	66	0	NAN	
36,881	66	0	NAN	
36,901	66	0	NAN	
36,921	66	0	NAN	
36,941	66	0	NAN	
36,961	66	0	NAN	
36,981	66	0	NAN	
37,001	66	0	NAN	
37,021	66	0	NAN	
37,041	66	0	NAN	
37,061	66	0	NAN	
37,081	66	0	NAN	
37,101	67	0	NAN	
37,121	67	0	NAN	
37,141	67	0	NAN	
37,161	67	0	NAN	
37,181	67	0	NAN	
37,201	67	0	NAN	
37,221	67	0	NAN	
37,241	67	0	NAN	
37,261	67	0	NAN	
37,281	67	0	NAN	
37,301	67	0	NAN	
37,321	67	0	NAN	
37,341	68	0	NAN	
37,361	68	0	NAN	
37,381	68	0	NAN	
37,401	68	0	NAN	
37,421	68	0	NAN	
37,441	68	0	NAN	
37,461	68	0	NAN	
37,481	68	0	NAN	
37,501	68	0	NAN	
37,521	69	0	NAN	
37,541	69	0	NAN	
37,561	69	0	NAN	
37,581	69	0	NAN	
37,601	69	0	NAN	
37,621	69	0	NAN	
37,641	70	0	NAN	
37,661	70	0	NAN	
37,681	70	0	NAN	
37,701	70	0	NAN	
37,721	70	0	NAN	
37,741	70	0	NAN	
37,761	71	0	NAN	
37,781	71	0	NAN	
37,801	71	0	NAN	
37,821	71	0	NAN	
37,841	71	0	NAN	
37,861	71	0	NAN	
37,881	72	0	NAN	
37,901	72	0	NAN	
37,921	72	0	NAN	
37,941	72	0	NAN	
37,961	72	0	NAN	
37,981	72	0	NAN	
38,001	73	0	NAN	
38,021	73	0	NAN	
38,041	73	0	NAN	
38,061	73	0	NAN	
38,081	73	0	NAN	
38,101	73	0	NAN	
38,121	73	0	NAN	
38,141	73	0	NAN	
38,161	73	0	NAN	
38,181	74	0	NAN	
38,201	74	0	NAN	
38,221	74	0	NAN	
38,241	74	0	NAN	
38,261	74	0	NAN	
38,281	74	0	NAN	
38,301	74	0	NAN	
38,321	74	0	NAN	
38,341	74	0	NAN	
38,361	74	0	NAN	
38,381	74	0	NAN	
38,401	74	0	NAN	
38,421	75	0	NAN	
38,441	75	0	NAN	
38,461	75	0	NAN	
38,481	75	0	NAN	
38,501	75	0	NAN	
38,521	75	0	NAN	
38,541	75	0	NAN	
38,561	75	0	NAN	
38,581	75	0	NAN	
38,601	75	0	NAN	
38,621	75	0	NAN	
38,641	75	0	NAN	
38,661	75	0	NAN	
38,681	75	0	NAN	
38,701	76	0	NAN	
38,721	76	0	NAN	
38,741	76	0	NAN	
38,761	76	0	NAN	
38,781	76	0	NAN	
38,801	76	0	NAN	
38,821	76	0	NAN	
38,841	76	0	NAN	
38,861	76	0	NAN	
38,881	77	0	NAN	
38,901	77	0	NAN	
38,921	77	0	NAN	
38,941	77	0	NAN	
38,961	77	0	NAN	
38,981	77	0	NAN	
39,001	77	0	NAN	
39,021	77	0	NAN	
39,041	77	0	NAN	
39,061	78	0	NAN	
39,081	78	0	NAN	
39,101	78	0	NAN	
39,121	78	0	NAN	
39,141	78	0	NAN	
39,161	78	0	NAN	
39,181	78	0	NAN	
39,201	78	0	NAN	
39,221	78	0	NAN	
39,241	79	0	NAN	
39,261	79	0	NAN	
39,281	79	0	NAN	
39,301	79	0	NAN	
39,321	79	0	NAN	
39,341	79	0	NAN	
39,361	79	0	NAN	
39,381	79	0	NAN	
39,401	79	0	NAN	
39,421	79	0	NAN	
39,441	79	0	NAN	
39,461	80	0	NAN	
39,481	80	0	NAN	
39,501	80	0	NAN	
39,521	80	0	NAN	
39,541	80	0	NAN	
39,561	80	0	NAN	
39,581	80	0	NAN	
39,601	80	0	NAN	
39,621	80	0	NAN	
39,641	80	0	NAN	
39,661	80	0	NAN	
39,681	80	0	NAN	
39,701	80	0	NAN	
39,721	80	0	NAN	
39,741	80	0	NAN	
39,761	80	0	NAN	
39,781	80	0	NAN	
39,801	80	0	NAN	
39,821	80	0	NAN	
39,841	80	0	NAN	
39,861	80	0	NAN	
39,881	81	0	NAN	
39,901	81	0	NAN	
39,921	81	0	NAN	
39,941	81	0	NAN	
39,961	81	0	NAN	
39,981	81	0	NAN	
40,001	81	0	NAN	
40,027	81	0	NAN	
40,047	81	0	NAN	
40,062	81	0	NAN	
40,081	81	0	NAN	
40,101	81	0	NAN	
40,121	81	0	NAN	
40,141	81	0	NAN	
40,161	81	0	NAN	
40,181	81	0	NAN	
40,201	81	0	NAN	
40,221	81	0	NAN	
40,241	81	0	NAN	
40,261	81	0	NAN	
40,281	81	0	NAN	
40,301	81	0	NAN	
40,321	81	0	NAN	
40,341	81	0	NAN	
40,361	81	0	NAN	
40,381	81	0	NAN	
40,401	81	0	NAN	
40,421	81	0	NAN	
40,441	81	0	NAN	
40,461	81	0	NAN	
40,481	81	0	NAN	
40,501	81	0	NAN	
40,521	81	0	NAN	
40,541	81	0	NAN	
40,561	81	0	NAN	
40,581	81	0	NAN	
40,601	81	0	NAN	
40,621	81	0	NAN	
40,641	81	0	NAN	
40,661	81	0	NAN	
40,681	81	0	NAN	
40,701	81	0	NAN	
40,721	81	0	NAN	
40,741	81	0	NAN	
40,761	81	0	NAN	
40,781	81	0	NAN	
40,801	81	0	NAN	
40,821	81	0	NAN	
40,841	81	0	NAN	
40,861	81	0	NAN	
40,881	81	0	NAN	
40,901	81	0	NAN	
40,921	81	0	NAN	
40,941	81	0	NAN	
40,961	81	0	NAN	
40,981	81	0	NAN	
41,001	81	0	NAN	
41,021	81	0	NAN	
41,041	82	0	NAN	
41,061	82	0	NAN	
41,081	82	0	NAN	
41,101	82	0	NAN	
41,121	82	0	NAN	
41,141	82	0	NAN	
41,161	82	0	NAN	
41,181	82	0	NAN	
41,201	82	0	NAN	
41,221	83	0	NAN	
41,241	83	0	NAN	
41,261	83	0	NAN	
41,281	83	0	NAN	
41,301	83	0	NAN	
41,321	83	0	NAN	
41,341	83	0	NAN	
41,361	83	0	NAN	
41,381	83	0	NAN	
41,401	83	0	NAN	
41,421	83	0	NAN	
41,441	84	0	NAN	
41,461	84	0	NAN	
41,481	84	0	NAN	
41,501	84	0	NAN	
41,521	84	0	NAN	
41,541	84	0	NAN	
41,561	84	0	NAN	
41,581	85	0	NAN	
41,601	85	0	NAN	
41,621	85	0	NAN	
41,641	85	0	NAN	
41,661	85	0	NAN	
41,681	85	0	NAN	
41,701	85	0	NAN	
41,721	85	0	NAN	
41,741	85	0	NAN	
41,761	85	0	NAN	
41,781	85	0	NAN	
41,801	85	0	NAN	
41,821	85	0	NAN	
41,841	86	0	NAN	
41,861	86	0	NAN	
41,881	86	0	NAN	
41,901	87	0	NAN	
41,921	87	0	NAN	
41,941	87	0	NAN	
41,961	87	0	NAN	
41,981	87	0	NAN	
42,001	88	0	NAN	
42,021	88	0	NAN	
42,041	88	0	NAN	
42,061	88	0	NAN	
42,081	88	0	NAN	
42,101	88	0	NAN	
42,121	88	0	NAN	
42,141	88	0	NAN	
42,161	88	0	NAN	
42,181	88	0	NAN	
42,201	88	0	NAN	
42,221	88	0	NAN	
42,241	88	0	NAN	
42,261	88	0	NAN	
42,281	88	0	NAN	
42,301	88	0	NAN	
42,321	88	0	NAN	
42,341	88	0	NAN	
42,361	88	0	NAN	
42,381	88	0	NAN	
42,401	88	0	NAN	
42,421	88	0	NAN	
42,441	88	0	NAN	
42,461	88	0	NAN	
42,481	88	0	NAN	
42,501	88	0	NAN	
42,521	88	0	NAN	
42,541	88	0	NAN	
42,561	88	0	NAN	
42,581	88	0	NAN	
42,601	88	0	NAN	
42,621	88	0	NAN	
42,641	88	0	NAN	
42,661	88	0	NAN	
42,681	88	0	NAN	
42,701	88	0	NAN	
42,721	88	0	NAN	
42,741	88	0	NAN	
42,761	88	0	NAN	
42,781	88	0	NAN	
42,801	88	0	NAN	
42,821	88	0	NAN	
42,841	88	0	NAN	
42,861	88	0	NAN	
42,881	88	0	NAN	
42,901	88	0	NAN	
42,921	88	0	NAN	
42,941	88	0	NAN	
42,961	88	0	NAN	
42,981	88	0	NAN	
43,001	88	0	NAN	
43,021	88	0	NAN	
43,041	88	0	NAN	
43,061	88	0	NAN	
43,081	88	0	NAN	
43,101	88	0	NAN	
43,121	88	0	NAN	
43,141	88	0	NAN	
43,161	88	0	NAN	
43,181	88	0	NAN	
43,201	88	0	NAN	
43,221	88	0	NAN	
43,241	88	0	NAN	
43,261	88	0	NAN	
43,281	88	0	NAN	
43,301	88	0	NAN	
43,321	88	0	NAN	
43,341	88	0	NAN	
43,361	88	0	NAN	
43,381	88	0	NAN	
43,401	88	0	NAN	
43,421	88	0	NAN	
43,441	88	0	NAN	
43,461	88	0	NAN	
43,481	88	0	NAN	
43,501	88	0	NAN	
43,521	88	0	NAN	
43,541	88	0	NAN	
43,561	88	0	NAN	
43,581	88	0	NAN	
43,601	88	0	NAN	
43,621	88	0	NAN	
43,641	88	0	NAN	
43,661	88	0	NAN	
43,681	88	0	NAN	
43,701	88	0	NAN	
43,721	88	0	NAN	
43,741	88	0	NAN	
43,761	88	0	NAN	
43,781	88	0	NAN	
43,801	88	0	NAN	
43,821	88	0	NAN	
43,841	88	0	NAN	
43,861	88	0	NAN	
43,881	88	0	NAN	
43,901	88	0	NAN	
43,921	88	0	NAN	
43,941	88	0	NAN	
43,961	88	0	NAN	
43,981	88	0	NAN	
44,001	88	0	NAN	
44,021	88	0	NAN	
44,041	88	0	NAN	
44,061	88	0	NAN	
44,081	88	0	NAN	
44,101	88	0	NAN	
44,121	88	0	NAN	
44,141	88	0	NAN	
44,161	88	0	NAN	
44,181	88	0	NAN	
44,201	88	0	NAN	
44,221	88	0	NAN	
44,241	88	0	NAN	
44,261	88	0	NAN	
44,281	88	0	NAN	
44,301	88	0	NAN	
44,321	88	0	NAN	
44,341	88	0	NAN	
44,361	88	0	NAN	
44,381	88	0	NAN	
44,401	88	0	NAN	
44,421	88	0	NAN	
44,441	88	0	NAN	
44,461	88	0	NAN	
44,481	88	0	NAN	
44,501	88	0	NAN	
44,521	88	0	NAN	
44,541	88	0	NAN	
44,561	88	0	NAN	
44,581	88	0	NAN	
44,601	88	0	NAN	
44,621	88	0	NAN	
44,641	88	0	NAN	
44,661	88	0	NAN	
44,681	88	0	NAN	
44,701	88	0	NAN	
44,721	88	0	NAN	
44,741	88	0	NAN	
44,761	88	0	NAN	
44,781	88	0	NAN	
44,801	88	0	NAN	
44,821	88	0	NAN	
44,841	88	0	NAN	
44,861	88	0	NAN	
44,881	88	0	NAN	
44,901	88	0	NAN	
44,921	88	0	NAN	
44,941	88	0	NAN	
44,961	88	0	NAN	
44,981	88	0	NAN	
45,001	88	0	NAN	
45,021	88	0	NAN	
45,041	88	0	NAN	
45,061	88	0	NAN	
45,081	88	0	NAN	
45,101	88	0	NAN	
45,121	88	0	NAN	
45,141	88	0	NAN	
45,161	88	0	NAN	
45,181	88	0	NAN	
45,201	88	0	NAN	
45,221	88	0	NAN	
45,241	88	0	NAN	
45,261	88	0	NAN	
45,281	88	0	NAN	
45,301	88	0	NAN	
45,321	88	0	NAN	
45,341	88	0	NAN	
45,361	88	0	NAN	
45,381	88	0	NAN	
45,401	88	0	NAN	
45,421	88	0	NAN	
45,441	88	0	NAN	
45,461	88	0	NAN	
45,481	88	0	NAN	
45,501	88	0	NAN	
45,521	88	0	NAN	
45,541	88	0	NAN	
45,561	88	0	NAN	
45,581	88	0	NAN	
45,601	88	0	NAN	
45,621	88	0	NAN	
45,641	88	0	NAN	
45,661	88	0	NAN	
45,681	88	0	NAN	
45,701	88	0	NAN	
45,721	88	0	NAN	
45,741	88	0	NAN	
45,761	88	0	NAN	
45,781	88	0	NAN	
45,801	88	0	NAN	
45,821	88	0	NAN	
45,841	88	0	NAN	
45,861	88	0	NAN	
45,881	88	0	NAN	
45,901	88	0	NAN	
45,921	88	0	NAN	
45,941	88	0	NAN	
45,961	88	0	NAN	
45,981	88	0	NAN	
46,001	88	0	NAN	
46,021	88	0	NAN	
46,041	88	0	NAN	
46,061	88	0	NAN	
46,081	88	0	NAN	
46,101	88	0	NAN	
46,121	88	0	NAN	
46,141	88	0	NAN	
46,161	88	0	NAN	
46,181	88	0	NAN	
46,201	88	0	NAN	
46,221	88	0	NAN	
46,241	88	0	NAN	
46,261	88	0	NAN	
46,281	88	0	NAN	
46,301	88	0	NAN	
46,321	88	0	NAN	
46,341	88	0	NAN	
46,361	88	0	NAN	
46,381	88	0	NAN	
46,401	88	0	NAN	
46,421	88	0	NAN	
46,441	88	0	NAN	
46,461	88	0	NAN	
46,481	88	0	NAN	
46,501	88	0	NAN	
46,521	88	0	NAN	
46,541	88	0	NAN	
46,561	88	0	NAN	
46,581	88	0	NAN	
46,601	88	0	NAN	
46,621	88	0	NAN	
46,641	88	0	NAN	
46,661	88	0	NAN	
46,681	88	0	NAN	
46,701	88	0	NAN	
46,721	88	0	NAN	
46,741	88	0	NAN	
46,761	88	0	NAN	
46,781	88	0	NAN	
46,801	88	0	NAN	
46,821	88	0	NAN	
46,841	88	0	NAN	
46,861	88	0	NAN	
46,881	88	0	NAN	
46,901	88	0	NAN	
46,921	88	0	NAN	
46,941	88	0	NAN	
46,961	88	0	NAN	
46,981	88	0	NAN	
47,001	88	0	NAN	
47,021	88	0	NAN	
47,041	88	0	NAN	
47,061	88	0	NAN	
47,081	88	0	NAN	
47,101	88	0	NAN	
47,121	88	0	NAN	
47,141	88	0	NAN	
47,161	88	0	NAN	
47,181	88	0	NAN	
47,201	88	0	NAN	
47,221	88	0	NAN	
47,241	88	0	NAN	
47,261	88	0	NAN	
47,281	88	0	NAN	
47,301	88	0	NAN	
47,321	88	0	NAN	
47,341	88	0	NAN	
47,361	88	0	NAN	
47,381	88	0	NAN	
47,401	88	0	NAN	
47,421	88	0	NAN	
47,441	88	0	NAN	
47,461	88	0	NAN	
47,481	88	0	NAN	
47,501	88	0	NAN	
47,521	89	0	NAN	
47,541	89	0	NAN	
47,561	89	0	NAN	
47,581	89	0	NAN	
47,601	89	0	NAN	
47,621	89	0	NAN	
47,641	89	0	NAN	
47,661	89	0	NAN	
47,681	89	0	NAN	
47,701	89	0	NAN	
47,721	89	0	NAN	
47,741	89	0	NAN	
47,761	89	0	NAN	
47,781	89	0	NAN	
47,801	89	0	NAN	
47,821	89	0	NAN	
47,841	89	0	NAN	
47,861	89	0	NAN	
47,881	89	0	NAN	
47,901	89	0	NAN	
47,921	89	0	NAN	
47,941	89	0	NAN	
47,961	89	0	NAN	
47,981	89	0	NAN	
48,001	89	0	NAN	
48,021	89	0	NAN	
48,041	89	0	NAN	
48,061	89	0	NAN	
48,081	89	0	NAN	
48,101	89	0	NAN	
48,121	89	0	NAN	
48,141	90	0	NAN	
48,161	90	0	NAN	
48,181	90	0	NAN	
48,201	90	0	NAN	
48,221	90	0	NAN	
48,241	90	0	NAN	
48,261	90	0	NAN	
48,281	90	0	NAN	
48,301	90	0	NAN	
48,321	90	0	NAN	
48,341	90	0	NAN	
48,361	90	0	NAN	
48,381	91	0	NAN	
48,401	91	0	NAN	
48,421	91	0	NAN	
48,441	91	0	NAN	
48,461	91	0	NAN	
48,481	91	0	NAN	
48,501	91	0	NAN	
48,521	91	0	NAN	
48,541	92	0	NAN	
48,561	92	0	NAN	
48,581	92	0	NAN	
48,601	92	0	NAN	
48,621	92	0	NAN	
48,641	93	0	NAN	
48,661	93	0	NAN	
48,681	93	0	NAN	
48,701	93	0	NAN	
48,721	93	0	NAN	
48,741	94	0	NAN	
48,761	94	0	NAN	
48,781	94	0	NAN	
48,801	94	0	NAN	
48,821	94	0	NAN	
48,841	95	0	NAN	
48,861	95	0	NAN	
48,881	95	0	NAN	
48,901	95	0	NAN	
48,921	95	0	NAN	
48,941	95	0	NAN	
48,961	96	0	NAN	
48,981	96	0	NAN	
49,001	96	0	NAN	
49,021	96	0	NAN	
49,041	96	0	NAN	
49,061	97	0	NAN	
49,081	97	0	NAN	
49,101	97	0	NAN	
49,121	97	0	NAN	
49,141	97	0	NAN	
49,161	97	0	NAN	
49,181	98	0	NAN	
49,201	98	0	NAN	
49,221	98	0	NAN	
49,241	98	0	NAN	
49,261	98	0	NAN	
49,281	98	0	NAN	
49,301	98	0	NAN	
49,321	99	0	NAN	
49,341	99	0	NAN	
49,361	99	0	NAN	
49,381	99	0	NAN	
49,401	99	0	NAN	
49,421	99	0	NAN	
49,441	100	0	NAN	
49,461	100	0	NAN	
49,481	100	0	NAN	
49,501	100	0	NAN	
49,521	100	0	NAN	
49,541	100	0	NAN	
49,561	100	0	NAN	
49,588	100	0	NAN	
49,602	101	0	NAN	
49,621	101	0	NAN	
49,641	101	0	NAN	
49,661	101	0	NAN	
49,681	101	0	NAN	
49,701	101	0	NAN	
49,721	101	0	NAN	
49,741	101	0	NAN	
49,761	102	0	NAN	
49,781	102	0	NAN	
49,801	102	0	NAN	
49,821	102	0	NAN	
49,841	102	0	NAN	
49,861	102	0	NAN	
49,881	102	0	NAN	
49,901	102	0	NAN	
49,921	103	0	NAN	
49,941	103	0	NAN	
49,961	103	0	NAN	
49,985	103	0	NAN	
50,001	103	0	NAN	
50,021	103	0	NAN	
50,041	103	0	NAN	
50,061	103	0	NAN	
50,081	103	0	NAN	
50,101	103	0	NAN	
50,121	103	0	NAN	
50,141	103	0	NAN	
50,161	103	0	NAN	
50,181	104	0	NAN	
50,201	104	0	NAN	
50,221	104	0	NAN	
50,241	104	0	NAN	
50,261	104	0	NAN	
50,281	104	0	NAN	
50,301	104	0	NAN	
50,321	104	0	NAN	
50,341	105	0	NAN	
50,361	105	0	NAN	
50,381	105	0	NAN	
50,401	106	0	NAN	
50,421	106	0	NAN	
50,441	106	0	NAN	
50,461	106	0	NAN	
50,481	106	0	NAN	
50,501	106	0	NAN	
50,521	107	0	NAN	
50,541	107	0	NAN	
50,561	107	0	NAN	
50,581	107	0	NAN	
50,601	107	0	NAN	
50,621	107	0	NAN	
50,641	107	0	NAN	
50,661	107	0	NAN	
50,681	107	0	NAN	
50,701	107	0	NAN	
50,721	107	0	NAN	
50,741	107	0	NAN	
50,761	107	0	NAN	
50,781	107	0	NAN	
50,801	107	0	NAN	
50,821	107	0	NAN	
50,841	107	0	NAN	
50,861	107	0	NAN	
50,881	107	0	NAN	
50,901	107	0	NAN	
50,921	107	0	NAN	
50,941	107	0	NAN	
50,961	107	0	NAN	
50,981	107	0	NAN	
51,001	107	0	NAN	
51,021	107	0	NAN	
51,041	107	0	NAN	
51,061	107	0	NAN	
51,081	107	0	NAN	
51,101	107	0	NAN	
51,121	107	0	NAN	
51,141	107	0	NAN	
51,161	107	0	NAN	
51,181	107	0	NAN	
51,201	107	0	NAN	
51,221	107	0	NAN	
51,241	107	0	NAN	
51,261	107	0	NAN	
51,281	107	0	NAN	
51,301	107	0	NAN	
51,321	107	0	NAN	
51,341	107	0	NAN	
51,361	107	0	NAN	
51,381	107	0	NAN	
51,401	107	0	NAN	
51,421	107	0	NAN	
51,441	107	0	NAN	
51,461	107	0	NAN	
51,481	107	0	NAN	
51,501	107	0	NAN	
51,521	107	0	NAN	
51,541	107	0	NAN	
51,561	107	0	NAN	
51,581	107	0	NAN	
51,601	107	0	NAN	
51,621	107	0	NAN	
51,641	107	0	NAN	
51,661	107	0	NAN	
51,681	107	0	NAN	
51,701	107	0	NAN	
51,721	107	0	NAN	
51,742	107	0	NAN	
51,761	107	0	NAN	
51,781	107	0	NAN	
51,801	107	0	NAN	
51,821	107	0	NAN	
51,841	107	0	NAN	
51,861	107	0	NAN	
51,881	107	0	NAN	
51,901	107	0	NAN	
51,921	107	0	NAN	
51,941	107	0	NAN	
51,961	107	0	NAN	
51,981	107	0	NAN	
52,001	107	0	NAN	
52,021	107	0	NAN	
52,041	107	0	NAN	
52,061	107	0	NAN	
52,081	107	0	NAN	
52,101	107	0	NAN	
52,121	107	0	NAN	
52,141	107	0	NAN	
52,161	107	0	NAN	
52,181	107	0	NAN	
52,201	107	0	NAN	
52,221	107	0	NAN	
52,241	107	0	NAN	
52,261	107	0	NAN	
52,281	107	0	NAN	
52,301	107	0	NAN	
52,321	107	0	NAN	
52,341	107	0	NAN	
52,361	107	0	NAN	
52,381	107	0	NAN	
52,401	107	0	NAN	
52,421	107	0	NAN	
52,441	107	0	NAN	
52,461	108	0	NAN	
