#INFO
#COMMENT: 

#DATA:
0.5545344	1.2182e-005	0.00192875446	
0.5545344	1.2388e-005	0.00193231178	
0.5545344	1.1872e-005	0.00192590753	
0.5545344	1.1253e-005	0.00192079757	
0.5545555	3.82e-006	0.00190775662	
0.5545344	5.059e-006	0.00191623443	
0.5545344	7.433e-006	0.00191901037	
0.5545344	8.878e-006	0.00191684902	
0.5545344	5.884e-006	0.00191836082	
0.5545344	6.917e-006	0.0019174428	
0.5545132	5.781e-006	0.00191434448	
0.5545344	5.059e-006	0.00191414487	
0.5545344	4.233e-006	0.00182427421	
0.5545344	4.13e-007	0.0019000522	
0.5545132	6.607e-006	0.00190868265	
0.5545344	5.781e-006	0.00191162431	
0.5545555	1.053e-005	0.00190145618	
0.5545767	2.374e-006	0.00188527101	
0.5546613	1.1666e-005	0.00188328126	
0.5546825	6.504e-006	0.00187331674	
0.5547565	1.3524e-005	0.00185946052	
0.5548306	6.813e-006	0.00185743687	
0.5549152	1.404e-005	0.00185906235	
0.5550633	6.091e-006	0.00185311417	
0.5560577	4.852e-006	0.00185747076	
0.5576445	9.704e-006	0.00186985015	
0.5595064	1.1769e-005	0.00187517867	
0.5615164	8.568e-006	0.00188076871	
0.5633571	6.194e-006	0.00189223702	
0.5655152	6.091e-006	0.00190440585	
0.567832	7.846e-006	0.00192259572	
0.5709422	5.368e-006	0.00196201186	
0.5727194	5.368e-006	0.00200107386	
0.5750574	6.813e-006	0.002064655	
0.5766971	6.504e-006	0.00213577297	
0.5780089	4.749e-006	0.00218497215	
0.5798073	1.239e-006	0.00222172603	
0.5813095	5.884e-006	0.00224877986	
0.5825366	5.781e-006	0.00226751253	
0.5839859	6.297e-006	0.00227467015	
0.5858584	1.0323e-005	0.00228620731	
0.5877097	3.716e-006	0.00232199833	
0.5895716	6.917e-006	0.00237800981	
0.5916027	-8.26e-007	0.00250936215	
0.5934858	9.291e-006	0.00279106503	
0.5953688	1.6518e-005	0.00326166354	
0.5975057	-1.858e-006	0.00368445778	
0.599156	1.2078e-005	0.00414721709	
0.6010179	1.1149e-005	0.00459301386	
0.6033241	1.0736e-005	0.00507587594	
0.605461	2.168e-006	0.0055515724	
0.6080952	8.26e-007	0.00612098719	
0.6095551	1.3111e-005	0.00666191134	
0.6114593	1.0014e-005	0.00707300083	
0.6131519	1.1149e-005	0.00748612891	
0.614379	8.259e-006	0.00785920117	
0.6163256	1.4866e-005	0.0083997421	
0.6176373	5.575e-006	0.00887612708	
0.6187587	1.5485e-005	0.00930673355	
0.6205994	5.162e-006	0.00971925798	
0.6227681	6.297e-006	0.010266735	
0.6244607	-7.23e-007	0.010702697	
0.6263437	-5.059e-006	0.0112269529	
0.6286288	3.0867e-005	0.0117989302	
0.630766	1.404e-005	0.012278675	
0.6335165	9.601e-006	0.0127849367	
0.6353361	1.2491e-005	0.01336989	
0.6370075	2.1576e-005	0.014033108	
0.63888	1.2801e-005	0.0145301127	
0.64089	2.6325e-005	0.0150802819	
0.6422652	1.8376e-005	0.0155965172	
0.6438309	2.4673e-005	0.0160376918	
0.6453543	1.8479e-005	0.0165316291	
0.6470046	2.488e-005	0.017094958	
0.6482106	4.5836e-005	0.0176762422	
0.6497128	3.83e-005	0.0182576553	
0.6513208	4.8624e-005	0.0189946226	
0.6538385	6.4935e-005	0.0198380628	
0.6561447	7.4535e-005	0.020692168	
0.6582605	9.033e-005	0.0212883492	
0.660006	9.4873e-005	0.0216714829	
0.6614447	0.000117171	0.0221206694	
0.6624392	0.000126359	0.0224440885	
0.6637298	0.000134721	0.0227163038	
0.665634	0.000143703	0.023108465	
0.6666495	0.000178493	0.0234641168	
0.6680248	0.000193049	0.0237523426	
0.6694001	0.000203682	0.0240072522	
0.6704156	0.000220096	0.0242329655	
0.6709657	0.000238575	0.0245626391	
0.6722352	0.000269443	0.0249434428	
0.6735681	0.000295974	0.0254401491	
0.6751021	0.000334687	0.0258100043	
0.67616	0.000350069	0.0260339234	
0.6771121	0.000377426	0.0264017939	
0.6781488	0.000393014	0.0266487735	
0.6792278	0.000415829	0.0269200478	
0.6807512	0.00044009	0.0271870573	
0.6824438	0.000467447	0.0275397065	
0.683544	0.000496869	0.0278926032	
0.6841576	0.000526703	0.0281963447	
0.6849827	0.00054446	0.0284371685	
0.6857867	0.000585857	0.0287816044	
0.6869821	0.000618169	0.0290994604	
0.6884738	0.000671232	0.0295957197	
0.6901029	0.000725843	0.030016628	
0.6912877	0.000786545	0.0304663653	
0.6929909	0.000855506	0.0309163332	
0.6944508	0.000916621	0.0312849211	
0.6956568	0.000971439	0.0317121469	
0.6967147	0.001021507	0.0320679892	
0.6981957	0.001085719	0.0324736423	
0.7002481	0.001132072	0.0328982208	
0.7020041	0.001176772	0.0332648849	
0.7035275	0.001223641	0.0335951283	
0.7047758	0.001249243	0.0339817475	
0.7057279	0.001263902	0.0343444192	
0.7063521	0.001271645	0.034555454	
0.7070397	0.001292189	0.0347959346	
0.7079283	0.001303957	0.0352113967	
0.7092507	0.001320475	0.0355616471	
0.7104778	0.001320165	0.0358234957	
0.7121916	0.001312319	0.0361595805	
0.7132918	0.001286201	0.0364110544	
0.7144555	0.001246765	0.0367335894	
0.7159154	0.001182966	0.0370620278	
0.7179677	0.001060943	0.0373542191	
0.7196603	0.000923847	0.0373436877	
0.7216914	0.000761253	0.0375649846	
0.7230032	0.000624673	0.0378136236	
0.7239236	0.000531865	0.0380072999	
0.7246535	0.000455059	0.038116928	
0.7253729	0.000392498	0.0382834826	
0.7262721	0.000286683	0.0384259102	
0.7272453	0.00022629	0.0384833755	
0.7283667	0.000159704	0.0385875025	
0.7295304	0.000113661	0.0387822384	
0.731223	7.6187e-005	0.038759677	
0.7326829	5.3579e-005	0.038862377	
0.7339523	3.6545e-005	0.0389653524	
0.7352006	3.0041e-005	0.0390918673	
0.7360893	2.488e-005	0.0390582077	
0.7370202	2.0234e-005	0.0390759375	
0.738205	1.6724e-005	0.039156122	
0.7393476	1.2388e-005	0.0392267999	
0.7402785	9.498e-006	0.0393384378	
0.7415903	1.053e-005	0.0393740671	
0.7429338	9.085e-006	0.0393316892	
0.7442244	4.542e-006	0.0393408057	
0.745515	8.672e-006	0.0393810291	
0.7470807	8.465e-006	0.0394449286	
0.7484348	1.3833e-005	0.0394630496	
0.749535	6.194e-006	0.0394915453	
0.7506564	1.1356e-005	0.0395343442	
0.7518412	5.988e-006	0.0396356522	
0.7525817	1.373e-005	0.0396348759	
0.753428	8.362e-006	0.0395844724	
0.7544436	1.2801e-005	0.0394894069	
0.7553111	1.1872e-005	0.0394761834	
0.7561362	1.0427e-005	0.0394370296	
0.7575644	1.053e-005	0.0394649625	
0.7583895	1.3937e-005	0.0393834549	
0.7591406	7.846e-006	0.039351372	
0.7602937	9.394e-006	0.0393565428	
0.7614045	9.704e-006	0.0392721394	
0.7623884	1.022e-005	0.0393275891	
0.7634886	6.297e-006	0.0391953366	
0.7645464	7.639e-006	0.0391823186	
0.7653504	8.465e-006	0.0390708305	
0.7661333	4.749e-006	0.0390678549	
0.766895	7.846e-006	0.0388770744	
0.7676566	4.233e-006	0.0388436782	
0.7685347	6.813e-006	0.0387481818	
0.7693704	5.575e-006	0.0386695838	
0.7704495	1.4143e-005	0.0385219046	
0.7716343	1.2285e-005	0.0383242539	
0.7733481	1.3317e-005	0.0382819489	
0.7744694	9.394e-006	0.0381822664	
0.7752734	1.8376e-005	0.0380570229	
0.7762044	1.3627e-005	0.0378917495	
0.7770718	1.8066e-005	0.0376146837	
0.7775585	1.5382e-005	0.0373136204	
0.778299	1.7653e-005	0.0369622455	
0.7791453	1.2698e-005	0.0367641587	
0.7795367	1.724e-005	0.0365357551	
0.7800656	1.3111e-005	0.0364746865	
0.7805734	1.3111e-005	0.0364327987	
0.7812928	1.0323e-005	0.0363089971	
0.7818852	9.807e-006	0.0361414366	
0.7824353	8.362e-006	0.0359586009	
0.783197	7.123e-006	0.0357416169	
0.7842972	9.704e-006	0.0352940059	
0.7847204	6.71e-006	0.0352352294	
0.7847521	1.0117e-005	0.0352270001	
0.7848261	7.846e-006	0.0352166484	
0.7848473	1.5382e-005	0.0351105626	
0.7848896	1.1149e-005	0.0351243191	
0.7849954	9.188e-006	0.0350658209	
0.7849531	1.1253e-005	0.0350706795	
0.7850377	1.3937e-005	0.0350743316	
0.7849742	1.3111e-005	0.0350818564	
0.785006	1.5279e-005	0.0350501247	
