#INFO
#COMMENT: 

#DATA:
0.5797015	3.9229e-005	0.00221093129	
0.5796909	2.7873e-005	0.00219287513	
0.5796803	3.0661e-005	0.00220404508	
0.5796592	2.7254e-005	0.00219609914	
0.5796803	3.3758e-005	0.00220275291	
0.5797015	3.0041e-005	0.00220171213	
0.5796592	3.2003e-005	0.00220145167	
0.5796803	3.0351e-005	0.0022025194	
0.579638	3.0661e-005	0.0022001475	
0.5796803	2.839e-005	0.00219370935	
0.5796803	2.7873e-005	0.00219299388	
0.5796803	2.5912e-005	0.00219301283	
0.5796803	2.5705e-005	0.00219135639	
0.5797015	2.8183e-005	0.00219525504	
0.5796592	3.7474e-005	0.00221235022	
0.5796592	3.0661e-005	0.00219993294	
0.5796803	2.8183e-005	0.00219012907	
0.5796803	1.9305e-005	0.00217456357	
0.5796803	2.1783e-005	0.00218119226	
0.5796803	2.2402e-005	0.00218331571	
0.5796803	2.5086e-005	0.00218436343	
0.5796592	2.7047e-005	0.00218645299	
0.5796803	2.8699e-005	0.00218636413	
0.5796803	3.0661e-005	0.0021894475	
0.5796592	2.7667e-005	0.00218734806	
0.5796592	3.2725e-005	0.00218429564	
0.5796592	2.6841e-005	0.00219452356	
0.5796803	2.5602e-005	0.00221441577	
0.579765	1.7653e-005	0.00222320287	
0.579765	2.4157e-005	0.00224552089	
0.5798284	2.6325e-005	0.00229108482	
0.5798919	2.9525e-005	0.00234989332	
0.5800823	2.7564e-005	0.00241143186	
0.5803362	3.6648e-005	0.00246356871	
0.5809286	2.6222e-005	0.00249106047	
0.5829915	3.2106e-005	0.00251498609	
0.5845889	2.8286e-005	0.00252744527	
0.5862075	3.2932e-005	0.0025399693	
0.5874452	2.6222e-005	0.00255445613	
0.5883233	3.2622e-005	0.00258872842	
0.5902698	2.4467e-005	0.0026729602	
0.5925971	2.5809e-005	0.00287259959	
0.593782	2.9938e-005	0.00304685467	
0.5951149	2.8183e-005	0.00326494146	
0.5958131	3.2312e-005	0.00347817262	
0.5965325	2.5705e-005	0.00369673336	
0.5973999	3.4377e-005	0.00388399443	
0.5982674	2.6531e-005	0.00411096012	
0.5993041	3.2209e-005	0.00438826745	
0.600489	2.5189e-005	0.00471567197	
0.6019594	3.2416e-005	0.00504566189	
0.6034193	3.1383e-005	0.00534701653	
0.6043185	3.3758e-005	0.00556520205	
0.6051331	3.1177e-005	0.00577146827	
0.6064872	3.4997e-005	0.00602465543	
0.6071642	3.0351e-005	0.00628630652	
0.6083068	3.159e-005	0.00656434426	
0.6092165	3.1796e-005	0.00686255656	
0.610613	3.3551e-005	0.00715182323	
0.611692	3.097e-005	0.00742741621	
0.6126653	2.9835e-005	0.00764200651	
0.6133635	2.9009e-005	0.00790779163	
0.6141886	2.7977e-005	0.00817902295	
0.6151196	2.6428e-005	0.00839157867	
0.6158072	2.4054e-005	0.00852917167	
0.6163256	2.7357e-005	0.0087106172	
0.6171295	2.8906e-005	0.00893266348	
0.6174681	3.3655e-005	0.00915253934	
0.6178912	2.6222e-005	0.00929051049	
0.6185048	2.9422e-005	0.00954116616	
0.6194675	3.0557e-005	0.00980873447	
0.6206312	2.395e-005	0.0101366927	
0.6216996	3.0764e-005	0.0105242678	
0.6231066	3.83e-005	0.0108145323	
0.624228	3.2106e-005	0.0110992836	
0.6254551	3.0867e-005	0.0114289493	
0.6265765	3.2932e-005	0.0117598273	
0.6281633	3.8197e-005	0.0120795813	
0.6290519	3.479e-005	0.0123675348	
0.6301101	3.3035e-005	0.0126575927	
0.6314642	3.4377e-005	0.0129724273	
0.6329453	4.0468e-005	0.0133808465	
0.6347014	3.5719e-005	0.0137996743	
0.6357381	3.9539e-005	0.0142123055	
0.6369229	3.6855e-005	0.0146050754	
0.6384992	3.8919e-005	0.0150167875	
0.6401601	3.4171e-005	0.015513857	
0.641694	3.7268e-005	0.0161302477	
0.6432808	3.83e-005	0.0166560005	
0.6446772	3.3655e-005	0.0170632223	
0.645714	3.8094e-005	0.0174885691	
0.6471738	3.8713e-005	0.0179707755	
0.6483587	4.1604e-005	0.0185911217	
0.650411	3.9126e-005	0.0193486758	
0.652294	4.0468e-005	0.0201116252	
0.6542194	3.9952e-005	0.0207296494	
0.6554994	4.1397e-005	0.0213422234	
0.6574671	4.3049e-005	0.0220404011	
0.6601118	4.3255e-005	0.0226185462	
0.6617938	4.181e-005	0.0230600013	
0.6632643	5.4095e-005	0.023509555	
0.6651262	4.5114e-005	0.0239536694	
0.6669669	4.3978e-005	0.0244321779	
0.669125	4.7281e-005	0.0249363351	
0.6708811	4.7385e-005	0.0254471989	
0.6723833	4.8314e-005	0.0259235041	
0.6743721	5.4095e-005	0.0265243602	
0.6758214	4.9862e-005	0.0271040349	
0.6774929	5.8947e-005	0.0276577505	
0.6797145	5.6469e-005	0.0281050201	
0.681936	6.8341e-005	0.0285807177	
0.6837344	7.6807e-005	0.0291164459	
0.6853213	0.000101376	0.0296911783	
0.6869927	0.000120372	0.0302935342	
0.6889498	0.000152271	0.030810924	
0.6909069	0.000200379	0.0313615592	
0.6928217	0.000252719	0.0319116376	
0.6949375	0.000319821	0.0325153517	
0.6966724	0.000428114	0.0331759223	
0.6983227	0.000553957	0.0337576586	
0.7001634	0.00069797	0.0341615955	
0.7023638	0.000865313	0.0347053645	
0.7050932	0.001130213	0.0354820174	
0.7073676	0.001332141	0.0362280363	
0.7095786	0.001483173	0.0368024353	
0.7116838	0.001642051	0.0375682964	
0.7142439	0.001841294	0.0379763645	
0.7154922	0.001910565	0.0376326331	
0.7185389	0.002246079	0.0380432585	
0.721903	0.002774434	0.0387272907	
0.7238178	0.003273161	0.0392073219	
0.7258489	0.003781592	0.0394243679	
0.727203	0.004169858	0.0395928992	
0.7288322	0.004517451	0.0397046468	
0.7307575	0.00480434	0.0397375719	
0.7330849	0.005085552	0.0398372624	
0.7355815	0.005283969	0.0400305107	
0.737528	0.005395669	0.0400521271	
0.7396015	0.00544264	0.0401277015	
0.7415268	0.00544997	0.0402502568	
0.7432194	0.005438511	0.0403864867	
0.7448697	0.005371512	0.0403769262	
0.7464671	0.005278601	0.0404027217	
0.7480751	0.005149351	0.0405218036	
0.749461	0.004925022	0.0404341741	
0.7508468	0.004613976	0.0404199936	
0.752349	0.004172955	0.0405330613	
0.7536608	0.00357151	0.0404225411	
0.7552265	0.002944256	0.0404010234	
0.7567604	0.002364593	0.0404560211	
0.7581885	0.001872574	0.0404280452	
0.7593945	0.00145086	0.0403313043	
0.7610237	0.001069202	0.0402405207	
0.7625365	0.000747935	0.0401686414	
0.7642925	0.000506779	0.0401283451	
0.7656255	0.000367103	0.040079605	
0.7667257	0.00027543	0.04007404	
0.7676249	0.00019883	0.0399386892	
0.7690107	0.000142774	0.0397441747	
0.7702802	0.000115416	0.0396457206	
0.7712006	9.7247e-005	0.0395537235	
0.7725018	8.5272e-005	0.0394541827	
0.7736866	7.4639e-005	0.0393780834	
0.7745541	6.8548e-005	0.0392183042	
0.7755696	5.8844e-005	0.0391275964	
0.7765852	5.616e-005	0.0389792207	
0.7772517	4.8107e-005	0.0387088484	
0.7780133	4.8417e-005	0.0383034477	
0.7792511	4.7385e-005	0.0378049133	
0.7801503	3.8507e-005	0.0375486188	
0.7808273	4.2842e-005	0.0373809206	
0.7814621	3.8094e-005	0.0372887859	
0.7824565	3.9539e-005	0.0371191868	
0.7833239	3.6648e-005	0.0368659297	
0.7841703	4.0571e-005	0.0367480803	
0.7846569	3.9642e-005	0.0366675136	
0.7850589	3.7887e-005	0.0365394013	
0.7851647	3.6752e-005	0.0365299476	
0.7851435	3.4274e-005	0.0365220377	
0.7851647	3.7164e-005	0.0365303468	
0.7851858	3.4067e-005	0.0365228559	
0.785207	3.9436e-005	0.0365301552	
0.7852493	3.7784e-005	0.0365436282	
0.7852493	3.6648e-005	0.0365192366	
0.7852705	3.7887e-005	0.0365151475	
0.7852705	3.6855e-005	0.036554396	
0.7852493	3.6132e-005	0.036510212	
