#INFO
#COMMENT: 

#DATA:
0.5810767	1.9718e-005	0.000946983899	
0.5810767	2.2918e-005	0.000954270149	
0.5810767	2.106e-005	0.000946596678	
0.5810767	1.2388e-005	0.000933074833	
0.5810767	7.433e-006	0.000929733938	
0.5810767	1.3214e-005	0.000936188095	
0.5810767	1.9202e-005	0.000933479936	
0.5810767	1.6414e-005	0.000925086995	
0.5810767	1.6621e-005	0.000930537205	
0.5810344	1.9408e-005	0.000934003795	
0.5810767	1.693e-005	0.000928288056	
0.5810767	1.8789e-005	0.000933288327	
0.5810556	1.7137e-005	0.000933980845	
0.5810556	1.693e-005	0.000927527752	
0.5810556	1.3111e-005	0.000921336993	
0.5810556	1.5072e-005	0.000927855999	
0.5810556	1.7343e-005	0.000932075953	
0.581045	2.8493e-005	0.00094116435	
0.5810662	6.607e-006	0.00092267319	
0.5810767	1.0117e-005	0.000921467756	
0.5810767	1.4969e-005	0.000922202172	
0.5810979	1.7756e-005	0.000928514624	
0.5810767	1.3833e-005	0.000924657875	
0.5811191	1.9408e-005	0.000924096121	
0.5811191	1.8685e-005	0.000927496797	
0.5811614	2.0853e-005	0.000926635621	
0.5812248	1.9098e-005	0.000922771932	
0.5813518	2.3021e-005	0.00092579846	
0.5815634	1.8995e-005	0.000925752559	
0.5818173	2.106e-005	0.000918663793	
0.58205	1.724e-005	0.000920354125	
0.5822616	1.8685e-005	0.000920530788	
0.5830656	1.693e-005	0.000917676922	
0.5849169	1.9305e-005	0.000922268086	
0.5867364	2.0544e-005	0.000923664064	
0.5889368	1.9924e-005	0.000925566018	
0.5916874	1.6208e-005	0.000929061433	
0.5938878	2.1163e-005	0.000938800449	
0.595792	1.7963e-005	0.000942676145	
0.5975481	1.7963e-005	0.000949982408	
0.5993676	1.7963e-005	0.000961370922	
0.6012401	1.9098e-005	0.000962059437	
0.6031654	1.7137e-005	0.000963134108	
0.6047311	2.0957e-005	0.000980489751	
0.6072489	1.8479e-005	0.000988033524	
0.6092165	1.9202e-005	0.000994085515	
0.6112265	1.6621e-005	0.00100713047	
0.6134058	2.2092e-005	0.00102216411	
0.6155216	1.8995e-005	0.0010267043	
0.6174046	1.786e-005	0.00104078203	
0.6191924	1.9718e-005	0.0010594608	
0.6213717	1.7343e-005	0.00106932764	
0.6233182	1.9821e-005	0.00107789618	
0.6247146	1.8169e-005	0.00109306058	
0.6267457	1.6311e-005	0.00110253113	
0.6292427	2.0544e-005	0.00111497643	
0.6314219	1.7447e-005	0.00113473787	
0.6336012	2.395e-005	0.00114211299	
0.6350505	1.724e-005	0.00115038024	
0.6359708	2.1473e-005	0.00116744553	
0.637801	1.8995e-005	0.00117908543	
0.6398109	2.2195e-005	0.00119306041	
0.6417998	2.1163e-005	0.00121299852	
0.6434712	1.8789e-005	0.00123157054	
0.6456928	1.9408e-005	0.00124603042	
0.6477028	2.3021e-005	0.00126930035	
0.6489299	2.0544e-005	0.00128369538	
0.6500725	2.044e-005	0.00129489228	
0.6511938	1.7034e-005	0.00130328122	
0.6522305	2.3228e-005	0.00131922488	
0.6536904	2.2608e-005	0.00132773764	
0.6546743	1.9615e-005	0.00133692184	
0.6560601	2.137e-005	0.00135570041	
0.6574459	2.1679e-005	0.00136456837	
0.6593713	2.2402e-005	0.00137581518	
0.6614871	2.1989e-005	0.00140021769	
0.6639202	2.3434e-005	0.00141672417	
0.666713	2.2608e-005	0.00143478727	
0.6686595	2.1989e-005	0.00145630496	
0.6704368	2.3021e-005	0.00146771643	
0.6717063	2.2712e-005	0.0014774445	
0.673219	2.4054e-005	0.00150138	
0.6749751	2.0544e-005	0.00151587883	
0.67616	2.426e-005	0.00152478069	
0.6772602	2.0337e-005	0.0015411983	
0.6788047	2.2815e-005	0.00155856195	
0.6810262	2.137e-005	0.00157239522	
0.6836286	2.5189e-005	0.00158877494	
0.6853847	2.0234e-005	0.00161013998	
0.6867811	2.2608e-005	0.00162000575	
0.688643	2.0131e-005	0.00164032708	
0.690452	2.1163e-005	0.00165707106	
0.6922081	2.0957e-005	0.00168406591	
0.6942181	2.3538e-005	0.00170683093	
0.6962492	2.1989e-005	0.00172197933	
0.697688	2.1473e-005	0.00173529969	
0.6986401	2.777e-005	0.00175529864	
0.6990421	2.5602e-005	0.00174356186	
0.6999836	2.4054e-005	0.00174756032	
0.7011049	2.075e-005	0.00176785363	
0.703189	2.4983e-005	0.00177820536	
0.7048604	2.3641e-005	0.00179464299	
0.7063944	2.5499e-005	0.00181472173	
0.7080764	2.395e-005	0.00182890727	
0.7101181	2.5293e-005	0.00184213583	
0.7117473	2.4054e-005	0.00185307627	
0.713313	2.426e-005	0.0018675551	
0.7149633	2.7357e-005	0.0018830707	
0.7167828	2.5809e-005	0.00190740836	
0.7182639	2.8493e-005	0.00192117679	
0.7201681	3.2416e-005	0.00193693284	
0.7224743	3.4377e-005	0.00195746472	
0.7243573	3.6648e-005	0.00197894345	
0.7262827	3.8919e-005	0.00197965891	
0.7284725	4.4597e-005	0.00198502239	
0.7303767	5.4921e-005	0.00199345323	
0.7326829	5.3269e-005	0.0019986331	
0.7357084	6.4935e-005	0.00201316983	
0.7378454	6.3799e-005	0.00203464456	
0.7400775	7.02e-005	0.00205032188	
0.7421615	7.3297e-005	0.00206589139	
0.744034	8.0007e-005	0.00209335432	
0.7466153	8.6614e-005	0.00212395747	
0.7487099	8.331e-005	0.00213581993	
0.7508468	8.6098e-005	0.00215366448	
0.7526241	8.3723e-005	0.00218624937	
0.7540839	8.4033e-005	0.00221140525	
0.7558823	8.011e-005	0.00223836727	
0.7581462	8.1659e-005	0.00229171943	
0.7603255	7.5981e-005	0.00231960641	
0.762145	7.4019e-005	0.00234459469	
0.7642291	6.8135e-005	0.00236296016	
0.7657101	6.8341e-005	0.00237279498	
0.766969	6.1425e-005	0.00235828226	
0.7680586	6.0186e-005	0.0023606152	
0.7691588	5.7089e-005	0.00237019863	
0.769984	5.4095e-005	0.00236986532	
0.7708515	5.0482e-005	0.00236843438	
0.7717612	5.0482e-005	0.00237317019	
0.7729143	4.8004e-005	0.00236660635	
0.7741097	5.203e-005	0.00236488106	
0.7751042	4.3462e-005	0.00235786515	
0.7758658	4.0778e-005	0.00234166397	
0.7765006	4.1294e-005	0.00231350452	
0.7774421	3.9745e-005	0.00208251261	
0.7787644	3.6545e-005	0.00193293545	
0.7790183	3.6235e-005	0.00191141776	
0.7791453	3.5616e-005	0.001913158	
0.779177	3.8713e-005	0.00191594301	
0.7791664	3.6029e-005	0.00191174601	
0.7791876	3.8713e-005	0.00191008263	
0.7792088	3.6442e-005	0.00191303924	
0.7792405	3.7887e-005	0.00190942801	
0.7792934	3.6132e-005	0.00188828553	
0.7793569	3.7061e-005	0.00189094379	
0.779378	3.9539e-005	0.00188843017	
0.7794203	3.8919e-005	0.00188652528	
0.779505	3.9539e-005	0.00188228344	
0.7795261	3.8713e-005	0.00188126161	
0.7795261	3.7887e-005	0.00187940663	
