MIN=0	-300	-10	0	
MAX=226,27417	300	10	5	
SCALE=100	100	5	1	
DEC=1	1	2	3	
DEF="Zeit" t / s	"Spannung" U_A1 / mV	"Spannung" U_B1 / V	"Frequenz" f / Hz	
0	-91,95	-0,14	NAN	
0,101	-91,95	-0,135	NAN	
0,2	-91,95	-0,14	NAN	
0,301	-91,8	-0,14	NAN	
0,4	-91,95	-0,14	NAN	
0,5	-91,8	-0,14	NAN	
0,6	-91,95	-0,135	NAN	
0,7	-91,8	-0,145	NAN	
0,8	-91,8	-0,135	NAN	
0,9	-91,65	-0,135	NAN	
1	-91,8	-0,14	NAN	
1,1	-91,65	-0,14	NAN	
1,2	-91,65	-0,14	NAN	
1,3	-91,8	-0,14	NAN	
1,4	-91,5	-0,145	NAN	
1,5	-91,65	-0,14	NAN	
1,6	-91,65	-0,14	NAN	
1,7	-91,5	-0,135	NAN	
1,8	-91,65	-0,14	NAN	
1,9	-91,5	-0,135	NAN	
2	-91,5	-0,135	NAN	
2,1	-91,5	-0,14	NAN	
2,2	-91,35	-0,14	NAN	
2,3	-91,5	-0,135	NAN	
2,4	-91,5	-0,14	NAN	
2,5	-91,5	-0,145	NAN	
2,6	-91,5	-0,14	NAN	
2,7	-91,35	-0,14	NAN	
2,8	-91,35	-0,145	NAN	
2,9	-91,35	-0,145	NAN	
3	-91,35	-0,135	NAN	
3,1	-91,35	-0,14	NAN	
3,2	-91,35	-0,14	NAN	
3,3	-91,35	-0,14	NAN	
3,4	-91,35	-0,14	NAN	
3,5	-91,2	-0,14	NAN	
3,6	-91,2	-0,14	NAN	
3,7	-91,35	-0,14	NAN	
3,8	-91,2	-0,14	NAN	
3,9	-91,35	-0,14	NAN	
4	-91,2	-0,135	NAN	
4,1	-91,05	-0,14	NAN	
4,2	-91,05	-0,14	NAN	
4,3	-91,2	-0,13	NAN	
4,4	-91,05	-0,14	NAN	
4,5	-91,05	-0,135	NAN	
4,6	-90,9	-0,135	NAN	
4,7	-91,05	-0,145	NAN	
4,8	-91,05	-0,135	NAN	
4,9	-91,05	-0,135	NAN	
5	-90,9	-0,14	NAN	
5,1	-90,9	-0,14	NAN	
5,2	-90,9	-0,145	NAN	
5,3	-90,9	-0,14	NAN	
5,4	-91,05	-0,145	NAN	
5,5	-90,9	-0,14	NAN	
5,6	-90,75	-0,14	NAN	
5,7	-90,9	-0,14	NAN	
5,8	-90,9	-0,14	NAN	
5,9	-90,75	-0,14	NAN	
6	-90,75	-0,135	NAN	
6,1	-90,75	-0,13	NAN	
6,2	-90,75	-0,135	NAN	
6,3	-90,75	-0,135	NAN	
6,4	-90,6	-0,135	NAN	
6,5	-90,75	-0,135	NAN	
6,6	-90,6	-0,14	NAN	
6,7	-90,6	-0,135	NAN	
6,8	-90,6	-0,13	NAN	
6,9	-90,6	-0,135	NAN	
7	-90,6	-0,13	NAN	
7,1	-90,6	-0,14	NAN	
7,2	-90,6	-0,135	NAN	
7,3	-90,6	-0,135	NAN	
7,4	-90,6	-0,135	NAN	
7,5	-90,6	-0,14	NAN	
7,6	-90,45	-0,135	NAN	
7,7	-90,45	-0,13	NAN	
7,8	-90,45	-0,135	NAN	
7,9	-90,45	-0,14	NAN	
8	-90,45	-0,14	NAN	
8,1	-90,45	-0,14	NAN	
8,2	-90,3	-0,14	NAN	
8,3	-90,45	-0,135	NAN	
8,4	-90,45	-0,135	NAN	
8,5	-90,3	-0,135	NAN	
8,6	-90,3	-0,14	NAN	
8,7	-90,3	-0,145	NAN	
8,8	-90,3	-0,145	NAN	
8,9	-90,3	-0,135	NAN	
9	-90,3	-0,14	NAN	
9,1	-90,3	-0,135	NAN	
9,2	-90,3	-0,14	NAN	
9,3	-90,3	-0,135	NAN	
9,4	-90,15	-0,14	NAN	
9,5	-90,15	-0,14	NAN	
9,6	-90,15	-0,14	NAN	
9,7	-90,15	-0,14	NAN	
9,8	-90,15	-0,14	NAN	
9,9	-90,15	-0,13	NAN	
10	-90,15	-0,13	NAN	
10,1	-90,15	-0,115	NAN	
10,2	-90,15	-0,105	NAN	
10,3	-90,15	-0,095	NAN	
10,4	-90,15	-0,085	NAN	
10,5	-90	-0,075	NAN	
10,6	-90,15	-0,075	NAN	
10,7	-90	-0,065	NAN	
10,8	-90,15	-0,055	NAN	
10,9	-90	-0,045	NAN	
11	-90	-0,04	NAN	
11,1	-90	-0,02	NAN	
11,2	-90,15	-0,015	NAN	
11,3	-90	-0,015	NAN	
11,4	-90	0,005	NAN	
11,5	-90	0	NAN	
11,6	-90,15	0,005	NAN	
11,7	-90	0,005	NAN	
11,8	-90,15	0,015	NAN	
11,9	-90,15	0,035	NAN	
12	-90	0,045	NAN	
12,1	-90	0,045	NAN	
12,2	-90	0,05	NAN	
12,3	-90	0,055	NAN	
12,4	-90	0,065	NAN	
12,5	-90	0,06	NAN	
12,6	-90	0,065	NAN	
12,7	-90	0,07	NAN	
12,8	-90,15	0,07	NAN	
12,9	-90	0,08	NAN	
13	-90	0,085	NAN	
13,1	-90	0,09	NAN	
13,2	-89,85	0,09	NAN	
13,3	-90	0,105	NAN	
13,4	-90	0,105	NAN	
13,5	-90	0,11	NAN	
13,6	-90	0,11	NAN	
13,7	-90	0,13	NAN	
13,8	-90	0,135	NAN	
13,9	-90	0,14	NAN	
14	-90	0,16	NAN	
14,1	-90	0,16	NAN	
14,2	-90	0,16	NAN	
14,3	-90	0,16	NAN	
14,4	-89,85	0,17	NAN	
14,5	-89,85	0,17	NAN	
14,6	-90	0,175	NAN	
14,7	-90,15	0,18	NAN	
14,8	-90,15	0,195	NAN	
14,9	-90,15	0,19	NAN	
15	-90,15	0,19	NAN	
15,1	-90	0,195	NAN	
15,2	-90	0,2	NAN	
15,3	-90	0,2	NAN	
15,4	-90,15	0,21	NAN	
15,5	-90,15	0,21	NAN	
15,6	-90	0,215	NAN	
15,7	-90	0,22	NAN	
15,8	-90,15	0,235	NAN	
15,9	-90	0,235	NAN	
16	-90,15	0,24	NAN	
16,1	-90	0,25	NAN	
16,2	-90,15	0,26	NAN	
16,3	-90,15	0,275	NAN	
16,4	-90,15	0,28	NAN	
16,5	-90,15	0,28	NAN	
16,6	-90,15	0,29	NAN	
16,7	-90,15	0,29	NAN	
16,8	-90,15	0,3	NAN	
16,9	-90,15	0,305	NAN	
17	-90,15	0,305	NAN	
17,1	-90,15	0,31	NAN	
17,2	-90,15	0,315	NAN	
17,3	-90,15	0,325	NAN	
17,4	-90,3	0,335	NAN	
17,5	-90,15	0,335	NAN	
17,6	-90,3	0,345	NAN	
17,7	-90,3	0,34	NAN	
17,8	-90,3	0,345	NAN	
17,9	-90,3	0,345	NAN	
18	-90,3	0,355	NAN	
18,1	-90,3	0,36	NAN	
18,2	-90,3	0,36	NAN	
18,3	-90,15	0,36	NAN	
18,4	-90,3	0,37	NAN	
18,5	-90,45	0,37	NAN	
18,6	-90,3	0,375	NAN	
18,7	-90,45	0,38	NAN	
18,8	-90,3	0,375	NAN	
18,9	-90,3	0,38	NAN	
19	-90,3	0,39	NAN	
19,1	-90,45	0,4	NAN	
19,2	-90,45	0,4	NAN	
19,3	-90,3	0,4	NAN	
19,4	-90,45	0,405	NAN	
19,5	-90,45	0,405	NAN	
19,6	-90,6	0,41	NAN	
19,7	-90,6	0,41	NAN	
19,8	-90,45	0,41	NAN	
19,9	-90,45	0,415	NAN	
20	-90,6	0,425	NAN	
20,1	-90,6	0,43	NAN	
20,2	-90,45	0,435	NAN	
20,3	-90,6	0,435	NAN	
20,4	-90,6	0,435	NAN	
20,5	-90,6	0,44	NAN	
20,6	-90,6	0,45	NAN	
20,7	-90,75	0,445	NAN	
20,8	-90,6	0,45	NAN	
20,9	-90,6	0,455	NAN	
21	-90,6	0,465	NAN	
21,1	-90,75	0,465	NAN	
21,2	-90,6	0,47	NAN	
21,3	-90,75	0,465	NAN	
21,4	-90,75	0,465	NAN	
21,5	-90,75	0,465	NAN	
21,6	-90,75	0,465	NAN	
21,7	-90,75	0,47	NAN	
21,8	-90,75	0,47	NAN	
21,9	-90,75	0,475	NAN	
22	-90,75	0,475	NAN	
22,1	-90,9	0,475	NAN	
22,2	-90,9	0,48	NAN	
22,3	-90,9	0,48	NAN	
22,4	-90,9	0,49	NAN	
22,5	-90,9	0,495	NAN	
22,6	-90,75	0,495	NAN	
22,7	-90,9	0,5	NAN	
22,8	-90,75	0,505	NAN	
22,9	-91,05	0,515	NAN	
23	-90,9	0,52	NAN	
23,1	-91,05	0,525	NAN	
23,2	-90,9	0,53	NAN	
23,3	-91,05	0,535	NAN	
23,4	-90,9	0,53	NAN	
23,5	-91,05	0,535	NAN	
23,6	-91,05	0,535	NAN	
23,7	-91,05	0,545	NAN	
23,8	-91,05	0,545	NAN	
23,9	-91,2	0,55	NAN	
24	-91,05	0,555	NAN	
24,1	-91,05	0,55	NAN	
24,2	-91,05	0,555	NAN	
24,3	-91,05	0,555	NAN	
24,4	-91,2	0,565	NAN	
24,5	-91,2	0,565	NAN	
24,6	-91,35	0,565	NAN	
24,7	-91,35	0,57	NAN	
24,8	-91,2	0,57	NAN	
24,9	-91,35	0,575	NAN	
25	-91,2	0,57	NAN	
25,1	-91,35	0,58	NAN	
25,2	-91,35	0,585	NAN	
25,3	-91,35	0,585	NAN	
25,4	-91,35	0,595	NAN	
25,5	-91,35	0,595	NAN	
25,6	-91,5	0,595	NAN	
25,7	-91,5	0,605	NAN	
25,8	-91,35	0,61	NAN	
25,9	-91,35	0,605	NAN	
26	-91,65	0,605	NAN	
26,1	-91,5	0,605	NAN	
26,2	-91,5	0,61	NAN	
26,3	-91,5	0,61	NAN	
26,4	-91,65	0,61	NAN	
26,5	-91,5	0,62	NAN	
26,6	-91,65	0,62	NAN	
26,7	-91,5	0,625	NAN	
26,8	-91,65	0,625	NAN	
26,9	-91,5	0,625	NAN	
27	-91,65	0,63	NAN	
27,1	-91,65	0,635	NAN	
27,2	-91,8	0,64	NAN	
27,3	-91,5	0,655	NAN	
27,4	-91,8	0,665	NAN	
27,5	-91,8	0,665	NAN	
27,6	-91,8	0,665	NAN	
27,7	-91,65	0,665	NAN	
27,8	-91,95	0,66	NAN	
27,9	-91,8	0,665	NAN	
28	-91,8	0,67	NAN	
28,1	-91,8	0,67	NAN	
28,2	-91,95	0,68	NAN	
28,3	-91,95	0,68	NAN	
28,4	-91,95	0,68	NAN	
28,5	-91,95	0,68	NAN	
28,6	-91,95	0,69	NAN	
28,7	-91,95	0,695	NAN	
28,8	-91,95	0,7	NAN	
28,9	-91,95	0,7	NAN	
29	-91,95	0,705	NAN	
29,1	-92,1	0,71	NAN	
29,2	-92,1	0,72	NAN	
29,3	-92,1	0,72	NAN	
29,4	-92,25	0,725	NAN	
29,5	-92,1	0,73	NAN	
29,6	-92,1	0,735	NAN	
29,7	-92,25	0,74	NAN	
29,8	-92,25	0,75	NAN	
29,9	-92,25	0,755	NAN	
30	-92,1	0,76	NAN	
30,1	-92,4	0,765	NAN	
30,2	-92,4	0,77	NAN	
30,3	-92,4	0,765	NAN	
30,4	-92,4	0,775	NAN	
30,5	-92,4	0,775	NAN	
30,6	-92,55	0,78	NAN	
30,7	-92,55	0,785	NAN	
30,8	-92,55	0,79	NAN	
30,9	-92,55	0,795	NAN	
31	-92,55	0,8	NAN	
31,1	-92,55	0,805	NAN	
31,2	-92,55	0,805	NAN	
31,3	-92,55	0,805	NAN	
31,4	-92,55	0,81	NAN	
31,5	-92,7	0,815	NAN	
31,6	-92,55	0,81	NAN	
31,7	-92,7	0,815	NAN	
31,8	-92,7	0,815	NAN	
31,9	-92,7	0,825	NAN	
32	-92,7	0,835	NAN	
32,1	-92,7	0,84	NAN	
32,2	-92,85	0,84	NAN	
32,3	-92,85	0,835	NAN	
32,4	-92,85	0,835	NAN	
32,5	-92,85	0,84	NAN	
32,6	-92,85	0,84	NAN	
32,7	-92,85	0,85	NAN	
32,8	-93	0,86	NAN	
32,9	-93	0,865	NAN	
33	-93	0,88	NAN	
33,1	-93,15	0,895	NAN	
33,2	-93	0,9	NAN	
33,3	-93,15	0,915	NAN	
33,4	-93,15	0,925	NAN	
33,5	-93,15	0,93	NAN	
33,6	-93,15	0,945	NAN	
33,7	-93,15	0,96	NAN	
33,8	-93,15	0,975	NAN	
33,9	-93,3	0,98	NAN	
34	-93,3	0,985	NAN	
34,1	-93,3	1	NAN	
34,2	-93,3	0,995	NAN	
34,3	-93,3	1,015	NAN	
34,4	-93,45	1,025	NAN	
34,5	-93,45	1,035	NAN	
34,6	-93,45	1,05	NAN	
34,7	-93,6	1,06	NAN	
34,8	-93,6	1,075	NAN	
34,9	-93,45	1,085	NAN	
35	-93,75	1,105	NAN	
35,1	-93,75	1,12	NAN	
35,2	-93,75	1,12	NAN	
35,3	-93,9	1,13	NAN	
35,4	-93,9	1,14	NAN	
35,5	-93,9	1,155	NAN	
35,6	-93,9	1,165	NAN	
35,7	-93,9	1,18	NAN	
35,8	-94,05	1,19	NAN	
35,9	-94,05	1,2	NAN	
36	-94,05	1,205	NAN	
36,1	-94,2	1,21	NAN	
36,2	-94,2	1,215	NAN	
36,3	-94,2	1,225	NAN	
36,4	-94,2	1,225	NAN	
36,5	-94,35	1,235	NAN	
36,6	-94,35	1,23	NAN	
36,7	-94,35	1,24	NAN	
36,8	-94,5	1,24	NAN	
36,9	-94,35	1,25	NAN	
37	-94,5	1,255	NAN	
37,1	-94,65	1,255	NAN	
37,2	-94,65	1,26	NAN	
37,3	-94,5	1,255	NAN	
37,4	-94,65	1,27	NAN	
37,5	-94,65	1,27	NAN	
37,6	-94,8	1,27	NAN	
37,7	-94,8	1,275	NAN	
37,8	-94,95	1,285	NAN	
37,9	-94,8	1,285	NAN	
38	-94,95	1,295	NAN	
38,1	-94,95	1,295	NAN	
38,2	-94,95	1,295	NAN	
38,3	-95,1	1,325	NAN	
38,4	-95,1	1,32	NAN	
38,5	-95,1	1,325	NAN	
38,6	-95,25	1,34	NAN	
38,7	-95,25	1,345	NAN	
38,8	-95,25	1,36	NAN	
38,9	-95,4	1,39	NAN	
39	-95,4	1,4	NAN	
39,1	-95,4	1,415	NAN	
39,2	-95,55	1,42	NAN	
39,3	-95,55	1,42	NAN	
39,4	-95,55	1,43	NAN	
39,5	-95,7	1,445	NAN	
39,6	-95,7	1,45	NAN	
39,7	-95,7	1,445	NAN	
39,8	-95,7	1,45	NAN	
39,9	-95,85	1,455	NAN	
40	-95,85	1,46	NAN	
40,1	-95,85	1,475	NAN	
40,2	-96	1,475	NAN	
40,3	-96	1,475	NAN	
40,4	-96	1,49	NAN	
40,5	-96	1,495	NAN	
40,6	-96	1,505	NAN	
40,7	-96,15	1,52	NAN	
40,8	-96,15	1,525	NAN	
40,9	-96,3	1,535	NAN	
41	-96,3	1,535	NAN	
41,1	-96,45	1,54	NAN	
41,2	-96,45	1,55	NAN	
41,3	-96,3	1,555	NAN	
41,4	-96,6	1,555	NAN	
41,5	-96,6	1,565	NAN	
41,6	-96,6	1,57	NAN	
41,7	-96,6	1,58	NAN	
41,8	-96,6	1,59	NAN	
41,9	-96,75	1,59	NAN	
42	-96,75	1,6	NAN	
42,1	-96,9	1,605	NAN	
42,2	-96,9	1,61	NAN	
42,3	-96,9	1,615	NAN	
42,4	-97,05	1,61	NAN	
42,5	-97,05	1,62	NAN	
42,6	-97,2	1,63	NAN	
42,7	-97,2	1,645	NAN	
42,8	-97,2	1,655	NAN	
42,9	-97,2	1,66	NAN	
43	-97,35	1,665	NAN	
43,1	-97,35	1,67	NAN	
43,2	-97,5	1,68	NAN	
43,3	-97,5	1,69	NAN	
43,4	-97,5	1,695	NAN	
43,5	-97,5	1,695	NAN	
43,6	-97,65	1,7	NAN	
43,7	-97,65	1,71	NAN	
43,8	-97,8	1,72	NAN	
43,9	-97,8	1,725	NAN	
44	-97,95	1,735	NAN	
44,1	-97,95	1,745	NAN	
44,2	-97,95	1,765	NAN	
44,3	-97,95	1,775	NAN	
44,4	-98,1	1,79	NAN	
44,5	-98,1	1,8	NAN	
44,6	-98,25	1,8	NAN	
44,7	-98,25	1,81	NAN	
44,8	-98,4	1,815	NAN	
44,9	-98,4	1,845	NAN	
45	-98,4	1,835	NAN	
45,1	-98,55	1,845	NAN	
45,2	-98,55	1,85	NAN	
45,3	-98,7	1,865	NAN	
45,4	-98,7	1,88	NAN	
45,5	-98,7	1,875	NAN	
45,6	-98,85	1,88	NAN	
45,7	-98,85	1,88	NAN	
45,8	-98,85	1,88	NAN	
45,9	-99	1,885	NAN	
46	-99,15	1,885	NAN	
46,1	-99,15	1,895	NAN	
46,2	-99,15	1,895	NAN	
46,3	-99,15	1,915	NAN	
46,4	-99,3	1,935	NAN	
46,5	-99,3	1,955	NAN	
46,6	-99,45	1,975	NAN	
46,7	-99,45	2	NAN	
46,8	-99,45	2,01	NAN	
46,9	-99,6	2,02	NAN	
47	-99,75	2,03	NAN	
47,1	-99,75	2,035	NAN	
47,2	-99,75	2,055	NAN	
47,3	-99,9	2,065	NAN	
47,4	-99,9	2,08	NAN	
47,5	-100,05	2,085	NAN	
47,6	-100,05	2,11	NAN	
47,7	-100,05	2,11	NAN	
47,8	-100,35	2,12	NAN	
47,9	-100,35	2,125	NAN	
48	-100,2	2,12	NAN	
48,1	-100,5	2,125	NAN	
48,2	-100,5	2,145	NAN	
48,3	-100,65	2,17	NAN	
48,4	-100,65	2,185	NAN	
48,5	-100,65	2,2	NAN	
48,6	-100,8	2,22	NAN	
48,7	-100,95	2,235	NAN	
48,8	-100,95	2,25	NAN	
48,9	-101,1	2,265	NAN	
49	-101,1	2,265	NAN	
49,1	-101,25	2,275	NAN	
49,2	-101,25	2,29	NAN	
49,3	-101,25	2,285	NAN	
49,4	-101,4	2,305	NAN	
49,5	-101,55	2,305	NAN	
49,6	-101,4	2,305	NAN	
49,7	-101,55	2,305	NAN	
49,8	-101,7	2,3	NAN	
49,9	-101,7	2,3	NAN	
50	-101,85	2,305	NAN	
50,1	-101,85	2,3	NAN	
50,2	-102	2,3	NAN	
50,3	-102,15	2,305	NAN	
50,4	-102	2,305	NAN	
50,5	-102,15	2,3	NAN	
50,6	-102,3	2,305	NAN	
50,7	-102,3	2,305	NAN	
50,8	-102,3	2,305	NAN	
50,9	-102,45	2,305	NAN	
51	-102,45	2,3	NAN	
51,1	-102,6	2,3	NAN	
51,2	-102,75	2,305	NAN	
51,3	-102,75	2,305	NAN	
51,4	-102,75	2,3	NAN	
51,5	-102,75	2,305	NAN	
51,6	-102,9	2,3	NAN	
51,7	-102,9	2,305	NAN	
51,8	-103,05	2,31	NAN	
51,9	-103,05	2,3	NAN	
52	-103,2	2,305	NAN	
52,1	-103,2	2,3	NAN	
52,2	-103,35	2,3	NAN	
52,3	-103,35	2,3	NAN	
52,4	-103,35	2,295	NAN	
52,5	-103,5	2,305	NAN	
52,6	-103,5	2,3	NAN	
52,7	-103,5	2,3	NAN	
52,8	-103,65	2,3	NAN	
52,9	-103,65	2,305	NAN	
53	-103,8	2,3	NAN	
53,1	-103,95	2,3	NAN	
53,2	-103,95	2,3	NAN	
53,3	-103,95	2,295	NAN	
53,4	-104,1	2,3	NAN	
53,5	-103,95	2,3	NAN	
53,6	-104,1	2,3	NAN	
53,7	-104,25	2,3	NAN	
53,8	-104,25	2,295	NAN	
53,9	-104,25	2,295	NAN	
54	-104,25	2,3	NAN	
54,1	-104,4	2,295	NAN	
54,2	-104,55	2,295	NAN	
54,3	-104,55	2,3	NAN	
54,4	-104,55	2,295	NAN	
54,5	-104,7	2,3	NAN	
54,6	-104,7	2,295	NAN	
54,7	-104,85	2,3	NAN	
54,8	-104,7	2,295	NAN	
54,9	-104,85	2,295	NAN	
55	-104,85	2,305	NAN	
55,1	-105	2,3	NAN	
55,2	-105,15	2,3	NAN	
55,3	-104,85	2,295	NAN	
55,4	-105,15	2,3	NAN	
55,5	-105,15	2,295	NAN	
55,6	-105,3	2,3	NAN	
55,7	-105,3	2,3	NAN	
55,8	-105,45	2,295	NAN	
55,9	-105,3	2,3	NAN	
56	-105,45	2,295	NAN	
56,1	-105,45	2,295	NAN	
56,2	-105,6	2,3	NAN	
56,3	-105,6	2,295	NAN	
56,4	-105,6	2,295	NAN	
56,5	-105,6	2,3	NAN	
56,6	-105,75	2,295	NAN	
56,7	-105,75	2,3	NAN	
56,8	-105,9	2,3	NAN	
56,9	-105,75	2,3	NAN	
57	-105,9	2,295	NAN	
57,1	-106,05	2,3	NAN	
57,2	-106,05	2,3	NAN	
57,3	-106,05	2,3	NAN	
57,4	-106,2	2,3	NAN	
57,5	-106,2	2,295	NAN	
57,6	-106,05	2,295	NAN	
57,7	-106,35	2,3	NAN	
57,8	-106,5	2,295	NAN	
57,9	-106,35	2,295	NAN	
58	-106,5	2,295	NAN	
58,1	-106,35	2,295	NAN	
58,2	-106,5	2,295	NAN	
58,3	-106,65	2,295	NAN	
58,4	-106,65	2,295	NAN	
58,5	-106,8	2,295	NAN	
58,6	-106,8	2,305	NAN	
58,7	-106,8	2,295	NAN	
58,8	-106,95	2,295	NAN	
58,9	-106,95	2,295	NAN	
59	-106,95	2,295	NAN	
59,1	-107,1	2,3	NAN	
59,2	-107,1	2,295	NAN	
59,3	-107,1	2,295	NAN	
59,4	-107,25	2,295	NAN	
59,5	-107,25	2,305	NAN	
59,6	-107,25	2,3	NAN	
59,7	-107,25	2,295	NAN	
59,8	-107,25	2,295	NAN	
59,9	-107,25	2,295	NAN	
60	-107,4	2,3	NAN	
60,1	-107,4	2,295	NAN	
60,2	-107,4	2,295	NAN	
60,3	-107,55	2,3	NAN	
60,4	-107,55	2,295	NAN	
60,5	-107,7	2,295	NAN	
60,6	-107,7	2,295	NAN	
60,7	-107,55	2,295	NAN	
60,8	-107,7	2,295	NAN	
60,9	-107,7	2,295	NAN	
61	-108	2,29	NAN	
61,1	-107,85	2,3	NAN	
61,2	-108,15	2,295	NAN	
61,3	-108	2,295	NAN	
61,4	-108	2,295	NAN	
61,5	-108,15	2,295	NAN	
61,6	-108,15	2,295	NAN	
61,7	-108,15	2,295	NAN	
61,8	-108,15	2,295	NAN	
61,9	-108,3	2,295	NAN	
62	-108,45	2,295	NAN	
62,1	-108,3	2,3	NAN	
62,2	-108,3	2,295	NAN	
62,3	-108,3	2,295	NAN	
62,4	-108,6	2,295	NAN	
62,5	-108,6	2,3	NAN	
62,6	-108,45	2,295	NAN	
62,7	-108,75	2,295	NAN	
62,8	-108,6	2,295	NAN	
62,9	-108,6	2,295	NAN	
63	-108,6	2,295	NAN	
63,1	-108,75	2,295	NAN	
63,2	-108,75	2,295	NAN	
63,3	-108,75	2,295	NAN	
63,4	-108,9	2,3	NAN	
63,5	-108,9	2,295	NAN	
63,6	-108,9	2,295	NAN	
63,7	-109,05	2,295	NAN	
63,8	-108,9	2,295	NAN	
63,9	-109,05	2,295	NAN	
64	-109,2	2,295	NAN	
64,1	-109,2	2,295	NAN	
64,2	-109,2	2,295	NAN	
64,3	-109,2	2,295	NAN	
64,4	-109,2	2,295	NAN	
64,5	-109,35	2,295	NAN	
64,6	-109,35	2,3	NAN	
64,7	-109,35	2,295	NAN	
64,8	-109,5	2,295	NAN	
64,9	-109,5	2,295	NAN	
65	-109,5	2,295	NAN	
65,1	-109,65	2,29	NAN	
65,2	-109,65	2,3	NAN	
65,3	-109,65	2,3	NAN	
65,4	-109,8	2,295	NAN	
65,5	-109,65	2,295	NAN	
65,6	-109,8	2,29	NAN	
65,7	-109,8	2,295	NAN	
65,8	-109,8	2,29	NAN	
65,9	-109,95	2,295	NAN	
66	-109,8	2,295	NAN	
66,1	-109,95	2,295	NAN	
66,2	-109,95	2,295	NAN	
66,3	-109,95	2,295	NAN	
66,4	-110,1	2,295	NAN	
66,5	-109,95	2,295	NAN	
66,6	-110,25	2,295	NAN	
66,7	-110,1	2,295	NAN	
66,8	-110,25	2,295	NAN	
66,9	-110,1	2,295	NAN	
67	-110,25	2,29	NAN	
67,1	-110,25	2,295	NAN	
67,2	-110,25	2,295	NAN	
67,3	-110,4	2,295	NAN	
67,4	-110,4	2,295	NAN	
67,5	-110,4	2,29	NAN	
67,6	-110,4	2,3	NAN	
67,7	-110,55	2,295	NAN	
67,8	-110,55	2,295	NAN	
67,9	-110,55	2,295	NAN	
68	-110,55	2,29	NAN	
68,1	-110,7	2,29	NAN	
68,2	-110,7	2,29	NAN	
68,3	-110,85	2,295	NAN	
68,4	-110,7	2,29	NAN	
68,5	-110,85	2,295	NAN	
68,6	-110,85	2,295	NAN	
68,7	-110,7	2,29	NAN	
68,8	-110,85	2,295	NAN	
68,9	-110,85	2,29	NAN	
69	-111	2,29	NAN	
69,1	-111	2,29	NAN	
69,2	-111,15	2,295	NAN	
69,3	-111	2,29	NAN	
69,4	-111	2,29	NAN	
69,5	-111,15	2,29	NAN	
69,6	-111,15	2,29	NAN	
69,7	-111,15	2,29	NAN	
69,8	-111,15	2,295	NAN	
69,9	-111,3	2,295	NAN	
70	-111,3	2,29	NAN	
70,1	-111,3	2,29	NAN	
70,2	-111,3	2,295	NAN	
70,3	-111,3	2,29	NAN	
70,4	-111,45	2,295	NAN	
70,5	-111,45	2,29	NAN	
70,6	-111,6	2,295	NAN	
70,7	-111,6	2,295	NAN	
70,8	-111,6	2,29	NAN	
70,9	-111,6	2,295	NAN	
71	-111,75	2,295	NAN	
71,1	-111,75	2,3	NAN	
71,2	-111,75	2,29	NAN	
71,3	-111,75	2,295	NAN	
71,4	-111,75	2,295	NAN	
71,5	-111,9	2,295	NAN	
71,6	-111,9	2,295	NAN	
71,7	-111,9	2,295	NAN	
71,8	-111,9	2,295	NAN	
71,9	-111,9	2,29	NAN	
72	-112,05	2,29	NAN	
72,1	-112,05	2,295	NAN	
72,2	-112,05	2,29	NAN	
72,3	-112,05	2,29	NAN	
72,4	-112,05	2,295	NAN	
72,5	-112,2	2,295	NAN	
72,6	-112,2	2,29	NAN	
72,7	-112,2	2,295	NAN	
72,8	-112,2	2,295	NAN	
72,9	-112,2	2,29	NAN	
73	-112,2	2,29	NAN	
73,1	-112,2	2,29	NAN	
73,2	-112,35	2,295	NAN	
73,3	-112,35	2,29	NAN	
73,4	-112,5	2,29	NAN	
73,5	-112,35	2,295	NAN	
73,6	-112,5	2,29	NAN	
73,7	-112,5	2,295	NAN	
73,8	-112,5	2,29	NAN	
73,9	-112,65	2,29	NAN	
74	-112,65	2,29	NAN	
74,1	-112,65	2,29	NAN	
74,2	-112,65	2,29	NAN	
74,3	-112,65	2,29	NAN	
74,4	-112,8	2,295	NAN	
74,5	-112,8	2,295	NAN	
74,6	-112,8	2,29	NAN	
74,7	-112,95	2,295	NAN	
74,8	-112,8	2,295	NAN	
74,9	-112,95	2,285	NAN	
75	-112,95	2,29	NAN	
75,1	-112,95	2,29	NAN	
75,2	-112,95	2,29	NAN	
75,3	-112,95	2,295	NAN	
75,4	-113,1	2,29	NAN	
75,5	-113,1	2,29	NAN	
75,6	-113,1	2,295	NAN	
75,7	-113,1	2,29	NAN	
75,8	-113,1	2,29	NAN	
75,9	-113,1	2,29	NAN	
76	-113,1	2,29	NAN	
76,1	-113,25	2,29	NAN	
76,2	-113,25	2,295	NAN	
76,3	-113,25	2,295	NAN	
76,4	-113,25	2,3	NAN	
76,5	-113,4	2,29	NAN	
76,6	-113,4	2,295	NAN	
76,7	-113,55	2,29	NAN	
76,8	-113,55	2,29	NAN	
76,9	-113,55	2,29	NAN	
77	-113,55	2,29	NAN	
77,1	-113,55	2,29	NAN	
77,2	-113,55	2,285	NAN	
77,3	-113,55	2,295	NAN	
77,4	-113,55	2,29	NAN	
77,5	-113,7	2,29	NAN	
77,6	-113,55	2,29	NAN	
77,7	-113,7	2,29	NAN	
77,8	-113,7	2,295	NAN	
77,9	-113,7	2,295	NAN	
78	-113,85	2,29	NAN	
78,1	-113,85	2,29	NAN	
78,2	-113,85	2,295	NAN	
78,3	-113,7	2,295	NAN	
78,4	-113,85	2,29	NAN	
78,5	-113,85	2,29	NAN	
78,6	-113,85	2,29	NAN	
78,7	-114	2,29	NAN	
78,8	-114	2,285	NAN	
78,9	-114	2,29	NAN	
79	-114,15	2,285	NAN	
79,1	-114,15	2,29	NAN	
79,2	-114,15	2,285	NAN	
79,3	-114,15	2,285	NAN	
79,4	-114,15	2,29	NAN	
79,5	-114	2,295	NAN	
79,6	-114,15	2,285	NAN	
79,7	-114,3	2,285	NAN	
79,8	-114,3	2,295	NAN	
79,9	-114,3	2,29	NAN	
80	-114,3	2,29	NAN	
80,1	-114,3	2,29	NAN	
80,2	-114,45	2,295	NAN	
80,3	-114,45	2,29	NAN	
80,4	-114,45	2,29	NAN	
80,5	-114,45	2,29	NAN	
80,6	-114,45	2,295	NAN	
80,7	-114,45	2,285	NAN	
80,8	-114,6	2,29	NAN	
80,9	-114,75	2,29	NAN	
81	-114,6	2,29	NAN	
81,1	-114,6	2,29	NAN	
81,2	-114,6	2,285	NAN	
81,3	-114,6	2,285	NAN	
81,4	-114,6	2,295	NAN	
81,5	-114,75	2,29	NAN	
81,6	-114,75	2,295	NAN	
81,7	-114,75	2,295	NAN	
81,8	-114,75	2,29	NAN	
81,9	-114,75	2,29	NAN	
82	-114,75	2,285	NAN	
82,1	-114,75	2,29	NAN	
82,2	-114,9	2,29	NAN	
82,3	-114,9	2,29	NAN	
82,4	-114,9	2,285	NAN	
82,5	-115,05	2,295	NAN	
82,6	-115,05	2,29	NAN	
82,7	-115,05	2,29	NAN	
82,8	-114,9	2,29	NAN	
82,9	-115,05	2,29	NAN	
83	-115,05	2,29	NAN	
83,1	-115,05	2,29	NAN	
83,2	-115,05	2,29	NAN	
83,3	-115,05	2,285	NAN	
83,4	-115,05	2,29	NAN	
83,5	-115,05	2,29	NAN	
83,6	-115,2	2,285	NAN	
83,7	-115,05	2,29	NAN	
83,8	-115,05	2,29	NAN	
83,9	-115,2	2,29	NAN	
84	-115,2	2,295	NAN	
84,1	-115,35	2,29	NAN	
84,2	-115,2	2,29	NAN	
84,3	-115,2	2,29	NAN	
84,4	-115,35	2,29	NAN	
84,5	-115,35	2,285	NAN	
84,6	-115,35	2,285	NAN	
84,7	-115,35	2,285	NAN	
84,8	-115,35	2,285	NAN	
84,9	-115,35	2,285	NAN	
85	-115,35	2,29	NAN	
85,1	-115,5	2,285	NAN	
85,2	-115,35	2,285	NAN	
85,3	-115,5	2,28	NAN	
85,4	-115,5	2,29	NAN	
85,5	-115,5	2,285	NAN	
85,6	-115,5	2,29	NAN	
85,7	-115,65	2,29	NAN	
85,8	-115,65	2,29	NAN	
85,9	-115,65	2,29	NAN	
86	-115,5	2,285	NAN	
86,1	-115,8	2,285	NAN	
86,2	-115,5	2,285	NAN	
86,3	-115,8	2,285	NAN	
86,4	-115,8	2,285	NAN	
86,5	-115,8	2,29	NAN	
86,6	-115,8	2,295	NAN	
86,7	-115,95	2,29	NAN	
86,8	-115,95	2,29	NAN	
86,9	-115,95	2,29	NAN	
87	-115,8	2,285	NAN	
87,1	-116,1	2,285	NAN	
87,2	-115,95	2,29	NAN	
87,3	-115,95	2,285	NAN	
87,4	-115,95	2,29	NAN	
87,5	-115,95	2,285	NAN	
87,6	-115,95	2,29	NAN	
87,7	-115,95	2,29	NAN	
87,8	-116,1	2,285	NAN	
87,9	-116,1	2,29	NAN	
88	-116,1	2,29	NAN	
88,1	-116,25	2,29	NAN	
88,2	-116,1	2,285	NAN	
88,3	-116,1	2,29	NAN	
88,4	-116,1	2,29	NAN	
88,5	-116,25	2,285	NAN	
88,6	-116,1	2,285	NAN	
88,7	-116,25	2,29	NAN	
88,8	-116,25	2,29	NAN	
88,9	-116,25	2,285	NAN	
89	-116,4	2,29	NAN	
89,1	-116,4	2,29	NAN	
89,2	-116,4	2,29	NAN	
89,3	-116,4	2,285	NAN	
89,4	-116,55	2,29	NAN	
89,5	-116,4	2,285	NAN	
89,6	-116,55	2,28	NAN	
89,7	-116,4	2,28	NAN	
89,8	-116,55	2,27	NAN	
89,9	-116,55	2,265	NAN	
90	-116,55	2,265	NAN	
90,1	-116,55	2,26	NAN	
90,2	-116,55	2,255	NAN	
90,3	-116,7	2,25	NAN	
90,4	-116,55	2,25	NAN	
90,5	-116,7	2,245	NAN	
90,6	-116,7	2,245	NAN	
90,7	-116,7	2,24	NAN	
90,8	-116,7	2,235	NAN	
90,9	-116,7	2,23	NAN	
91	-116,85	2,225	NAN	
91,1	-116,85	2,225	NAN	
91,2	-116,85	2,225	NAN	
91,3	-116,85	2,205	NAN	
91,4	-116,85	2,2	NAN	
91,5	-116,7	2,2	NAN	
91,6	-116,85	2,195	NAN	
91,7	-116,85	2,19	NAN	
91,8	-116,7	2,19	NAN	
91,9	-116,85	2,19	NAN	
92	-116,85	2,185	NAN	
92,1	-116,85	2,18	NAN	
92,2	-116,85	2,175	NAN	
92,3	-116,85	2,17	NAN	
92,4	-116,85	2,16	NAN	
92,5	-116,85	2,145	NAN	
92,6	-117	2,15	NAN	
92,7	-117	2,14	NAN	
92,8	-117	2,13	NAN	
92,9	-117	2,125	NAN	
93	-117	2,115	NAN	
93,1	-117	2,11	NAN	
93,2	-117	2,105	NAN	
93,3	-117	2,095	NAN	
93,4	-117,15	2,1	NAN	
93,5	-117	2,095	NAN	
93,6	-117	2,085	NAN	
93,7	-117,15	2,075	NAN	
93,8	-117,15	2,07	NAN	
93,9	-117,15	2,065	NAN	
94	-117	2,055	NAN	
94,1	-117	2,045	NAN	
94,2	-117,15	2,045	NAN	
94,3	-117	2,035	NAN	
94,4	-117,15	2,03	NAN	
94,5	-117	2,025	NAN	
94,6	-117,15	2,02	NAN	
94,7	-117,15	2,015	NAN	
94,8	-117,15	2,01	NAN	
94,9	-117	2,005	NAN	
95	-117,15	2	NAN	
95,1	-117	1,99	NAN	
95,2	-117	1,985	NAN	
95,3	-117,15	1,975	NAN	
95,4	-117,15	1,975	NAN	
95,5	-117,15	1,975	NAN	
95,6	-117,15	1,96	NAN	
95,7	-117	1,96	NAN	
95,8	-117,15	1,955	NAN	
95,9	-117,15	1,95	NAN	
96	-117,15	1,945	NAN	
96,1	-117,15	1,95	NAN	
96,2	-117	1,94	NAN	
96,3	-117,15	1,935	NAN	
96,4	-117	1,935	NAN	
96,5	-117	1,935	NAN	
96,6	-117	1,925	NAN	
96,7	-117	1,915	NAN	
96,8	-117,15	1,91	NAN	
96,9	-117,15	1,91	NAN	
97	-117	1,905	NAN	
97,1	-117,15	1,91	NAN	
97,2	-117,15	1,9	NAN	
97,3	-117,15	1,895	NAN	
97,4	-117	1,89	NAN	
97,5	-117	1,88	NAN	
97,6	-117	1,87	NAN	
97,7	-117	1,86	NAN	
97,8	-117,15	1,855	NAN	
97,9	-117	1,84	NAN	
98	-117,15	1,835	NAN	
98,1	-117,15	1,825	NAN	
98,2	-117	1,82	NAN	
98,3	-117	1,82	NAN	
98,4	-117	1,81	NAN	
98,5	-116,85	1,795	NAN	
98,6	-117	1,795	NAN	
98,7	-116,85	1,79	NAN	
98,8	-116,85	1,78	NAN	
98,9	-116,85	1,78	NAN	
99	-116,85	1,775	NAN	
99,1	-117	1,765	NAN	
99,2	-116,85	1,75	NAN	
99,3	-116,85	1,745	NAN	
99,4	-116,85	1,735	NAN	
99,5	-116,85	1,72	NAN	
99,6	-117	1,71	NAN	
99,7	-116,7	1,705	NAN	
99,8	-116,85	1,695	NAN	
99,9	-116,7	1,685	NAN	
100	-116,85	1,675	NAN	
100,1	-116,7	1,67	NAN	
100,2	-116,7	1,655	NAN	
100,3	-116,85	1,65	NAN	
100,4	-116,85	1,65	NAN	
100,5	-116,7	1,65	NAN	
100,6	-116,7	1,65	NAN	
100,7	-116,7	1,65	NAN	
100,8	-116,85	1,65	NAN	
100,9	-116,7	1,655	NAN	
101	-116,7	1,645	NAN	
101,1	-116,7	1,64	NAN	
101,2	-116,55	1,63	NAN	
101,3	-116,55	1,615	NAN	
101,4	-116,55	1,615	NAN	
101,5	-116,55	1,605	NAN	
101,6	-116,55	1,595	NAN	
101,7	-116,55	1,59	NAN	
101,8	-116,55	1,595	NAN	
101,9	-116,4	1,585	NAN	
102	-116,55	1,575	NAN	
102,1	-116,4	1,575	NAN	
102,2	-116,4	1,57	NAN	
102,3	-116,4	1,56	NAN	
102,4	-116,4	1,555	NAN	
102,5	-116,4	1,54	NAN	
102,6	-116,4	1,54	NAN	
102,7	-116,55	1,53	NAN	
102,8	-116,4	1,525	NAN	
102,9	-116,4	1,515	NAN	
103	-116,25	1,505	NAN	
103,1	-116,25	1,505	NAN	
103,2	-116,25	1,5	NAN	
103,3	-116,25	1,485	NAN	
103,4	-116,1	1,485	NAN	
103,5	-116,25	1,475	NAN	
103,6	-116,25	1,465	NAN	
103,7	-116,25	1,455	NAN	
103,8	-116,25	1,455	NAN	
103,9	-116,1	1,45	NAN	
104	-115,95	1,445	NAN	
104,1	-116,1	1,43	NAN	
104,2	-115,95	1,43	NAN	
104,3	-116,1	1,43	NAN	
104,4	-115,95	1,425	NAN	
104,5	-115,95	1,425	NAN	
104,6	-115,95	1,425	NAN	
104,7	-115,95	1,42	NAN	
104,8	-115,95	1,415	NAN	
104,9	-115,95	1,41	NAN	
105	-115,8	1,4	NAN	
105,1	-115,95	1,395	NAN	
105,2	-115,8	1,39	NAN	
105,3	-115,8	1,38	NAN	
105,4	-115,8	1,38	NAN	
105,5	-115,8	1,38	NAN	
105,6	-115,65	1,365	NAN	
105,7	-115,65	1,345	NAN	
105,8	-115,65	1,345	NAN	
105,9	-115,65	1,335	NAN	
106	-115,65	1,33	NAN	
106,1	-115,5	1,33	NAN	
106,2	-115,65	1,325	NAN	
106,3	-115,5	1,315	NAN	
106,4	-115,5	1,3	NAN	
106,5	-115,5	1,305	NAN	
106,6	-115,5	1,29	NAN	
106,7	-115,5	1,285	NAN	
106,8	-115,35	1,275	NAN	
106,9	-115,35	1,27	NAN	
107	-115,35	1,27	NAN	
107,1	-115,35	1,26	NAN	
107,2	-115,35	1,245	NAN	
107,3	-115,2	1,235	NAN	
107,4	-115,2	1,24	NAN	
107,5	-115,05	1,22	NAN	
107,6	-115,35	1,21	NAN	
107,7	-115,2	1,205	NAN	
107,8	-115,05	1,195	NAN	
107,9	-115,2	1,185	NAN	
108	-115,05	1,185	NAN	
108,1	-115,05	1,18	NAN	
108,2	-115,05	1,17	NAN	
108,3	-115,05	1,15	NAN	
108,4	-115,05	1,14	NAN	
108,5	-115,05	1,13	NAN	
108,6	-115,05	1,12	NAN	
108,7	-114,9	1,11	NAN	
108,8	-114,9	1,105	NAN	
108,9	-114,9	1,1	NAN	
109	-114,9	1,09	NAN	
109,1	-114,75	1,085	NAN	
109,2	-114,75	1,065	NAN	
109,3	-114,6	1,05	NAN	
109,4	-114,75	1,045	NAN	
109,5	-114,6	1,035	NAN	
109,6	-114,6	1,03	NAN	
109,7	-114,6	1,025	NAN	
109,8	-114,45	1,02	NAN	
109,9	-114,6	1,015	NAN	
110	-114,45	1	NAN	
110,1	-114,45	0,995	NAN	
110,2	-114,3	0,99	NAN	
110,3	-114,3	0,99	NAN	
110,4	-114,3	0,975	NAN	
110,5	-114,15	0,97	NAN	
110,6	-114,3	0,965	NAN	
110,7	-114,15	0,955	NAN	
110,8	-114,15	0,955	NAN	
110,9	-114,15	0,945	NAN	
111	-114,15	0,94	NAN	
111,1	-114	0,935	NAN	
111,2	-114,15	0,94	NAN	
111,3	-113,85	0,945	NAN	
111,4	-113,85	0,94	NAN	
111,5	-113,85	0,94	NAN	
111,6	-113,7	0,93	NAN	
111,7	-113,85	0,935	NAN	
111,8	-113,7	0,925	NAN	
111,9	-113,7	0,915	NAN	
112	-113,7	0,91	NAN	
112,1	-113,55	0,9	NAN	
112,2	-113,55	0,895	NAN	
112,3	-113,55	0,875	NAN	
112,4	-113,55	0,87	NAN	
112,5	-113,4	0,86	NAN	
112,6	-113,4	0,845	NAN	
112,7	-113,55	0,845	NAN	
112,8	-113,25	0,835	NAN	
112,9	-113,25	0,835	NAN	
113	-113,25	0,82	NAN	
113,1	-113,1	0,815	NAN	
113,2	-113,1	0,8	NAN	
113,3	-113,1	0,795	NAN	
113,4	-113,1	0,785	NAN	
113,5	-112,95	0,785	NAN	
113,6	-113,1	0,775	NAN	
113,7	-112,95	0,765	NAN	
113,8	-112,8	0,76	NAN	
113,9	-112,8	0,75	NAN	
114	-112,8	0,745	NAN	
114,1	-112,65	0,735	NAN	
114,2	-112,65	0,73	NAN	
114,3	-112,65	0,71	NAN	
114,4	-112,65	0,705	NAN	
114,5	-112,65	0,705	NAN	
114,6	-112,5	0,68	NAN	
114,7	-112,5	0,68	NAN	
114,8	-112,5	0,665	NAN	
114,9	-112,5	0,66	NAN	
115	-112,35	0,65	NAN	
115,1	-112,35	0,645	NAN	
115,2	-112,2	0,64	NAN	
115,3	-112,2	0,63	NAN	
115,4	-112,2	0,63	NAN	
115,5	-112,05	0,615	NAN	
115,6	-112,05	0,615	NAN	
115,7	-112,05	0,61	NAN	
115,8	-111,9	0,59	NAN	
115,9	-111,9	0,6	NAN	
116	-111,9	0,595	NAN	
116,1	-111,75	0,585	NAN	
116,2	-111,75	0,585	NAN	
116,3	-111,6	0,575	NAN	
116,4	-111,75	0,575	NAN	
116,5	-111,6	0,56	NAN	
116,6	-111,6	0,545	NAN	
116,7	-111,45	0,55	NAN	
116,8	-111,45	0,535	NAN	
116,9	-111,3	0,53	NAN	
117	-111,15	0,525	NAN	
117,1	-111,3	0,515	NAN	
117,2	-111,15	0,505	NAN	
117,3	-111,15	0,49	NAN	
117,4	-111,15	0,475	NAN	
117,5	-111,15	0,46	NAN	
117,6	-111,15	0,45	NAN	
117,7	-111	0,445	NAN	
117,8	-110,85	0,445	NAN	
117,9	-110,7	0,43	NAN	
118	-110,7	0,42	NAN	
118,1	-110,85	0,41	NAN	
118,2	-110,7	0,385	NAN	
118,3	-110,7	0,385	NAN	
118,4	-110,55	0,375	NAN	
118,5	-110,55	0,36	NAN	
118,6	-110,25	0,355	NAN	
118,7	-110,4	0,34	NAN	
118,8	-110,25	0,335	NAN	
118,9	-110,25	0,315	NAN	
119	-110,1	0,295	NAN	
119,1	-110,1	0,27	NAN	
119,2	-110,1	0,255	NAN	
119,3	-109,95	0,24	NAN	
119,4	-109,95	0,23	NAN	
119,5	-109,95	0,215	NAN	
119,6	-109,8	0,205	NAN	
119,7	-109,8	0,195	NAN	
119,8	-109,65	0,185	NAN	
119,9	-109,65	0,18	NAN	
120	-109,65	0,175	NAN	
120,1	-109,65	0,16	NAN	
120,2	-109,5	0,145	NAN	
120,3	-109,35	0,14	NAN	
120,4	-109,35	0,13	NAN	
120,5	-109,2	0,12	NAN	
120,6	-109,05	0,125	NAN	
120,7	-109,05	0,125	NAN	
120,8	-109,05	0,125	NAN	
120,9	-109,05	0,125	NAN	
121	-108,9	0,125	NAN	
121,1	-108,75	0,115	NAN	
121,2	-108,75	0,1	NAN	
121,3	-108,6	0,095	NAN	
121,4	-108,75	0,075	NAN	
121,5	-108,6	0,06	NAN	
121,6	-108,45	0,05	NAN	
121,7	-108,45	0,015	NAN	
121,8	-108,3	-0,005	NAN	
121,9	-108,3	-0,015	NAN	
122	-108,15	-0,025	NAN	
122,1	-108,15	-0,05	NAN	
122,2	-108,3	-0,065	NAN	
122,3	-108,15	-0,08	NAN	
122,4	-108	-0,1	NAN	
122,5	-107,85	-0,115	NAN	
122,6	-107,85	-0,125	NAN	
122,7	-107,7	-0,145	NAN	
122,8	-107,55	-0,16	NAN	
122,9	-107,55	-0,16	NAN	
123	-107,55	-0,155	NAN	
123,1	-107,25	-0,16	NAN	
123,2	-107,4	-0,16	NAN	
123,3	-107,25	-0,16	NAN	
123,4	-107,25	-0,155	NAN	
123,5	-107,1	-0,16	NAN	
123,6	-106,95	-0,16	NAN	
123,7	-106,95	-0,155	NAN	
123,8	-106,8	-0,145	NAN	
123,9	-106,95	-0,155	NAN	
124	-106,8	-0,16	NAN	
124,1	-106,8	-0,155	NAN	
124,2	-106,8	-0,155	NAN	
124,3	-106,5	-0,15	NAN	
124,4	-106,5	-0,16	NAN	
124,5	-106,35	-0,15	NAN	
124,6	-106,35	-0,155	NAN	
124,7	-106,2	-0,155	NAN	
124,8	-106,2	-0,15	NAN	
124,9	-106,2	-0,155	NAN	
125	-106,05	-0,155	NAN	
125,1	-106,05	-0,155	NAN	
125,2	-105,9	-0,15	NAN	
125,3	-105,9	-0,155	NAN	
125,4	-105,75	-0,15	NAN	
125,5	-105,75	-0,155	NAN	
125,6	-105,75	-0,15	NAN	
125,7	-105,75	-0,155	NAN	
125,8	-105,6	-0,15	NAN	
125,9	-105,6	-0,15	NAN	
126	-105,45	-0,15	NAN	
126,1	-105,45	-0,15	NAN	
126,2	-105,45	-0,15	NAN	
126,3	-105,3	-0,155	NAN	
126,4	-105,3	-0,155	NAN	
126,5	-105,3	-0,15	NAN	
126,6	-105,15	-0,155	NAN	
126,7	-105,15	-0,155	NAN	
126,8	-104,85	-0,15	NAN	
126,9	-105	-0,15	NAN	
127	-104,7	-0,155	NAN	
127,1	-104,85	-0,15	NAN	
127,2	-104,7	-0,155	NAN	
127,3	-104,7	-0,145	NAN	
127,4	-104,7	-0,155	NAN	
127,5	-104,55	-0,155	NAN	
127,6	-104,55	-0,155	NAN	
127,7	-104,55	-0,15	NAN	
127,8	-104,55	-0,155	NAN	
127,9	-104,25	-0,15	NAN	
128	-104,25	-0,155	NAN	
128,1	-104,25	-0,15	NAN	
128,2	-104,25	-0,15	NAN	
128,3	-104,1	-0,15	NAN	
128,4	-104,1	-0,145	NAN	
128,5	-104,1	-0,15	NAN	
128,6	-103,95	-0,15	NAN	
128,7	-103,95	-0,155	NAN	
128,8	-103,95	-0,155	NAN	
128,9	-103,8	-0,15	NAN	
129	-103,8	-0,15	NAN	
129,1	-103,65	-0,155	NAN	
129,2	-103,65	-0,15	NAN	
129,3	-103,65	-0,15	NAN	
129,4	-103,65	-0,145	NAN	
129,5	-103,5	-0,15	NAN	
129,6	-103,5	-0,15	NAN	
129,7	-103,35	-0,15	NAN	
129,8	-103,35	-0,15	NAN	
129,9	-103,35	-0,15	NAN	
130	-103,2	-0,15	NAN	
130,1	-103,2	-0,15	NAN	
130,2	-103,2	-0,15	NAN	
130,3	-103,2	-0,15	NAN	
130,4	-103,05	-0,145	NAN	
130,5	-102,9	-0,155	NAN	
130,6	-102,9	-0,145	NAN	
130,7	-102,9	-0,15	NAN	
130,8	-102,75	-0,15	NAN	
130,9	-102,75	-0,15	NAN	
131	-102,75	-0,15	NAN	
131,1	-102,6	-0,15	NAN	
131,2	-102,6	-0,15	NAN	
131,3	-102,6	-0,15	NAN	
131,4	-102,6	-0,15	NAN	
131,5	-102,45	-0,15	NAN	
131,6	-102,45	-0,145	NAN	
131,7	-102,3	-0,15	NAN	
131,8	-102,45	-0,155	NAN	
131,9	-102,3	-0,15	NAN	
132	-102,3	-0,15	NAN	
132,1	-102,3	-0,15	NAN	
132,2	-102,15	-0,135	NAN	
132,3	-102,15	-0,145	NAN	
132,4	-102,15	-0,15	NAN	
132,5	-102	-0,15	NAN	
132,6	-102,15	-0,145	NAN	
132,7	-102,15	-0,15	NAN	
132,8	-101,85	-0,145	NAN	
132,9	-101,85	-0,15	NAN	
133	-101,7	-0,15	NAN	
133,1	-101,7	-0,15	NAN	
133,2	-101,7	-0,15	NAN	
133,3	-101,7	-0,155	NAN	
133,4	-101,55	-0,15	NAN	
133,5	-101,55	-0,15	NAN	
133,6	-101,4	-0,145	NAN	
133,7	-101,4	-0,15	NAN	
133,8	-101,55	-0,15	NAN	
133,9	-101,4	-0,145	NAN	
134	-101,4	-0,15	NAN	
134,1	-101,25	-0,15	NAN	
134,2	-101,25	-0,15	NAN	
134,3	-101,1	-0,145	NAN	
134,4	-101,1	-0,15	NAN	
134,5	-101,1	-0,15	NAN	
134,6	-101,1	-0,15	NAN	
134,7	-101,1	-0,145	NAN	
134,8	-101,1	-0,15	NAN	
134,9	-100,95	-0,15	NAN	
135	-100,95	-0,145	NAN	
135,1	-100,8	-0,145	NAN	
135,2	-100,8	-0,15	NAN	
135,3	-100,8	-0,15	NAN	
135,4	-100,8	-0,15	NAN	
135,5	-100,65	-0,145	NAN	
135,6	-100,65	-0,145	NAN	
135,7	-100,65	-0,15	NAN	
135,8	-100,5	-0,15	NAN	
135,9	-100,5	-0,15	NAN	
136	-100,65	-0,15	NAN	
136,1	-100,5	-0,15	NAN	
136,2	-100,35	-0,145	NAN	
136,3	-100,35	-0,145	NAN	
136,4	-100,35	-0,15	NAN	
136,5	-100,2	-0,15	NAN	
136,6	-100,2	-0,145	NAN	
136,7	-100,35	-0,15	NAN	
136,8	-100,2	-0,15	NAN	
136,9	-100,2	-0,15	NAN	
137	-100,05	-0,15	NAN	
137,1	-100,2	-0,15	NAN	
137,2	-99,9	-0,15	NAN	
137,3	-100,05	-0,15	NAN	
137,4	-99,9	-0,145	NAN	
137,5	-99,9	-0,15	NAN	
137,6	-99,9	-0,15	NAN	
137,7	-99,9	-0,145	NAN	
137,8	-99,75	-0,15	NAN	
137,9	-99,6	-0,145	NAN	
138	-99,75	-0,15	NAN	
138,1	-99,75	-0,145	NAN	
138,2	-99,6	-0,145	NAN	
138,3	-99,6	-0,15	NAN	
138,4	-99,6	-0,145	NAN	
138,5	-99,6	-0,15	NAN	
138,6	-99,45	-0,15	NAN	
138,7	-99,45	-0,15	NAN	
138,8	-99,45	-0,15	NAN	
138,9	-99,45	-0,145	NAN	
139	-99,45	-0,15	NAN	
139,1	-99,45	-0,145	NAN	
139,2	-99,3	-0,14	NAN	
139,3	-99,3	-0,145	NAN	
139,4	-99,3	-0,145	NAN	
139,5	-99,15	-0,15	NAN	
139,6	-99	-0,15	NAN	
139,7	-99	-0,145	NAN	
139,8	-99	-0,145	NAN	
139,9	-99	-0,145	NAN	
140	-99,15	-0,145	NAN	
140,1	-99	-0,145	NAN	
140,2	-99	-0,145	NAN	
140,3	-99	-0,14	NAN	
140,4	-98,7	-0,14	NAN	
140,5	-98,85	-0,145	NAN	
140,6	-98,7	-0,145	NAN	
140,7	-98,7	-0,145	NAN	
140,8	-98,7	-0,15	NAN	
140,9	-98,7	-0,145	NAN	
141	-98,7	-0,145	NAN	
141,1	-98,7	-0,15	NAN	
141,2	-98,55	-0,14	NAN	
141,3	-98,55	-0,145	NAN	
141,4	-98,55	-0,15	NAN	
141,5	-98,55	-0,145	NAN	
141,6	-98,4	-0,145	NAN	
141,7	-98,55	-0,14	NAN	
141,8	-98,4	-0,14	NAN	
141,9	-98,25	-0,145	NAN	
142	-98,25	-0,15	NAN	
142,1	-98,25	-0,145	NAN	
142,2	-98,25	-0,145	NAN	
142,3	-98,25	-0,15	NAN	
142,4	-98,25	-0,145	NAN	
142,5	-98,1	-0,145	NAN	
142,6	-97,95	-0,15	NAN	
142,7	-98,1	-0,15	NAN	
142,8	-97,95	-0,15	NAN	
142,9	-97,95	-0,145	NAN	
143	-97,95	-0,145	NAN	
143,1	-97,95	-0,145	NAN	
143,2	-97,95	-0,145	NAN	
143,3	-97,8	-0,145	NAN	
143,4	-97,8	-0,145	NAN	
143,5	-97,8	-0,145	NAN	
143,6	-97,8	-0,145	NAN	
143,7	-97,8	-0,14	NAN	
143,8	-97,65	-0,145	NAN	
143,9	-97,65	-0,145	NAN	
144	-97,65	-0,145	NAN	
144,1	-97,5	-0,145	NAN	
144,2	-97,65	-0,145	NAN	
144,3	-97,5	-0,145	NAN	
144,4	-97,5	-0,145	NAN	
144,5	-97,5	-0,145	NAN	
144,6	-97,5	-0,145	NAN	
144,7	-97,5	-0,145	NAN	
144,8	-97,5	-0,14	NAN	
144,9	-97,2	-0,145	NAN	
145	-97,35	-0,145	NAN	
145,1	-97,35	-0,145	NAN	
145,2	-97,35	-0,14	NAN	
145,3	-97,35	-0,145	NAN	
145,4	-97,2	-0,145	NAN	
145,5	-97,2	-0,135	NAN	
145,6	-97,05	-0,15	NAN	
145,7	-97,2	-0,145	NAN	
145,8	-97,05	-0,145	NAN	
145,9	-97,05	-0,145	NAN	
146	-97,05	-0,14	NAN	
146,1	-97,05	-0,145	NAN	
146,2	-97,05	-0,145	NAN	
146,3	-96,9	-0,14	NAN	
146,4	-96,9	-0,145	NAN	
146,5	-96,9	-0,145	NAN	
146,6	-96,9	-0,14	NAN	
146,7	-96,75	-0,14	NAN	
146,8	-96,75	-0,145	NAN	
146,9	-96,6	-0,145	NAN	
147	-96,75	-0,145	NAN	
147,1	-96,6	-0,145	NAN	
147,2	-96,75	-0,14	NAN	
147,3	-96,45	-0,145	NAN	
147,4	-96,6	-0,14	NAN	
147,5	-96,45	-0,145	NAN	
147,6	-96,45	-0,14	NAN	
147,7	-96,45	-0,145	NAN	
147,8	-96,45	-0,14	NAN	
147,9	-96,3	-0,145	NAN	
148	-96,45	-0,145	NAN	
148,1	-96,45	-0,14	NAN	
148,2	-96,45	-0,145	NAN	
148,3	-96,45	-0,145	NAN	
148,4	-96,3	-0,145	NAN	
148,5	-96,3	-0,14	NAN	
148,6	-96,15	-0,14	NAN	
148,7	-96,15	-0,145	NAN	
148,8	-96,15	-0,145	NAN	
148,9	-96,15	-0,145	NAN	
149	-96,15	-0,145	NAN	
149,1	-96,15	-0,14	NAN	
149,2	-96,15	-0,145	NAN	
149,3	-96,3	-0,14	NAN	
149,4	-96	-0,145	NAN	
149,5	-95,85	-0,145	NAN	
149,6	-96,15	-0,14	NAN	
149,7	-96	-0,145	NAN	
149,8	-96	-0,145	NAN	
149,9	-96	-0,145	NAN	
150	-95,85	-0,14	NAN	
150,1	-95,85	-0,14	NAN	
150,2	-95,85	-0,145	NAN	
150,3	-96	-0,145	NAN	
150,4	-95,85	-0,145	NAN	
150,5	-95,7	-0,14	NAN	
150,6	-95,7	-0,145	NAN	
150,7	-95,85	-0,14	NAN	
150,8	-95,7	-0,145	NAN	
150,9	-95,7	-0,135	NAN	
151	-95,7	-0,145	NAN	
151,1	-95,55	-0,145	NAN	
151,2	-95,55	-0,135	NAN	
151,3	-95,55	-0,145	NAN	
151,4	-95,55	-0,145	NAN	
151,5	-95,55	-0,14	NAN	
151,6	-95,55	-0,14	NAN	
151,7	-95,4	-0,14	NAN	
151,8	-95,55	-0,14	NAN	
151,9	-95,55	-0,145	NAN	
152	-95,4	-0,145	NAN	
152,1	-95,4	-0,14	NAN	
152,2	-95,25	-0,14	NAN	
152,3	-95,4	-0,145	NAN	
152,4	-95,25	-0,145	NAN	
152,5	-95,25	-0,145	NAN	
152,6	-95,25	-0,145	NAN	
152,7	-95,25	-0,145	NAN	
152,8	-95,25	-0,145	NAN	
152,9	-95,25	-0,145	NAN	
153	-95,1	-0,145	NAN	
153,1	-95,1	-0,145	NAN	
153,2	-95,25	-0,14	NAN	
153,3	-95,1	-0,14	NAN	
153,4	-95,1	-0,14	NAN	
153,5	-94,95	-0,14	NAN	
153,6	-94,95	-0,145	NAN	
153,7	-94,95	-0,14	NAN	
153,8	-95,1	-0,145	NAN	
153,9	-94,95	-0,145	NAN	
154	-94,95	-0,145	NAN	
154,1	-94,95	-0,14	NAN	
154,2	-94,8	-0,145	NAN	
154,3	-94,8	-0,145	NAN	
154,4	-94,95	-0,14	NAN	
154,5	-94,8	-0,14	NAN	
154,6	-94,95	-0,14	NAN	
154,7	-94,65	-0,145	NAN	
154,8	-94,8	-0,14	NAN	
154,9	-94,8	-0,145	NAN	
155	-94,8	-0,145	NAN	
155,1	-94,65	-0,145	NAN	
155,2	-94,5	-0,135	NAN	
155,3	-94,65	-0,145	NAN	
155,4	-94,65	-0,14	NAN	
155,5	-94,65	-0,145	NAN	
155,6	-94,65	-0,14	NAN	
155,7	-94,5	-0,14	NAN	
155,8	-94,5	-0,135	NAN	
155,9	-94,5	-0,145	NAN	
156	-94,35	-0,14	NAN	
156,1	-94,35	-0,14	NAN	
156,2	-94,5	-0,14	NAN	
156,3	-94,5	-0,14	NAN	
156,4	-94,35	-0,14	NAN	
156,5	-94,35	-0,145	NAN	
156,6	-94,35	-0,135	NAN	
156,7	-94,2	-0,135	NAN	
156,8	-94,35	-0,14	NAN	
156,9	-94,2	-0,14	NAN	
157	-94,35	-0,145	NAN	
157,1	-94,2	-0,14	NAN	
157,2	-94,2	-0,14	NAN	
157,3	-94,05	-0,145	NAN	
157,4	-94,2	-0,14	NAN	
157,5	-94,2	-0,145	NAN	
157,6	-94,05	-0,14	NAN	
157,7	-94,05	-0,14	NAN	
157,8	-94,05	-0,14	NAN	
157,9	-94,05	-0,145	NAN	
158	-93,9	-0,13	NAN	
158,1	-93,9	-0,14	NAN	
158,2	-93,9	-0,14	NAN	
158,3	-93,9	-0,145	NAN	
158,4	-93,9	-0,14	NAN	
158,5	-93,9	-0,135	NAN	
158,6	-93,75	-0,145	NAN	
158,7	-93,75	-0,14	NAN	
158,8	-93,75	-0,145	NAN	
158,9	-93,75	-0,145	NAN	
159	-93,9	-0,14	NAN	
159,1	-93,75	-0,145	NAN	
159,2	-93,75	-0,14	NAN	
159,3	-93,6	-0,14	NAN	
159,4	-93,75	-0,14	NAN	
159,516	-93,75	-0,14	NAN	
159,603	-93,6	-0,14	NAN	
159,702	-93,75	-0,135	NAN	
159,803	-93,75	-0,14	NAN	
159,903	-93,6	-0,145	NAN	
160,003	-93,6	-0,14	NAN	
160,103	-93,6	-0,14	NAN	
160,202	-93,6	-0,135	NAN	
160,303	-93,45	-0,14	NAN	
160,403	-93,45	-0,145	NAN	
160,503	-93,45	-0,14	NAN	
160,603	-93,45	-0,14	NAN	
160,702	-93,45	-0,14	NAN	
160,803	-93,45	-0,14	NAN	
160,903	-93,3	-0,14	NAN	
161,003	-93,3	-0,14	NAN	
161,103	-93,3	-0,14	NAN	
161,203	-93,3	-0,14	NAN	
161,303	-93,3	-0,145	NAN	
161,403	-93,15	-0,145	NAN	
161,503	-93,3	-0,14	NAN	
161,603	-93,3	-0,14	NAN	
161,703	-93,15	-0,135	NAN	
161,803	-93,3	-0,14	NAN	
161,903	-93,15	-0,145	NAN	
162,003	-93,15	-0,135	NAN	
162,104	-93,15	-0,14	NAN	
162,203	-93,15	-0,14	NAN	
162,303	-93,15	-0,14	NAN	
162,403	-93	-0,145	NAN	
162,503	-93	-0,145	NAN	
162,603	-93	-0,14	NAN	
162,703	-93,15	-0,145	NAN	
162,803	-93	-0,135	NAN	
162,903	-93,15	-0,14	NAN	
163,003	-92,85	-0,145	NAN	
163,108	-93	-0,14	NAN	
163,203	-92,85	-0,14	NAN	
163,303	-92,85	-0,14	NAN	
163,403	-92,85	-0,14	NAN	
163,503	-92,85	-0,14	NAN	
163,603	-93	-0,14	NAN	
163,703	-92,85	-0,14	NAN	
163,803	-92,85	-0,14	NAN	
163,903	-92,85	-0,135	NAN	
164,003	-92,7	-0,14	NAN	
164,103	-92,7	-0,14	NAN	
164,203	-92,7	-0,14	NAN	
164,303	-92,7	-0,14	NAN	
164,403	-92,7	-0,15	NAN	
164,503	-92,7	-0,14	NAN	
164,603	-92,7	-0,14	NAN	
164,703	-92,7	-0,14	NAN	
164,803	-92,55	-0,14	NAN	
164,903	-92,55	-0,14	NAN	
165,003	-92,55	-0,135	NAN	
165,103	-92,55	-0,14	NAN	
165,203	-92,55	-0,14	NAN	
165,303	-92,55	-0,14	NAN	
165,403	-92,55	-0,13	NAN	
165,503	-92,55	-0,14	NAN	
165,603	-92,55	-0,14	NAN	
165,703	-92,55	-0,14	NAN	
165,803	-92,55	-0,145	NAN	
165,903	-92,4	-0,14	NAN	
166,003	-92,4	-0,145	NAN	
166,103	-92,55	-0,145	NAN	
166,203	-92,55	-0,145	NAN	
166,303	-92,4	-0,135	NAN	
166,403	-92,4	-0,14	NAN	
166,503	-92,25	-0,14	NAN	
166,603	-92,25	-0,135	NAN	
166,703	-92,25	-0,14	NAN	
166,803	-92,25	-0,135	NAN	
166,903	-92,1	-0,14	NAN	
167,003	-92,25	-0,135	NAN	
167,103	-92,25	-0,14	NAN	
167,203	-92,1	-0,14	NAN	
167,303	-92,1	-0,135	NAN	
167,403	-92,25	-0,14	NAN	
167,503	-92,25	-0,14	NAN	
167,603	-92,1	-0,135	NAN	
167,703	-92,1	-0,14	NAN	
167,803	-92,1	-0,145	NAN	
167,903	-92,1	-0,135	NAN	
168,003	-92,25	-0,14	NAN	
168,103	-92,1	-0,145	NAN	
168,203	-91,95	-0,145	NAN	
168,303	-91,95	-0,14	NAN	
168,403	-91,95	-0,14	NAN	
168,503	-91,95	-0,14	NAN	
168,603	-91,95	-0,14	NAN	
168,703	-91,95	-0,135	NAN	
168,803	-91,95	-0,14	NAN	
168,903	-91,95	-0,14	NAN	
169,004	-91,95	-0,135	NAN	
169,103	-91,95	-0,14	NAN	
169,203	-91,8	-0,135	NAN	
169,303	-91,95	-0,135	NAN	
169,403	-91,95	-0,14	NAN	
169,504	-91,8	-0,135	NAN	
169,603	-91,8	-0,14	NAN	
169,703	-91,8	-0,14	NAN	
169,803	-91,65	-0,14	NAN	
169,903	-91,65	-0,14	NAN	
170,004	-91,8	-0,14	NAN	
170,103	-91,65	-0,14	NAN	
170,203	-91,65	-0,14	NAN	
170,303	-91,65	-0,145	NAN	
170,403	-91,65	-0,14	NAN	
170,504	-91,65	-0,145	NAN	
170,603	-91,65	-0,135	NAN	
170,703	-91,65	-0,14	NAN	
170,803	-91,5	-0,14	NAN	
170,903	-91,65	-0,145	NAN	
171,004	-91,65	-0,14	NAN	
171,103	-91,5	-0,145	NAN	
171,203	-91,5	-0,14	NAN	
171,303	-91,5	-0,145	NAN	
171,403	-91,35	-0,14	NAN	
171,504	-91,5	-0,135	NAN	
171,603	-91,5	-0,14	NAN	
171,703	-91,5	-0,14	NAN	
171,803	-91,35	-0,14	NAN	
171,903	-91,5	-0,135	NAN	
172,004	-91,35	-0,14	NAN	
172,103	-91,5	-0,135	NAN	
172,203	-91,35	-0,145	NAN	
172,303	-91,35	-0,14	NAN	
172,403	-91,35	-0,135	NAN	
172,504	-91,35	-0,14	NAN	
172,603	-91,35	-0,14	NAN	
172,703	-91,35	-0,14	NAN	
172,803	-91,2	-0,12	NAN	
172,903	-91,35	-0,14	NAN	
173,004	-91,2	-0,14	NAN	
173,103	-91,35	-0,135	NAN	
173,203	-91,2	-0,14	NAN	
173,303	-91,35	-0,14	NAN	
173,403	-91,2	-0,145	NAN	
173,504	-91,2	-0,14	NAN	
173,603	-91,35	-0,135	NAN	
173,703	-91,2	-0,14	NAN	
173,803	-91,2	-0,14	NAN	
173,903	-91,05	-0,145	NAN	
174,004	-91,05	-0,14	NAN	
174,103	-91,05	-0,145	NAN	
174,203	-91,05	-0,145	NAN	
174,303	-91,2	-0,14	NAN	
174,403	-91,05	-0,14	NAN	
174,504	-91,05	-0,145	NAN	
174,603	-91,05	-0,14	NAN	
174,703	-90,9	-0,14	NAN	
174,803	-91,05	-0,135	NAN	
174,903	-90,9	-0,14	NAN	
175,004	-90,9	-0,14	NAN	
175,103	-90,9	-0,14	NAN	
175,203	-90,9	-0,135	NAN	
175,304	-90,9	-0,14	NAN	
175,403	-90,9	-0,135	NAN	
175,504	-90,9	-0,14	NAN	
175,603	-90,9	-0,14	NAN	
175,703	-90,75	-0,14	NAN	
175,804	-90,9	-0,14	NAN	
175,903	-90,75	-0,14	NAN	
176,004	-90,75	-0,135	NAN	
176,103	-90,75	-0,14	NAN	
176,203	-90,75	-0,14	NAN	
176,304	-90,75	-0,14	NAN	
176,403	-90,75	-0,145	NAN	
176,504	-90,75	-0,14	NAN	
176,603	-90,75	-0,14	NAN	
176,703	-90,75	-0,135	NAN	
176,804	-90,75	-0,135	NAN	
176,903	-90,75	-0,135	NAN	
177,004	-90,6	-0,14	NAN	
177,103	-90,75	-0,14	NAN	
177,203	-90,75	-0,14	NAN	
177,304	-90,75	-0,14	NAN	
177,403	-90,6	-0,14	NAN	
177,504	-90,6	-0,145	NAN	
177,603	-90,6	-0,14	NAN	
177,703	-90,6	-0,14	NAN	
177,804	-90,6	-0,135	NAN	
177,903	-90,6	-0,14	NAN	
178,004	-90,6	-0,14	NAN	
178,103	-90,45	-0,14	NAN	
178,203	-90,45	-0,14	NAN	
178,304	-90,6	-0,14	NAN	
178,403	-90,6	-0,14	NAN	
178,504	-90,45	-0,14	NAN	
178,603	-90,45	-0,14	NAN	
178,703	-90,45	-0,14	NAN	
178,804	-90,45	-0,14	NAN	
178,903	-90,45	-0,135	NAN	
179,004	-90,45	-0,14	NAN	
179,103	-90,3	-0,135	NAN	
179,203	-90,45	-0,14	NAN	
179,304	-90,3	-0,14	NAN	
179,403	-90,3	-0,14	NAN	
179,504	-90,3	-0,135	NAN	
179,603	-90,45	-0,14	NAN	
179,703	-90,3	-0,14	NAN	
179,804	-90,3	-0,135	NAN	
179,903	-90,3	-0,135	NAN	
180,004	-90,3	-0,14	NAN	
180,103	-90,15	-0,135	NAN	
180,203	-90,3	-0,135	NAN	
180,304	-90,3	-0,14	NAN	
180,403	-90,15	-0,135	NAN	
180,504	-90,15	-0,14	NAN	
180,603	-90,15	-0,14	NAN	
180,703	-90,15	-0,14	NAN	
180,804	-90,15	-0,14	NAN	
180,903	-90,15	-0,14	NAN	
181,004	-90,15	-0,14	NAN	
181,103	-90,15	-0,145	NAN	
181,203	-90,15	-0,14	NAN	
181,304	-90,15	-0,135	NAN	
181,403	-90	-0,135	NAN	
181,504	-90,15	-0,14	NAN	
181,603	-90,15	-0,14	NAN	
181,703	-90,15	-0,135	NAN	
181,804	-90,15	-0,14	NAN	
181,903	-90	-0,135	NAN	
182,004	-90	-0,135	NAN	
182,104	-90,15	-0,14	NAN	
182,203	-90	-0,14	NAN	
182,304	-89,85	-0,14	NAN	
182,403	-90	-0,14	NAN	
