MIN=0	-100	-10	0	
MAX=226,27417	100	10	5	
SCALE=100	50	5	1	
DEC=1	1	2	3	
DEF="Zeit" t / s	"Spannung" U_A1 / mV	"Spannung" U_B1 / V	"Frequenz" f / Hz	
0	-84,8	-0,125	NAN	
0,1	-84,8	-0,13	NAN	
0,2	-84,85	-0,13	NAN	
0,3	-84,8	-0,13	NAN	
0,4	-84,85	-0,125	NAN	
0,5	-84,75	-0,13	NAN	
0,6	-84,75	-0,125	NAN	
0,7	-84,8	-0,13	NAN	
0,8	-84,8	-0,125	NAN	
0,9	-84,75	-0,125	NAN	
1	-84,8	-0,125	NAN	
1,1	-84,8	-0,125	NAN	
1,2	-84,75	-0,125	NAN	
1,3	-84,8	-0,13	NAN	
1,4	-84,8	-0,125	NAN	
1,5	-84,75	-0,125	NAN	
1,6	-84,75	-0,13	NAN	
1,7	-84,8	-0,125	NAN	
1,8	-84,7	-0,125	NAN	
1,9	-84,75	-0,125	NAN	
2	-84,75	-0,125	NAN	
2,1	-84,7	-0,125	NAN	
2,2	-84,75	-0,13	NAN	
2,3	-84,7	-0,125	NAN	
2,4	-84,75	-0,13	NAN	
2,5	-84,7	-0,13	NAN	
2,6	-84,7	-0,125	NAN	
2,7	-84,75	-0,125	NAN	
2,8	-84,75	-0,125	NAN	
2,9	-84,75	-0,125	NAN	
3	-84,65	-0,12	NAN	
3,1	-84,7	-0,125	NAN	
3,2	-84,7	-0,125	NAN	
3,3	-84,7	-0,125	NAN	
3,4	-84,7	-0,125	NAN	
3,5	-84,7	-0,13	NAN	
3,6	-84,65	-0,13	NAN	
3,7	-84,65	-0,13	NAN	
3,8	-84,7	-0,13	NAN	
3,9	-84,7	-0,13	NAN	
4	-84,65	-0,13	NAN	
4,1	-84,7	-0,125	NAN	
4,2	-84,65	-0,125	NAN	
4,3	-84,65	-0,125	NAN	
4,4	-84,7	-0,125	NAN	
4,5	-84,65	-0,12	NAN	
4,6	-84,65	-0,13	NAN	
4,7	-84,65	-0,13	NAN	
4,8	-84,6	-0,13	NAN	
4,9	-84,65	-0,13	NAN	
5	-84,65	-0,13	NAN	
5,1	-84,65	-0,135	NAN	
5,2	-84,7	-0,125	NAN	
5,3	-84,65	-0,13	NAN	
5,4	-84,65	-0,135	NAN	
5,5	-84,65	-0,135	NAN	
5,6	-84,6	-0,135	NAN	
5,7	-84,65	-0,135	NAN	
5,8	-84,6	-0,13	NAN	
5,9	-84,65	-0,11	NAN	
6	-84,65	-0,095	NAN	
6,1	-84,65	-0,08	NAN	
6,2	-84,6	-0,065	NAN	
6,3	-84,6	-0,05	NAN	
6,4	-84,65	-0,035	NAN	
6,5	-84,65	-0,025	NAN	
6,6	-84,65	0	NAN	
6,7	-84,65	0,01	NAN	
6,8	-84,65	0,02	NAN	
6,9	-84,65	0,04	NAN	
7	-84,65	0,06	NAN	
7,1	-84,7	0,07	NAN	
7,2	-84,65	0,075	NAN	
7,3	-84,7	0,095	NAN	
7,4	-84,7	0,115	NAN	
7,5	-84,75	0,135	NAN	
7,6	-84,75	0,155	NAN	
7,7	-84,75	0,17	NAN	
7,8	-84,8	0,175	NAN	
7,9	-84,75	0,195	NAN	
8	-84,8	0,205	NAN	
8,1	-84,85	0,22	NAN	
8,2	-84,9	0,245	NAN	
8,3	-84,9	0,255	NAN	
8,4	-84,9	0,275	NAN	
8,5	-84,9	0,29	NAN	
8,6	-85	0,325	NAN	
8,7	-85	0,35	NAN	
8,8	-85	0,375	NAN	
8,9	-85,05	0,395	NAN	
9	-85,1	0,415	NAN	
9,1	-85,1	0,44	NAN	
9,2	-85,2	0,475	NAN	
9,3	-85,2	0,485	NAN	
9,4	-85,25	0,52	NAN	
9,5	-85,3	0,53	NAN	
9,6	-85,3	0,555	NAN	
9,7	-85,4	0,555	NAN	
9,8	-85,4	0,58	NAN	
9,9	-85,45	0,595	NAN	
10	-85,45	0,61	NAN	
10,1	-85,5	0,62	NAN	
10,2	-85,6	0,645	NAN	
10,3	-85,65	0,675	NAN	
10,4	-85,7	0,695	NAN	
10,5	-85,7	0,72	NAN	
10,6	-85,75	0,74	NAN	
10,7	-85,8	0,765	NAN	
10,8	-85,85	0,78	NAN	
10,9	-85,9	0,81	NAN	
11	-86	0,82	NAN	
11,1	-86,05	0,83	NAN	
11,2	-86,1	0,845	NAN	
11,3	-86,15	0,865	NAN	
11,4	-86,2	0,885	NAN	
11,5	-86,25	0,905	NAN	
11,6	-86,3	0,93	NAN	
11,7	-86,35	0,95	NAN	
11,8	-86,45	0,975	NAN	
11,9	-86,5	0,99	NAN	
12	-86,55	1,005	NAN	
12,1	-86,6	1,02	NAN	
12,2	-86,65	1,05	NAN	
12,3	-86,75	1,055	NAN	
12,4	-86,75	1,075	NAN	
12,5	-86,85	1,085	NAN	
12,6	-86,9	1,11	NAN	
12,7	-87	1,125	NAN	
12,8	-87,05	1,145	NAN	
12,9	-87,1	1,16	NAN	
13	-87,2	1,185	NAN	
13,1	-87,25	1,215	NAN	
13,2	-87,3	1,25	NAN	
13,3	-87,4	1,26	NAN	
13,4	-87,45	1,285	NAN	
13,5	-87,55	1,3	NAN	
13,6	-87,6	1,33	NAN	
13,7	-87,65	1,355	NAN	
13,8	-87,75	1,395	NAN	
13,9	-87,8	1,43	NAN	
14	-87,95	1,45	NAN	
14,1	-88	1,465	NAN	
14,2	-88,05	1,485	NAN	
14,3	-88,2	1,515	NAN	
14,4	-88,25	1,535	NAN	
14,5	-88,3	1,56	NAN	
14,6	-88,4	1,575	NAN	
14,7	-88,5	1,6	NAN	
14,8	-88,55	1,62	NAN	
14,9	-88,65	1,655	NAN	
15	-88,8	1,695	NAN	
15,1	-88,9	1,735	NAN	
15,2	-89	1,77	NAN	
15,3	-89,05	1,815	NAN	
15,4	-89,1	1,85	NAN	
15,5	-89,25	1,87	NAN	
15,6	-89,35	1,895	NAN	
15,7	-89,45	1,925	NAN	
15,8	-89,55	1,96	NAN	
15,9	-89,65	1,975	NAN	
16	-89,75	2,015	NAN	
16,1	-89,85	2,045	NAN	
16,2	-90	2,065	NAN	
16,3	-90,1	2,085	NAN	
16,4	-90,2	2,12	NAN	
16,5	-90,3	2,14	NAN	
16,6	-90,4	2,165	NAN	
16,7	-90,5	2,185	NAN	
16,8	-90,65	2,21	NAN	
16,9	-90,8	2,225	NAN	
17	-90,85	2,26	NAN	
17,1	-91	2,28	NAN	
17,2	-91,1	2,31	NAN	
17,3	-91,25	2,315	NAN	
17,4	-91,3	2,315	NAN	
17,5	-91,45	2,31	NAN	
17,6	-91,6	2,315	NAN	
17,7	-91,65	2,31	NAN	
17,8	-91,8	2,31	NAN	
17,9	-91,85	2,315	NAN	
18	-92	2,315	NAN	
18,1	-92,1	2,315	NAN	
18,2	-92,2	2,315	NAN	
18,3	-92,3	2,31	NAN	
18,4	-92,4	2,315	NAN	
18,5	-92,5	2,315	NAN	
18,6	-92,6	2,315	NAN	
18,7	-92,7	2,31	NAN	
18,8	-92,8	2,31	NAN	
18,9	-92,9	2,31	NAN	
19	-93	2,315	NAN	
19,1	-93,15	2,315	NAN	
19,2	-93,2	2,315	NAN	
19,3	-93,3	2,31	NAN	
19,4	-93,4	2,31	NAN	
19,5	-93,5	2,31	NAN	
19,6	-93,6	2,31	NAN	
19,7	-93,7	2,29	NAN	
19,8	-93,8	2,265	NAN	
19,9	-93,85	2,23	NAN	
20	-93,95	2,21	NAN	
20,1	-94,05	2,175	NAN	
20,2	-94,05	2,14	NAN	
20,3	-94,15	2,11	NAN	
20,4	-94,25	2,08	NAN	
20,5	-94,3	2,05	NAN	
20,6	-94,35	2,01	NAN	
20,7	-94,45	1,975	NAN	
20,8	-94,5	1,94	NAN	
20,9	-94,6	1,915	NAN	
21	-94,6	1,89	NAN	
21,1	-94,65	1,86	NAN	
21,2	-94,7	1,825	NAN	
21,3	-94,75	1,8	NAN	
21,4	-94,8	1,755	NAN	
21,5	-94,85	1,725	NAN	
21,6	-94,9	1,68	NAN	
21,7	-94,9	1,645	NAN	
21,8	-94,95	1,61	NAN	
21,9	-94,95	1,59	NAN	
22	-95	1,555	NAN	
22,1	-95,05	1,53	NAN	
22,2	-95,05	1,495	NAN	
22,3	-95,1	1,465	NAN	
22,4	-95,1	1,445	NAN	
22,5	-95,15	1,41	NAN	
22,6	-95,15	1,365	NAN	
22,7	-95,2	1,33	NAN	
22,8	-95,2	1,29	NAN	
22,9	-95,15	1,255	NAN	
23	-95,2	1,205	NAN	
23,1	-95,15	1,15	NAN	
23,2	-95,2	1,085	NAN	
23,3	-95,15	1,04	NAN	
23,4	-95,2	0,995	NAN	
23,5	-95,2	0,96	NAN	
23,6	-95,15	0,96	NAN	
23,7	-95,15	0,95	NAN	
23,8	-95,15	0,94	NAN	
23,9	-95,15	0,92	NAN	
24	-95,15	0,885	NAN	
24,1	-95,1	0,845	NAN	
24,2	-95,15	0,81	NAN	
24,3	-95,1	0,75	NAN	
24,4	-95,1	0,695	NAN	
24,5	-95,05	0,65	NAN	
24,6	-95	0,595	NAN	
24,7	-95	0,535	NAN	
24,8	-94,95	0,47	NAN	
24,9	-94,9	0,415	NAN	
25	-94,8	0,37	NAN	
25,1	-94,85	0,295	NAN	
25,2	-94,75	0,245	NAN	
25,3	-94,7	0,195	NAN	
25,4	-94,65	0,13	NAN	
25,5	-94,6	0,075	NAN	
25,6	-94,5	0,025	NAN	
25,7	-94,45	-0,035	NAN	
25,8	-94,4	-0,09	NAN	
25,9	-94,25	-0,145	NAN	
26	-94,25	-0,14	NAN	
26,1	-94,15	-0,14	NAN	
26,2	-94,1	-0,13	NAN	
26,3	-94	-0,135	NAN	
26,4	-93,95	-0,135	NAN	
26,5	-93,9	-0,135	NAN	
26,6	-93,85	-0,125	NAN	
26,7	-93,8	-0,125	NAN	
26,8	-93,75	-0,13	NAN	
26,9	-93,7	-0,13	NAN	
27	-93,6	-0,13	NAN	
27,1	-93,6	-0,13	NAN	
27,2	-93,55	-0,135	NAN	
27,3	-93,45	-0,135	NAN	
27,4	-93,4	-0,135	NAN	
27,5	-93,35	-0,135	NAN	
27,6	-93,35	-0,135	NAN	
27,7	-93,25	-0,13	NAN	
27,8	-93,2	-0,13	NAN	
27,9	-93,15	-0,13	NAN	
28	-93,1	-0,125	NAN	
28,1	-93,05	-0,13	NAN	
28,2	-93	-0,13	NAN	
28,3	-93	-0,13	NAN	
28,4	-92,95	-0,135	NAN	
28,5	-92,85	-0,125	NAN	
28,6	-92,9	-0,135	NAN	
28,7	-92,8	-0,13	NAN	
28,8	-92,75	-0,135	NAN	
28,9	-92,7	-0,13	NAN	
29	-92,65	-0,135	NAN	
29,1	-92,6	-0,13	NAN	
29,2	-92,6	-0,135	NAN	
29,3	-92,55	-0,135	NAN	
29,4	-92,5	-0,13	NAN	
29,5	-92,45	-0,13	NAN	
29,6	-92,45	-0,135	NAN	
29,7	-92,35	-0,13	NAN	
29,8	-92,35	-0,13	NAN	
29,9	-92,3	-0,13	NAN	
30	-92,25	-0,13	NAN	
30,1	-92,2	-0,135	NAN	
30,2	-92,15	-0,13	NAN	
30,3	-92,15	-0,13	NAN	
30,4	-92,1	-0,13	NAN	
30,5	-92,1	-0,13	NAN	
30,6	-92,05	-0,13	NAN	
30,7	-92	-0,135	NAN	
30,8	-91,95	-0,135	NAN	
30,9	-91,95	-0,125	NAN	
31	-91,85	-0,13	NAN	
31,1	-91,85	-0,13	NAN	
31,2	-91,85	-0,135	NAN	
31,3	-91,8	-0,13	NAN	
31,4	-91,75	-0,135	NAN	
31,5	-91,75	-0,135	NAN	
31,6	-91,65	-0,13	NAN	
31,7	-91,65	-0,135	NAN	
31,8	-91,65	-0,135	NAN	
31,9	-91,6	-0,135	NAN	
32	-91,55	-0,13	NAN	
32,1	-91,55	-0,135	NAN	
32,2	-91,45	-0,13	NAN	
32,3	-91,45	-0,13	NAN	
32,4	-91,4	-0,13	NAN	
32,5	-91,35	-0,13	NAN	
32,6	-91,35	-0,13	NAN	
32,7	-91,3	-0,135	NAN	
32,8	-91,3	-0,135	NAN	
32,9	-91,25	-0,13	NAN	
33	-91,25	-0,135	NAN	
33,1	-91,2	-0,125	NAN	
33,2	-91,15	-0,135	NAN	
33,3	-91,1	-0,13	NAN	
33,4	-91,1	-0,135	NAN	
33,5	-91,05	-0,13	NAN	
33,6	-91,05	-0,135	NAN	
33,7	-91	-0,13	NAN	
33,8	-91	-0,135	NAN	
33,9	-90,95	-0,13	NAN	
34	-90,95	-0,135	NAN	
34,1	-90,85	-0,13	NAN	
34,2	-90,85	-0,135	NAN	
34,3	-90,85	-0,135	NAN	
34,4	-90,8	-0,13	NAN	
34,5	-90,8	-0,13	NAN	
34,6	-90,8	-0,12	NAN	
34,7	-90,75	-0,13	NAN	
34,8	-90,75	-0,135	NAN	
34,9	-90,65	-0,13	NAN	
35	-90,6	-0,135	NAN	
35,1	-90,6	-0,135	NAN	
35,2	-90,6	-0,135	NAN	
35,3	-90,6	-0,135	NAN	
35,4	-90,55	-0,13	NAN	
35,5	-90,55	-0,13	NAN	
35,6	-90,5	-0,13	NAN	
35,7	-90,45	-0,135	NAN	
35,8	-90,45	-0,13	NAN	
35,9	-90,45	-0,135	NAN	
36	-90,4	-0,135	NAN	
36,1	-90,35	-0,135	NAN	
36,2	-90,35	-0,13	NAN	
36,3	-90,3	-0,13	NAN	
36,4	-90,3	-0,13	NAN	
36,5	-90,3	-0,135	NAN	
36,6	-90,25	-0,135	NAN	
36,7	-90,25	-0,13	NAN	
36,8	-90,2	-0,13	NAN	
36,9	-90,2	-0,135	NAN	
37	-90,1	-0,13	NAN	
37,1	-90,1	-0,13	NAN	
37,2	-90,1	-0,13	NAN	
37,3	-90,05	-0,13	NAN	
37,4	-90,05	-0,135	NAN	
37,5	-90,05	-0,135	NAN	
37,6	-90	-0,125	NAN	
37,7	-90	-0,13	NAN	
37,8	-89,95	-0,135	NAN	
37,9	-89,95	-0,135	NAN	
38	-89,9	-0,135	NAN	
38,1	-89,9	-0,135	NAN	
38,2	-89,9	-0,135	NAN	
38,3	-89,85	-0,13	NAN	
38,4	-89,85	-0,135	NAN	
38,5	-89,8	-0,125	NAN	
38,6	-89,8	-0,13	NAN	
38,7	-89,8	-0,135	NAN	
38,8	-89,75	-0,135	NAN	
38,9	-89,7	-0,13	NAN	
39	-89,7	-0,13	NAN	
39,1	-89,65	-0,135	NAN	
39,2	-89,65	-0,13	NAN	
39,3	-89,65	-0,13	NAN	
39,4	-89,6	-0,13	NAN	
39,5	-89,55	-0,13	NAN	
39,6	-89,55	-0,13	NAN	
39,7	-89,55	-0,13	NAN	
39,8	-89,55	-0,125	NAN	
39,9	-89,5	-0,125	NAN	
40,001	-89,5	-0,125	NAN	
40,1	-89,45	-0,135	NAN	
40,2	-89,45	-0,13	NAN	
40,3	-89,45	-0,135	NAN	
40,4	-89,4	-0,13	NAN	
40,5	-89,35	-0,13	NAN	
40,6	-89,35	-0,13	NAN	
40,7	-89,35	-0,13	NAN	
40,8	-89,35	-0,135	NAN	
40,9	-89,3	-0,135	NAN	
41	-89,35	-0,135	NAN	
41,1	-89,25	-0,13	NAN	
41,2	-89,25	-0,135	NAN	
41,3	-89,25	-0,135	NAN	
41,4	-89,2	-0,13	NAN	
41,5	-89,2	-0,13	NAN	
41,6	-89,15	-0,13	NAN	
41,7	-89,15	-0,13	NAN	
41,8	-89,1	-0,13	NAN	
41,9	-89,1	-0,135	NAN	
42	-89,05	-0,135	NAN	
42,1	-89,05	-0,13	NAN	
42,2	-89,05	-0,13	NAN	
42,3	-89,05	-0,125	NAN	
42,4	-89	-0,135	NAN	
42,502	-89	-0,135	NAN	
42,602	-89	-0,13	NAN	
42,703	-88,95	-0,135	NAN	
42,802	-88,95	-0,13	NAN	
42,902	-88,9	-0,13	NAN	
43,002	-88,9	-0,125	NAN	
43,102	-88,9	-0,13	NAN	
43,203	-88,9	-0,13	NAN	
43,302	-88,85	-0,13	NAN	
43,402	-88,85	-0,13	NAN	
43,502	-88,85	-0,125	NAN	
43,602	-88,8	-0,13	NAN	
43,703	-88,75	-0,13	NAN	
43,802	-88,75	-0,13	NAN	
43,902	-88,75	-0,13	NAN	
44,002	-88,75	-0,13	NAN	
44,102	-88,7	-0,13	NAN	
44,203	-88,7	-0,13	NAN	
44,302	-88,65	-0,135	NAN	
44,402	-88,65	-0,135	NAN	
44,502	-88,65	-0,135	NAN	
44,602	-88,65	-0,13	NAN	
44,703	-88,6	-0,135	NAN	
44,802	-88,6	-0,125	NAN	
44,902	-88,6	-0,13	NAN	
45,002	-88,55	-0,135	NAN	
45,102	-88,55	-0,135	NAN	
45,203	-88,5	-0,13	NAN	
45,302	-88,5	-0,13	NAN	
45,402	-88,55	-0,13	NAN	
45,502	-88,45	-0,13	NAN	
45,602	-88,45	-0,13	NAN	
45,7	-88,45	-0,125	NAN	
45,8	-88,45	-0,13	NAN	
45,9	-88,4	-0,13	NAN	
46	-88,4	-0,13	NAN	
46,1	-88,4	-0,125	NAN	
46,2	-88,4	-0,13	NAN	
46,3	-88,35	-0,125	NAN	
46,4	-88,35	-0,13	NAN	
46,5	-88,35	-0,135	NAN	
46,6	-88,35	-0,13	NAN	
46,7	-88,35	-0,135	NAN	
46,8	-88,3	-0,135	NAN	
46,9	-88,25	-0,13	NAN	
47	-88,3	-0,135	NAN	
47,1	-88,3	-0,13	NAN	
47,2	-88,2	-0,135	NAN	
47,3	-88,2	-0,13	NAN	
47,4	-88,2	-0,125	NAN	
47,5	-88,15	-0,125	NAN	
47,6	-88,15	-0,13	NAN	
47,7	-88,15	-0,135	NAN	
47,8	-88,15	-0,13	NAN	
47,9	-88,1	-0,125	NAN	
48	-88,1	-0,125	NAN	
48,1	-88,1	-0,13	NAN	
48,2	-88,05	-0,13	NAN	
48,3	-88,05	-0,13	NAN	
48,4	-88,05	-0,13	NAN	
48,5	-88	-0,13	NAN	
48,6	-88,05	-0,13	NAN	
48,7	-88	-0,125	NAN	
48,8	-88	-0,135	NAN	
48,9	-87,95	-0,135	NAN	
49	-87,95	-0,13	NAN	
49,1	-87,95	-0,135	NAN	
49,2	-87,9	-0,13	NAN	
49,3	-87,95	-0,13	NAN	
49,4	-87,9	-0,135	NAN	
49,5	-87,9	-0,135	NAN	
49,6	-87,85	-0,135	NAN	
49,7	-87,85	-0,135	NAN	
49,8	-87,85	-0,13	NAN	
49,9	-87,8	-0,125	NAN	
50	-87,8	-0,13	NAN	
50,1	-87,8	-0,13	NAN	
50,2	-87,8	-0,13	NAN	
50,3	-87,75	-0,135	NAN	
50,4	-87,75	-0,13	NAN	
50,5	-87,75	-0,13	NAN	
50,6	-87,75	-0,125	NAN	
50,7	-87,7	-0,135	NAN	
50,8	-87,75	-0,13	NAN	
50,9	-87,65	-0,13	NAN	
51	-87,65	-0,135	NAN	
51,1	-87,7	-0,13	NAN	
51,2	-87,7	-0,125	NAN	
51,3	-87,65	-0,135	NAN	
51,4	-87,65	-0,13	NAN	
51,5	-87,6	-0,13	NAN	
51,6	-87,65	-0,13	NAN	
51,7	-87,6	-0,125	NAN	
51,8	-87,55	-0,13	NAN	
51,9	-87,55	-0,13	NAN	
52	-87,55	-0,13	NAN	
52,1	-87,55	-0,125	NAN	
52,2	-87,5	-0,125	NAN	
52,3	-87,5	-0,13	NAN	
52,4	-87,5	-0,13	NAN	
52,5	-87,5	-0,13	NAN	
52,6	-87,5	-0,135	NAN	
52,7	-87,45	-0,13	NAN	
52,8	-87,45	-0,13	NAN	
52,9	-87,4	-0,125	NAN	
53	-87,4	-0,13	NAN	
53,1	-87,45	-0,13	NAN	
53,2	-87,4	-0,13	NAN	
53,3	-87,4	-0,13	NAN	
53,4	-87,35	-0,125	NAN	
53,5	-87,35	-0,135	NAN	
53,6	-87,35	-0,13	NAN	
53,7	-87,3	-0,13	NAN	
53,8	-87,3	-0,125	NAN	
53,9	-87,35	-0,13	NAN	
54	-87,3	-0,13	NAN	
54,1	-87,3	-0,13	NAN	
54,2	-87,3	-0,13	NAN	
54,3	-87,3	-0,13	NAN	
54,4	-87,25	-0,13	NAN	
54,5	-87,25	-0,13	NAN	
54,6	-87,25	-0,135	NAN	
54,7	-87,2	-0,13	NAN	
54,8	-87,2	-0,135	NAN	
54,9	-87,2	-0,13	NAN	
55	-87,2	-0,135	NAN	
55,1	-87,15	-0,13	NAN	
55,2	-87,15	-0,125	NAN	
55,3	-87,15	-0,13	NAN	
55,4	-87,1	-0,13	NAN	
55,5	-87,1	-0,13	NAN	
55,6	-87,15	-0,13	NAN	
55,7	-87,05	-0,13	NAN	
55,8	-87,1	-0,13	NAN	
55,9	-87,05	-0,13	NAN	
56	-87,05	-0,125	NAN	
56,1	-87,05	-0,13	NAN	
56,2	-87,05	-0,13	NAN	
56,3	-87,05	-0,13	NAN	
56,4	-87	-0,13	NAN	
56,5	-87	-0,125	NAN	
56,6	-87	-0,13	NAN	
56,7	-87	-0,13	NAN	
56,8	-87	-0,13	NAN	
56,9	-86,95	-0,13	NAN	
57	-86,95	-0,13	NAN	
57,1	-86,95	-0,13	NAN	
57,2	-86,95	-0,13	NAN	
57,3	-86,9	-0,125	NAN	
57,4	-86,9	-0,135	NAN	
57,5	-86,85	-0,13	NAN	
57,6	-86,9	-0,13	NAN	
57,7	-86,85	-0,13	NAN	
57,8	-86,85	-0,125	NAN	
57,9	-86,9	-0,13	NAN	
58	-86,85	-0,125	NAN	
58,103	-86,85	-0,13	NAN	
58,2	-86,8	-0,13	NAN	
58,3	-86,85	-0,125	NAN	
58,4	-86,8	-0,13	NAN	
58,5	-86,75	-0,135	NAN	
58,6	-86,75	-0,13	NAN	
58,7	-86,75	-0,135	NAN	
58,8	-86,75	-0,13	NAN	
58,9	-86,75	-0,125	NAN	
59	-86,7	-0,13	NAN	
59,1	-86,75	-0,13	NAN	
59,2	-86,7	-0,13	NAN	
59,3	-86,7	-0,13	NAN	
59,4	-86,7	-0,13	NAN	
59,5	-86,7	-0,125	NAN	
59,6	-86,7	-0,125	NAN	
59,7	-86,7	-0,13	NAN	
59,8	-86,65	-0,13	NAN	
59,9	-86,65	-0,13	NAN	
60	-86,6	-0,125	NAN	
60,1	-86,65	-0,13	NAN	
60,2	-86,65	-0,13	NAN	
60,3	-86,65	-0,13	NAN	
60,4	-86,6	-0,13	NAN	
60,5	-86,6	-0,13	NAN	
60,6	-86,6	-0,13	NAN	
60,7	-86,55	-0,135	NAN	
60,8	-86,55	-0,13	NAN	
60,9	-86,55	-0,135	NAN	
61	-86,55	-0,135	NAN	
61,1	-86,55	-0,13	NAN	
61,2	-86,55	-0,13	NAN	
61,3	-86,5	-0,13	NAN	
61,4	-86,5	-0,125	NAN	
61,5	-86,45	-0,13	NAN	
61,6	-86,5	-0,13	NAN	
61,7	-86,45	-0,125	NAN	
61,8	-86,45	-0,13	NAN	
61,9	-86,5	-0,13	NAN	
62	-86,45	-0,13	NAN	
62,1	-86,4	-0,135	NAN	
62,2	-86,45	-0,13	NAN	
62,3	-86,45	-0,135	NAN	
62,4	-86,4	-0,13	NAN	
62,5	-86,4	-0,13	NAN	
62,6	-86,35	-0,13	NAN	
62,7	-86,35	-0,13	NAN	
62,8	-86,35	-0,13	NAN	
62,9	-86,35	-0,13	NAN	
63	-86,35	-0,13	NAN	
63,1	-86,35	-0,13	NAN	
63,2	-86,3	-0,125	NAN	
63,3	-86,3	-0,13	NAN	
63,4	-86,3	-0,135	NAN	
63,5	-86,3	-0,13	NAN	
63,6	-86,3	-0,13	NAN	
63,7	-86,25	-0,13	NAN	
63,8	-86,25	-0,125	NAN	
63,9	-86,25	-0,135	NAN	
64	-86,25	-0,13	NAN	
64,1	-86,25	-0,13	NAN	
64,2	-86,25	-0,13	NAN	
64,3	-86,25	-0,13	NAN	
64,4	-86,2	-0,125	NAN	
64,5	-86,2	-0,13	NAN	
64,6	-86,2	-0,13	NAN	
64,7	-86,2	-0,125	NAN	
64,8	-86,15	-0,13	NAN	
64,9	-86,15	-0,125	NAN	
65	-86,15	-0,125	NAN	
65,1	-86,1	-0,13	NAN	
65,2	-86,15	-0,13	NAN	
65,3	-86,15	-0,13	NAN	
65,4	-86,15	-0,13	NAN	
65,5	-86,1	-0,13	NAN	
65,6	-86,1	-0,125	NAN	
65,7	-86,1	-0,135	NAN	
65,8	-86,05	-0,125	NAN	
65,9	-86,1	-0,125	NAN	
66	-86,1	-0,135	NAN	
66,1	-86,05	-0,13	NAN	
66,2	-86,05	-0,135	NAN	
66,3	-86,1	-0,135	NAN	
66,4	-86,05	-0,13	NAN	
66,5	-86,05	-0,13	NAN	
66,6	-86,05	-0,125	NAN	
66,7	-86,05	-0,13	NAN	
66,8	-86	-0,13	NAN	
66,9	-86	-0,13	NAN	
67	-86	-0,13	NAN	
67,1	-85,95	-0,125	NAN	
67,2	-86	-0,125	NAN	
67,3	-86	-0,13	NAN	
67,4	-85,95	-0,125	NAN	
67,5	-85,95	-0,125	NAN	
67,6	-85,95	-0,13	NAN	
67,7	-85,95	-0,13	NAN	
67,8	-85,95	-0,13	NAN	
67,9	-85,95	-0,125	NAN	
68	-85,9	-0,13	NAN	
68,1	-85,85	-0,13	NAN	
68,2	-85,9	-0,13	NAN	
68,3	-85,85	-0,125	NAN	
68,4	-85,9	-0,13	NAN	
68,5	-85,9	-0,13	NAN	
68,6	-85,85	-0,125	NAN	
68,7	-85,85	-0,13	NAN	
68,8	-85,85	-0,125	NAN	
68,9	-85,8	-0,125	NAN	
69	-85,8	-0,13	NAN	
69,1	-85,8	-0,125	NAN	
69,2	-85,8	-0,13	NAN	
69,3	-85,8	-0,13	NAN	
69,4	-85,85	-0,13	NAN	
69,5	-85,85	-0,13	NAN	
69,6	-85,75	-0,13	NAN	
69,7	-85,8	-0,13	NAN	
69,8	-85,75	-0,13	NAN	
69,9	-85,75	-0,125	NAN	
70	-85,75	-0,13	NAN	
70,1	-85,75	-0,13	NAN	
70,2	-85,75	-0,13	NAN	
70,3	-85,7	-0,125	NAN	
70,4	-85,7	-0,13	NAN	
70,5	-85,75	-0,125	NAN	
70,6	-85,75	-0,13	NAN	
70,7	-85,7	-0,13	NAN	
70,8	-85,7	-0,135	NAN	
70,9	-85,7	-0,125	NAN	
71	-85,65	-0,13	NAN	
71,1	-85,7	-0,13	NAN	
71,2	-85,7	-0,13	NAN	
71,3	-85,7	-0,13	NAN	
71,4	-85,65	-0,13	NAN	
71,5	-85,65	-0,13	NAN	
71,6	-85,6	-0,125	NAN	
71,7	-85,65	-0,125	NAN	
71,8	-85,6	-0,125	NAN	
71,9	-85,65	-0,13	NAN	
72	-85,65	-0,13	NAN	
72,1	-85,65	-0,13	NAN	
72,2	-85,6	-0,125	NAN	
72,3	-85,6	-0,13	NAN	
72,4	-85,6	-0,13	NAN	
72,5	-85,6	-0,13	NAN	
72,607	-85,6	-0,13	NAN	
72,707	-85,55	-0,13	NAN	
72,808	-85,55	-0,13	NAN	
72,907	-85,55	-0,125	NAN	
73,008	-85,55	-0,13	NAN	
73,107	-85,55	-0,125	NAN	
73,207	-85,55	-0,13	NAN	
73,307	-85,5	-0,13	NAN	
73,407	-85,55	-0,125	NAN	
73,507	-85,5	-0,13	NAN	
73,607	-85,5	-0,125	NAN	
73,707	-85,55	-0,125	NAN	
73,807	-85,5	-0,135	NAN	
73,907	-85,5	-0,13	NAN	
74,007	-85,5	-0,135	NAN	
74,107	-85,5	-0,13	NAN	
74,207	-85,45	-0,13	NAN	
74,307	-85,45	-0,13	NAN	
74,407	-85,45	-0,125	NAN	
74,507	-85,45	-0,125	NAN	
74,607	-85,5	-0,13	NAN	
74,707	-85,45	-0,13	NAN	
74,807	-85,4	-0,125	NAN	
74,907	-85,4	-0,125	NAN	
75,007	-85,4	-0,13	NAN	
75,107	-85,4	-0,13	NAN	
75,207	-85,4	-0,125	NAN	
75,307	-85,4	-0,125	NAN	
75,407	-85,4	-0,125	NAN	
75,507	-85,4	-0,13	NAN	
75,607	-85,35	-0,13	NAN	
75,707	-85,4	-0,125	NAN	
75,8	-85,35	-0,13	NAN	
75,9	-85,35	-0,125	NAN	
76	-85,35	-0,13	NAN	
76,1	-85,35	-0,13	NAN	
76,2	-85,35	-0,13	NAN	
76,3	-85,35	-0,13	NAN	
76,4	-85,35	-0,13	NAN	
76,5	-85,35	-0,125	NAN	
76,6	-85,3	-0,13	NAN	
76,7	-85,3	-0,13	NAN	
76,8	-85,3	-0,13	NAN	
76,9	-85,3	-0,13	NAN	
77	-85,3	-0,125	NAN	
77,1	-85,3	-0,13	NAN	
77,2	-85,3	-0,13	NAN	
77,3	-85,25	-0,13	NAN	
77,4	-85,25	-0,13	NAN	
77,5	-85,25	-0,13	NAN	
77,6	-85,25	-0,13	NAN	
77,7	-85,25	-0,13	NAN	
77,8	-85,25	-0,13	NAN	
77,9	-85,25	-0,13	NAN	
78	-85,25	-0,13	NAN	
78,1	-85,25	-0,125	NAN	
78,2	-85,25	-0,125	NAN	
78,3	-85,2	-0,13	NAN	
78,4	-85,25	-0,13	NAN	
78,5	-85,2	-0,13	NAN	
78,6	-85,2	-0,13	NAN	
78,712	-85,15	-0,13	NAN	
78,801	-85,2	-0,13	NAN	
78,901	-85,2	-0,13	NAN	
79,001	-85,2	-0,13	NAN	
79,101	-85,15	-0,13	NAN	
79,201	-85,15	-0,125	NAN	
79,301	-85,15	-0,13	NAN	
79,401	-85,15	-0,125	NAN	
79,502	-85,15	-0,13	NAN	
79,601	-85,15	-0,13	NAN	
79,701	-85,15	-0,13	NAN	
79,801	-85,2	-0,13	NAN	
79,901	-85,15	-0,13	NAN	
80,002	-85,1	-0,125	NAN	
80,101	-85,1	-0,13	NAN	
80,201	-85,1	-0,13	NAN	
80,301	-85,15	-0,135	NAN	
80,401	-85,1	-0,13	NAN	
80,502	-85,15	-0,13	NAN	
80,601	-85,1	-0,13	NAN	
80,701	-85,1	-0,13	NAN	
80,801	-85,05	-0,125	NAN	
80,901	-85,05	-0,13	NAN	
81,002	-85,05	-0,125	NAN	
81,101	-85,1	-0,13	NAN	
81,202	-85,1	-0,13	NAN	
81,301	-85,05	-0,125	NAN	
81,401	-85,05	-0,13	NAN	
81,5	-85,05	-0,13	NAN	
81,6	-85,05	-0,13	NAN	
81,7	-85,05	-0,13	NAN	
81,8	-85,05	-0,13	NAN	
81,9	-85	-0,13	NAN	
82	-85	-0,125	NAN	
82,1	-85,05	-0,13	NAN	
82,2	-85	-0,125	NAN	
82,3	-85	-0,13	NAN	
82,4	-85	-0,13	NAN	
82,5	-85	-0,13	NAN	
82,6	-85	-0,125	NAN	
82,7	-85	-0,125	NAN	
82,8	-85	-0,13	NAN	
82,9	-84,95	-0,125	NAN	
83	-84,95	-0,125	NAN	
83,1	-84,95	-0,13	NAN	
83,201	-84,95	-0,125	NAN	
83,3	-84,95	-0,13	NAN	
83,4	-84,95	-0,13	NAN	
83,5	-84,95	-0,125	NAN	
83,6	-84,95	-0,13	NAN	
83,7	-84,95	-0,13	NAN	
83,8	-84,9	-0,13	NAN	
83,9	-84,9	-0,125	NAN	
84	-84,95	-0,125	NAN	
84,1	-84,9	-0,13	NAN	
84,2	-84,9	-0,13	NAN	
84,3	-84,85	-0,13	NAN	
84,4	-84,9	-0,125	NAN	
84,5	-84,9	-0,13	NAN	
84,6	-84,85	-0,13	NAN	
84,7	-84,9	-0,125	NAN	
84,8	-84,9	-0,13	NAN	
84,9	-84,85	-0,13	NAN	
85	-84,85	-0,13	NAN	
85,1	-84,85	-0,13	NAN	
85,2	-84,9	-0,13	NAN	
85,3	-84,85	-0,125	NAN	
85,4	-84,85	-0,13	NAN	
85,5	-84,85	-0,125	NAN	
85,6	-84,8	-0,125	NAN	
85,7	-84,85	-0,12	NAN	
85,8	-84,85	-0,13	NAN	
85,9	-84,8	-0,13	NAN	
86	-84,8	-0,125	NAN	
86,1	-84,8	-0,125	NAN	
86,2	-84,8	-0,125	NAN	
86,3	-84,8	-0,13	NAN	
86,4	-84,8	-0,13	NAN	
86,5	-84,8	-0,125	NAN	
86,6	-84,75	-0,13	NAN	
86,7	-84,75	-0,13	NAN	
86,8	-84,75	-0,13	NAN	
86,9	-84,8	-0,13	NAN	
87	-84,8	-0,13	NAN	
87,1	-84,75	-0,125	NAN	
87,2	-84,7	-0,125	NAN	
87,3	-84,75	-0,125	NAN	
87,4	-84,75	-0,13	NAN	
87,5	-84,7	-0,13	NAN	
87,6	-84,75	-0,13	NAN	
87,7	-84,75	-0,13	NAN	
87,8	-84,75	-0,125	NAN	
87,9	-84,7	-0,125	NAN	
88	-84,7	-0,13	NAN	
88,1	-84,7	-0,13	NAN	
88,2	-84,7	-0,125	NAN	
88,3	-84,7	-0,13	NAN	
88,4	-84,7	-0,13	NAN	
88,5	-84,7	-0,13	NAN	
88,6	-84,7	-0,13	NAN	
88,7	-84,65	-0,13	NAN	
88,8	-84,7	-0,125	NAN	
88,9	-84,7	-0,13	NAN	
89	-84,7	-0,13	NAN	
89,1	-84,65	-0,125	NAN	
89,2	-84,65	-0,13	NAN	
89,3	-84,65	-0,13	NAN	
89,4	-84,65	-0,13	NAN	
89,5	-84,65	-0,125	NAN	
89,6	-84,65	-0,13	NAN	
89,7	-84,65	-0,13	NAN	
89,8	-84,65	-0,125	NAN	
89,9	-84,6	-0,125	NAN	
90	-84,65	-0,13	NAN	
90,1	-84,65	-0,13	NAN	
90,2	-84,6	-0,13	NAN	
90,3	-84,65	-0,13	NAN	
90,4	-84,6	-0,125	NAN	
90,5	-84,6	-0,13	NAN	
90,6	-84,6	-0,13	NAN	
90,7	-84,6	-0,13	NAN	
90,8	-84,6	-0,13	NAN	
90,9	-84,6	-0,13	NAN	
91	-84,6	-0,125	NAN	
91,1	-84,55	-0,13	NAN	
91,2	-84,6	-0,13	NAN	
91,3	-84,6	-0,125	NAN	
91,4	-84,55	-0,13	NAN	
91,5	-84,55	-0,125	NAN	
91,6	-84,55	-0,13	NAN	
91,7	-84,55	-0,13	NAN	
91,8	-84,55	-0,13	NAN	
91,9	-84,55	-0,125	NAN	
92	-84,55	-0,13	NAN	
92,1	-84,55	-0,13	NAN	
92,2	-84,55	-0,125	NAN	
92,3	-84,5	-0,125	NAN	
92,4	-84,5	-0,125	NAN	
92,5	-84,55	-0,13	NAN	
92,6	-84,5	-0,13	NAN	
92,7	-84,55	-0,125	NAN	
92,8	-84,5	-0,13	NAN	
92,9	-84,5	-0,13	NAN	
93	-84,45	-0,13	NAN	
93,1	-84,5	-0,13	NAN	
93,2	-84,55	-0,13	NAN	
93,3	-84,45	-0,125	NAN	
93,4	-84,45	-0,13	NAN	
93,5	-84,5	-0,13	NAN	
93,6	-84,45	-0,115	NAN	
93,7	-84,45	-0,125	NAN	
93,8	-84,45	-0,13	NAN	
93,9	-84,45	-0,13	NAN	
94	-84,45	-0,13	NAN	
94,1	-84,45	-0,13	NAN	
94,2	-84,45	-0,125	NAN	
94,3	-84,5	-0,13	NAN	
94,4	-84,45	-0,125	NAN	
94,5	-84,45	-0,13	NAN	
94,6	-84,45	-0,13	NAN	
94,7	-84,45	-0,125	NAN	
94,8	-84,45	-0,13	NAN	
94,9	-84,4	-0,125	NAN	
95	-84,4	-0,125	NAN	
95,1	-84,45	-0,13	NAN	
95,2	-84,4	-0,13	NAN	
95,3	-84,45	-0,125	NAN	
95,4	-84,4	-0,13	NAN	
95,5	-84,4	-0,125	NAN	
95,6	-84,4	-0,12	NAN	
95,7	-84,4	-0,125	NAN	
95,8	-84,4	-0,125	NAN	
95,9	-84,35	-0,135	NAN	
96	-84,35	-0,13	NAN	
96,1	-84,35	-0,13	NAN	
96,2	-84,4	-0,13	NAN	
96,3	-84,35	-0,13	NAN	
96,4	-84,35	-0,13	NAN	
96,5	-84,35	-0,13	NAN	
96,6	-84,35	-0,13	NAN	
96,7	-84,35	-0,125	NAN	
96,8	-84,35	-0,125	NAN	
96,9	-84,35	-0,13	NAN	
97	-84,35	-0,125	NAN	
97,1	-84,35	-0,125	NAN	
97,2	-84,35	-0,13	NAN	
97,3	-84,35	-0,13	NAN	
97,4	-84,3	-0,125	NAN	
97,5	-84,3	-0,125	NAN	
97,6	-84,3	-0,125	NAN	
97,7	-84,3	-0,125	NAN	
97,8	-84,3	-0,13	NAN	
97,9	-84,3	-0,125	NAN	
98	-84,3	-0,13	NAN	
98,1	-84,25	-0,115	NAN	
98,2	-84,3	-0,13	NAN	
98,3	-84,3	-0,13	NAN	
98,4	-84,3	-0,13	NAN	
98,5	-84,3	-0,13	NAN	
98,6	-84,3	-0,13	NAN	
98,7	-84,3	-0,125	NAN	
98,8	-84,25	-0,13	NAN	
98,9	-84,25	-0,125	NAN	
99	-84,25	-0,13	NAN	
99,1	-84,25	-0,125	NAN	
99,2	-84,25	-0,13	NAN	
99,3	-84,3	-0,13	NAN	
99,4	-84,3	-0,13	NAN	
99,5	-84,25	-0,13	NAN	
99,6	-84,3	-0,13	NAN	
99,7	-84,25	-0,13	NAN	
99,8	-84,25	-0,13	NAN	
99,9	-84,25	-0,13	NAN	
100	-84,2	-0,13	NAN	
100,1	-84,25	-0,13	NAN	
100,2	-84,25	-0,13	NAN	
100,3	-84,2	-0,13	NAN	
100,4	-84,25	-0,12	NAN	
100,5	-84,2	-0,13	NAN	
100,6	-84,2	-0,13	NAN	
100,7	-84,2	-0,13	NAN	
100,8	-84,2	-0,125	NAN	
100,9	-84,2	-0,125	NAN	
101	-84,2	-0,13	NAN	
101,1	-84,15	-0,13	NAN	
101,2	-84,2	-0,13	NAN	
101,3	-84,15	-0,125	NAN	
101,4	-84,15	-0,125	NAN	
101,5	-84,2	-0,13	NAN	
101,6	-84,15	-0,13	NAN	
101,7	-84,15	-0,12	NAN	
101,8	-84,15	-0,13	NAN	
101,9	-84,15	-0,13	NAN	
102	-84,15	-0,12	NAN	
102,1	-84,1	-0,13	NAN	
102,2	-84,15	-0,13	NAN	
102,3	-84,15	-0,13	NAN	
102,4	-84,15	-0,13	NAN	
102,5	-84,15	-0,13	NAN	
102,6	-84,15	-0,13	NAN	
102,7	-84,15	-0,125	NAN	
102,8	-84,1	-0,13	NAN	
102,9	-84,1	-0,125	NAN	
103	-84,15	-0,13	NAN	
103,1	-84,1	-0,13	NAN	
103,2	-84,1	-0,125	NAN	
103,3	-84,1	-0,125	NAN	
103,4	-84,15	-0,12	NAN	
103,5	-84,1	-0,13	NAN	
103,6	-84,1	-0,125	NAN	
103,7	-84,1	-0,125	NAN	
103,8	-84,15	-0,125	NAN	
103,9	-84,1	-0,13	NAN	
104	-84,05	-0,125	NAN	
104,1	-84,05	-0,13	NAN	
104,2	-84,1	-0,125	NAN	
104,3	-84,1	-0,13	NAN	
104,4	-84,1	-0,13	NAN	
104,5	-84,05	-0,13	NAN	
104,6	-84,1	-0,13	NAN	
104,7	-84,05	-0,125	NAN	
104,8	-84,05	-0,13	NAN	
104,9	-84,05	-0,13	NAN	
105	-84,05	-0,125	NAN	
105,1	-84,05	-0,125	NAN	
105,2	-84,05	-0,125	NAN	
105,3	-84	-0,125	NAN	
105,4	-84,05	-0,125	NAN	
105,5	-84,05	-0,13	NAN	
105,6	-84,05	-0,125	NAN	
105,7	-84	-0,13	NAN	
105,8	-84,05	-0,125	NAN	
105,9	-84	-0,125	NAN	
106	-84,05	-0,13	NAN	
106,1	-84,05	-0,13	NAN	
106,2	-84	-0,13	NAN	
106,3	-84,05	-0,125	NAN	
106,4	-84	-0,12	NAN	
106,5	-84	-0,13	NAN	
106,6	-84	-0,13	NAN	
106,7	-83,95	-0,13	NAN	
106,8	-84	-0,125	NAN	
106,9	-83,95	-0,125	NAN	
107	-84	-0,13	NAN	
107,1	-83,95	-0,13	NAN	
107,2	-83,95	-0,13	NAN	
107,3	-84	-0,13	NAN	
107,4	-84	-0,125	NAN	
107,5	-83,95	-0,125	NAN	
107,6	-83,95	-0,125	NAN	
107,7	-83,95	-0,13	NAN	
107,8	-83,95	-0,13	NAN	
107,9	-83,95	-0,13	NAN	
108	-83,95	-0,125	NAN	
108,1	-83,9	-0,13	NAN	
108,2	-83,95	-0,13	NAN	
108,3	-83,95	-0,125	NAN	
108,4	-83,95	-0,13	NAN	
108,5	-83,95	-0,13	NAN	
108,6	-83,85	-0,125	NAN	
108,7	-83,9	-0,125	NAN	
108,8	-83,9	-0,135	NAN	
108,9	-83,9	-0,125	NAN	
109	-83,9	-0,125	NAN	
109,1	-83,9	-0,13	NAN	
109,2	-83,9	-0,13	NAN	
109,3	-83,9	-0,125	NAN	
109,4	-83,9	-0,135	NAN	
109,5	-83,85	-0,13	NAN	
109,6	-83,85	-0,125	NAN	
109,7	-83,85	-0,13	NAN	
109,8	-83,9	-0,13	NAN	
109,9	-83,85	-0,13	NAN	
110	-83,9	-0,13	NAN	
110,1	-83,9	-0,125	NAN	
110,2	-83,85	-0,13	NAN	
110,3	-83,85	-0,13	NAN	
110,4	-83,85	-0,125	NAN	
110,5	-83,85	-0,13	NAN	
110,6	-83,85	-0,13	NAN	
110,7	-83,85	-0,125	NAN	
110,8	-83,85	-0,12	NAN	
110,9	-83,85	-0,13	NAN	
111	-83,85	-0,13	NAN	
111,1	-83,85	-0,125	NAN	
111,2	-83,8	-0,13	NAN	
111,3	-83,85	-0,135	NAN	
111,4	-83,8	-0,125	NAN	
111,5	-83,8	-0,13	NAN	
111,6	-83,8	-0,13	NAN	
111,7	-83,85	-0,125	NAN	
111,8	-83,8	-0,13	NAN	
111,9	-83,8	-0,125	NAN	
112	-83,8	-0,13	NAN	
112,1	-83,8	-0,13	NAN	
112,2	-83,8	-0,13	NAN	
112,3	-83,8	-0,125	NAN	
112,4	-83,8	-0,13	NAN	
112,5	-83,8	-0,125	NAN	
112,6	-83,8	-0,12	NAN	
112,7	-83,8	-0,125	NAN	
112,8	-83,75	-0,13	NAN	
112,9	-83,8	-0,13	NAN	
113	-83,8	-0,125	NAN	
113,1	-83,8	-0,125	NAN	
113,2	-83,75	-0,13	NAN	
113,3	-83,75	-0,13	NAN	
113,4	-83,75	-0,125	NAN	
113,5	-83,75	-0,13	NAN	
113,6	-83,75	-0,135	NAN	
113,7	-83,75	-0,13	NAN	
113,8	-83,75	-0,125	NAN	
113,9	-83,75	-0,125	NAN	
114	-83,75	-0,13	NAN	
114,1	-83,75	-0,13	NAN	
114,2	-83,75	-0,13	NAN	
114,3	-83,75	-0,13	NAN	
114,4	-83,75	-0,125	NAN	
114,5	-83,75	-0,125	NAN	
114,6	-83,7	-0,125	NAN	
114,7	-83,75	-0,13	NAN	
114,8	-83,7	-0,13	NAN	
114,9	-83,7	-0,13	NAN	
115	-83,75	-0,125	NAN	
115,1	-83,7	-0,12	NAN	
115,2	-83,75	-0,13	NAN	
115,3	-83,7	-0,13	NAN	
115,4	-83,7	-0,13	NAN	
115,5	-83,7	-0,125	NAN	
115,6	-83,7	-0,125	NAN	
115,7	-83,7	-0,13	NAN	
115,8	-83,7	-0,13	NAN	
115,9	-83,75	-0,125	NAN	
116	-83,65	-0,13	NAN	
116,1	-83,7	-0,13	NAN	
116,2	-83,7	-0,13	NAN	
116,3	-83,65	-0,13	NAN	
116,4	-83,7	-0,13	NAN	
116,5	-83,7	-0,13	NAN	
116,6	-83,65	-0,125	NAN	
116,7	-83,7	-0,125	NAN	
116,8	-83,65	-0,125	NAN	
116,9	-83,7	-0,125	NAN	
117	-83,7	-0,13	NAN	
117,1	-83,65	-0,13	NAN	
117,2	-83,65	-0,13	NAN	
117,3	-83,7	-0,13	NAN	
117,4	-83,65	-0,13	NAN	
117,5	-83,65	-0,125	NAN	
117,6	-83,65	-0,13	NAN	
117,7	-83,65	-0,13	NAN	
117,8	-83,6	-0,125	NAN	
117,9	-83,65	-0,125	NAN	
118	-83,6	-0,13	NAN	
118,1	-83,65	-0,13	NAN	
118,2	-83,65	-0,125	NAN	
118,3	-83,65	-0,125	NAN	
118,4	-83,65	-0,13	NAN	
118,5	-83,6	-0,125	NAN	
118,6	-83,65	-0,13	NAN	
118,7	-83,6	-0,13	NAN	
118,8	-83,65	-0,13	NAN	
118,9	-83,6	-0,13	NAN	
119	-83,6	-0,125	NAN	
119,1	-83,6	-0,13	NAN	
119,2	-83,6	-0,125	NAN	
119,3	-83,55	-0,13	NAN	
119,4	-83,65	-0,125	NAN	
119,5	-83,6	-0,13	NAN	
119,6	-83,55	-0,13	NAN	
119,7	-83,6	-0,13	NAN	
119,8	-83,55	-0,125	NAN	
119,9	-83,6	-0,125	NAN	
120	-83,55	-0,125	NAN	
120,1	-83,55	-0,13	NAN	
120,2	-83,55	-0,125	NAN	
120,3	-83,55	-0,13	NAN	
120,4	-83,55	-0,13	NAN	
120,5	-83,55	-0,125	NAN	
120,6	-83,5	-0,125	NAN	
120,7	-83,55	-0,13	NAN	
120,8	-83,55	-0,125	NAN	
120,9	-83,6	-0,125	NAN	
121	-83,55	-0,125	NAN	
121,1	-83,55	-0,13	NAN	
121,2	-83,55	-0,13	NAN	
121,3	-83,55	-0,13	NAN	
121,4	-83,55	-0,13	NAN	
121,5	-83,5	-0,125	NAN	
121,6	-83,5	-0,13	NAN	
121,7	-83,5	-0,125	NAN	
121,8	-83,5	-0,13	NAN	
121,9	-83,5	-0,12	NAN	
122	-83,55	-0,125	NAN	
122,1	-83,5	-0,13	NAN	
122,2	-83,5	-0,125	NAN	
122,3	-83,55	-0,125	NAN	
122,4	-83,5	-0,125	NAN	
122,5	-83,5	-0,13	NAN	
122,603	-83,5	-0,13	NAN	
122,704	-83,5	-0,13	NAN	
122,804	-83,5	-0,125	NAN	
122,903	-83,45	-0,125	NAN	
123,004	-83,5	-0,13	NAN	
123,103	-83,5	-0,125	NAN	
123,204	-83,5	-0,13	NAN	
123,304	-83,45	-0,13	NAN	
123,403	-83,45	-0,13	NAN	
123,504	-83,5	-0,13	NAN	
123,603	-83,5	-0,13	NAN	
123,704	-83,5	-0,125	NAN	
123,804	-83,45	-0,125	NAN	
123,903	-83,45	-0,13	NAN	
124,004	-83,45	-0,13	NAN	
124,103	-83,45	-0,125	NAN	
124,204	-83,5	-0,125	NAN	
124,315	-83,45	-0,13	NAN	
124,495	-83,45	-0,125	NAN	
124,504	-83,45	-0,13	NAN	
124,603	-83,45	-0,125	NAN	
124,704	-83,45	-0,13	NAN	
124,804	-83,45	-0,13	NAN	
124,903	-83,5	-0,13	NAN	
125,004	-83,45	-0,125	NAN	
125,103	-83,45	-0,125	NAN	
125,204	-83,45	-0,13	NAN	
125,304	-83,45	-0,13	NAN	
125,403	-83,45	-0,13	NAN	
125,504	-83,45	-0,13	NAN	
125,603	-83,45	-0,13	NAN	
125,704	-83,45	-0,13	NAN	
125,804	-83,45	-0,13	NAN	
125,903	-83,45	-0,13	NAN	
126,004	-83,4	-0,125	NAN	
126,103	-83,45	-0,125	NAN	
126,204	-83,45	-0,13	NAN	
126,304	-83,45	-0,125	NAN	
126,403	-83,4	-0,13	NAN	
126,504	-83,4	-0,13	NAN	
126,603	-83,4	-0,125	NAN	
126,704	-83,4	-0,135	NAN	
126,804	-83,4	-0,13	NAN	
126,903	-83,4	-0,125	NAN	
127,004	-83,4	-0,125	NAN	
127,103	-83,4	-0,125	NAN	
127,204	-83,4	-0,125	NAN	
127,304	-83,4	-0,13	NAN	
127,403	-83,4	-0,13	NAN	
127,504	-83,35	-0,13	NAN	
127,604	-83,4	-0,125	NAN	
127,704	-83,4	-0,13	NAN	
127,804	-83,4	-0,125	NAN	
127,903	-83,35	-0,13	NAN	
128,004	-83,35	-0,13	NAN	
128,104	-83,35	-0,125	NAN	
128,204	-83,35	-0,125	NAN	
128,304	-83,35	-0,13	NAN	
128,403	-83,35	-0,13	NAN	
128,504	-83,4	-0,13	NAN	
128,604	-83,35	-0,13	NAN	
128,704	-83,35	-0,125	NAN	
128,804	-83,35	-0,125	NAN	
128,903	-83,35	-0,13	NAN	
129,004	-83,35	-0,125	NAN	
129,104	-83,35	-0,125	NAN	
129,204	-83,35	-0,125	NAN	
129,304	-83,35	-0,13	NAN	
129,403	-83,3	-0,125	NAN	
129,504	-83,35	-0,13	NAN	
129,604	-83,3	-0,13	NAN	
129,704	-83,35	-0,125	NAN	
129,804	-83,35	-0,13	NAN	
129,903	-83,3	-0,13	NAN	
130,004	-83,3	-0,125	NAN	
130,104	-83,3	-0,125	NAN	
130,204	-83,3	-0,13	NAN	
130,304	-83,35	-0,13	NAN	
130,403	-83,3	-0,125	NAN	
130,504	-83,3	-0,125	NAN	
130,604	-83,3	-0,13	NAN	
130,704	-83,3	-0,13	NAN	
130,804	-83,3	-0,125	NAN	
130,903	-83,3	-0,13	NAN	
131,004	-83,35	-0,125	NAN	
131,104	-83,3	-0,13	NAN	
131,204	-83,3	-0,13	NAN	
131,304	-83,3	-0,13	NAN	
131,403	-83,25	-0,125	NAN	
131,504	-83,3	-0,125	NAN	
131,604	-83,3	-0,13	NAN	
131,704	-83,25	-0,125	NAN	
131,804	-83,3	-0,13	NAN	
131,904	-83,3	-0,125	NAN	
132,004	-83,3	-0,125	NAN	
132,104	-83,25	-0,125	NAN	
132,204	-83,25	-0,125	NAN	
132,304	-83,3	-0,125	NAN	
132,403	-83,25	-0,13	NAN	
132,504	-83,25	-0,13	NAN	
132,604	-83,25	-0,13	NAN	
132,704	-83,3	-0,13	NAN	
132,804	-83,25	-0,125	NAN	
132,903	-83,25	-0,13	NAN	
133,004	-83,25	-0,13	NAN	
133,104	-83,25	-0,13	NAN	
133,204	-83,25	-0,13	NAN	
133,304	-83,25	-0,125	NAN	
133,403	-83,25	-0,13	NAN	
133,504	-83,25	-0,13	NAN	
133,604	-83,25	-0,13	NAN	
133,704	-83,25	-0,125	NAN	
133,804	-83,25	-0,125	NAN	
133,903	-83,25	-0,125	NAN	
134,004	-83,25	-0,125	NAN	
134,104	-83,25	-0,13	NAN	
134,204	-83,25	-0,125	NAN	
134,304	-83,25	-0,13	NAN	
134,409	-83,3	-0,125	NAN	
134,504	-83,25	-0,125	NAN	
134,604	-83,25	-0,13	NAN	
134,704	-83,2	-0,13	NAN	
134,804	-83,2	-0,125	NAN	
134,904	-83,25	-0,13	NAN	
135,004	-83,2	-0,125	NAN	
135,104	-83,25	-0,13	NAN	
135,204	-83,25	-0,13	NAN	
135,304	-83,25	-0,13	NAN	
135,406	-83,2	-0,13	NAN	
135,504	-83,2	-0,125	NAN	
135,604	-83,2	-0,13	NAN	
135,704	-83,2	-0,13	NAN	
135,804	-83,15	-0,13	NAN	
135,904	-83,2	-0,125	NAN	
136,004	-83,2	-0,13	NAN	
136,104	-83,15	-0,125	NAN	
136,204	-83,2	-0,125	NAN	
136,304	-83,2	-0,13	NAN	
136,404	-83,15	-0,13	NAN	
136,504	-83,15	-0,13	NAN	
136,604	-83,15	-0,13	NAN	
136,704	-83,15	-0,125	NAN	
136,804	-83,15	-0,13	NAN	
136,904	-83,15	-0,125	NAN	
137,004	-83,2	-0,125	NAN	
137,104	-83,15	-0,13	NAN	
137,204	-83,15	-0,13	NAN	
137,304	-83,15	-0,13	NAN	
137,404	-83,1	-0,13	NAN	
137,504	-83,1	-0,13	NAN	
137,604	-83,15	-0,125	NAN	
137,704	-83,15	-0,13	NAN	
137,804	-83,15	-0,13	NAN	
137,904	-83,15	-0,13	NAN	
138,004	-83,1	-0,125	NAN	
138,104	-83,15	-0,13	NAN	
138,204	-83,1	-0,13	NAN	
138,304	-83,1	-0,125	NAN	
138,404	-83,15	-0,13	NAN	
138,504	-83,15	-0,125	NAN	
138,604	-83,15	-0,13	NAN	
138,704	-83,15	-0,13	NAN	
138,804	-83,1	-0,125	NAN	
138,904	-83,1	-0,13	NAN	
139,004	-83,1	-0,125	NAN	
139,104	-83,1	-0,13	NAN	
139,204	-83,15	-0,13	NAN	
139,304	-83,15	-0,13	NAN	
139,404	-83,1	-0,13	NAN	
139,504	-83,1	-0,13	NAN	
139,604	-83,1	-0,13	NAN	
139,704	-83,1	-0,125	NAN	
139,804	-83,1	-0,13	NAN	
139,904	-83,1	-0,13	NAN	
140,004	-83,1	-0,125	NAN	
140,104	-83,1	-0,125	NAN	
140,204	-83,1	-0,13	NAN	
140,304	-83,05	-0,125	NAN	
140,404	-83,1	-0,13	NAN	
140,504	-83,1	-0,125	NAN	
140,604	-83,1	-0,125	NAN	
140,704	-83,05	-0,13	NAN	
140,804	-83,1	-0,125	NAN	
140,904	-83,05	-0,13	NAN	
141,004	-83,05	-0,13	NAN	
141,104	-83,05	-0,125	NAN	
141,205	-83,05	-0,125	NAN	
141,304	-83,05	-0,13	NAN	
141,404	-83,05	-0,13	NAN	
141,504	-83,05	-0,13	NAN	
141,604	-83,1	-0,13	NAN	
141,705	-83,05	-0,13	NAN	
141,804	-83,05	-0,13	NAN	
141,904	-83,05	-0,125	NAN	
142,004	-83,05	-0,125	NAN	
142,104	-83,05	-0,13	NAN	
142,205	-83,05	-0,125	NAN	
142,304	-83,1	-0,13	NAN	
142,404	-83,1	-0,125	NAN	
142,504	-83,05	-0,125	NAN	
142,604	-83,05	-0,125	NAN	
142,705	-83,1	-0,13	NAN	
142,804	-83,05	-0,125	NAN	
142,904	-83,05	-0,13	NAN	
143,004	-83,05	-0,125	NAN	
143,104	-83,05	-0,125	NAN	
143,205	-83,05	-0,125	NAN	
143,304	-83	-0,13	NAN	
143,404	-83,05	-0,125	NAN	
143,504	-83,05	-0,125	NAN	
143,604	-83,05	-0,125	NAN	
143,705	-83,1	-0,125	NAN	
143,804	-83,05	-0,125	NAN	
143,904	-83,05	-0,13	NAN	
144,004	-83,05	-0,13	NAN	
144,104	-83,05	-0,125	NAN	
144,205	-83,05	-0,125	NAN	
144,304	-83,05	-0,125	NAN	
144,404	-83,05	-0,13	NAN	
144,504	-83,05	-0,13	NAN	
144,604	-83,05	-0,13	NAN	
144,705	-83	-0,13	NAN	
144,804	-83,05	-0,125	NAN	
144,904	-83,05	-0,13	NAN	
145,004	-83,05	-0,13	NAN	
145,104	-83	-0,13	NAN	
145,205	-83	-0,13	NAN	
145,304	-83	-0,125	NAN	
145,404	-83,05	-0,13	NAN	
145,504	-83	-0,125	NAN	
145,604	-83	-0,125	NAN	
145,705	-83	-0,13	NAN	
145,804	-83	-0,13	NAN	
145,904	-83	-0,13	NAN	
146,004	-83,05	-0,13	NAN	
146,104	-83	-0,13	NAN	
146,205	-83	-0,13	NAN	
146,304	-82,95	-0,125	NAN	
146,404	-83	-0,13	NAN	
146,504	-83	-0,125	NAN	
146,604	-83	-0,125	NAN	
146,705	-83	-0,125	NAN	
146,804	-83	-0,125	NAN	
146,904	-83,05	-0,115	NAN	
147,004	-83	-0,13	NAN	
147,104	-83	-0,13	NAN	
147,205	-83	-0,13	NAN	
147,304	-83	-0,125	NAN	
147,404	-82,95	-0,125	NAN	
147,504	-83	-0,125	NAN	
147,604	-83	-0,125	NAN	
147,705	-82,95	-0,125	NAN	
147,804	-82,95	-0,13	NAN	
147,904	-83	-0,125	NAN	
148,005	-83	-0,13	NAN	
148,104	-83	-0,13	NAN	
148,205	-83	-0,125	NAN	
148,304	-82,95	-0,125	NAN	
148,404	-82,95	-0,13	NAN	
148,505	-82,95	-0,125	NAN	
148,604	-82,95	-0,13	NAN	
148,705	-82,95	-0,125	NAN	
148,804	-82,95	-0,13	NAN	
148,904	-82,95	-0,125	NAN	
149,005	-82,95	-0,13	NAN	
149,104	-82,95	-0,13	NAN	
149,455	-82,95	-0,125	NAN	
149,467	-82,95	-0,125	NAN	
149,478	-82,95	-0,13	NAN	
149,507	-82,95	-0,125	NAN	
149,607	-82,95	-0,125	NAN	
149,708	-82,95	-0,13	NAN	
149,807	-82,95	-0,13	NAN	
149,907	-82,95	-0,13	NAN	
150,007	-82,95	-0,125	NAN	
150,107	-82,9	-0,13	NAN	
150,208	-82,95	-0,13	NAN	
150,307	-82,95	-0,125	NAN	
150,407	-82,9	-0,125	NAN	
150,508	-82,95	-0,13	NAN	
150,607	-82,95	-0,125	NAN	
150,708	-82,95	-0,13	NAN	
150,807	-82,95	-0,125	NAN	
150,907	-82,9	-0,13	NAN	
151,008	-82,95	-0,13	NAN	
151,107	-82,9	-0,125	NAN	
151,208	-82,9	-0,125	NAN	
151,307	-82,9	-0,13	NAN	
151,407	-82,9	-0,125	NAN	
151,508	-82,95	-0,125	NAN	
151,607	-82,9	-0,13	NAN	
151,758	-82,95	-0,13	NAN	
151,808	-82,95	-0,125	NAN	
151,908	-82,9	-0,125	NAN	
152,009	-82,9	-0,13	NAN	
152,108	-82,9	-0,125	NAN	
152,209	-82,95	-0,13	NAN	
152,308	-82,9	-0,125	NAN	
152,408	-82,9	-0,13	NAN	
152,509	-82,9	-0,125	NAN	
152,608	-82,9	-0,13	NAN	
152,709	-82,9	-0,13	NAN	
152,808	-82,9	-0,13	NAN	
152,908	-82,9	-0,13	NAN	
153,009	-82,9	-0,125	NAN	
153,108	-82,9	-0,125	NAN	
153,209	-82,9	-0,125	NAN	
153,308	-82,9	-0,125	NAN	
153,408	-82,9	-0,13	NAN	
153,509	-82,9	-0,13	NAN	
153,608	-82,9	-0,13	NAN	
153,709	-82,85	-0,13	NAN	
153,808	-82,9	-0,13	NAN	
153,908	-82,9	-0,125	NAN	
154,009	-82,85	-0,125	NAN	
154,108	-82,85	-0,13	NAN	
154,209	-82,85	-0,125	NAN	
154,308	-82,85	-0,115	NAN	
154,408	-82,9	-0,13	NAN	
154,509	-82,9	-0,13	NAN	
154,608	-82,9	-0,13	NAN	
154,709	-82,85	-0,125	NAN	
154,808	-82,85	-0,13	NAN	
154,908	-82,85	-0,125	NAN	
155,009	-82,9	-0,13	NAN	
155,108	-82,9	-0,13	NAN	
155,209	-82,85	-0,13	NAN	
155,308	-82,85	-0,13	NAN	
155,408	-82,85	-0,13	NAN	
155,509	-82,9	-0,125	NAN	
155,608	-82,85	-0,13	NAN	
155,709	-82,85	-0,125	NAN	
155,808	-82,85	-0,125	NAN	
155,908	-82,85	-0,13	NAN	
156,009	-82,85	-0,125	NAN	
156,108	-82,85	-0,125	NAN	
156,209	-82,85	-0,125	NAN	
156,308	-82,85	-0,115	NAN	
156,408	-82,9	-0,13	NAN	
156,509	-82,85	-0,13	NAN	
156,608	-82,85	-0,125	NAN	
156,709	-82,85	-0,13	NAN	
156,808	-82,85	-0,125	NAN	
156,908	-82,8	-0,13	NAN	
157,009	-82,8	-0,125	NAN	
157,108	-82,85	-0,13	NAN	
157,209	-82,85	-0,13	NAN	
157,309	-82,85	-0,13	NAN	
157,408	-82,8	-0,13	NAN	
157,509	-82,85	-0,125	NAN	
157,608	-82,85	-0,13	NAN	
157,709	-82,85	-0,13	NAN	
157,809	-82,85	-0,13	NAN	
157,908	-82,8	-0,13	NAN	
158,009	-82,85	-0,125	NAN	
158,108	-82,85	-0,13	NAN	
158,209	-82,85	-0,125	NAN	
158,309	-82,85	-0,125	NAN	
158,408	-82,8	-0,125	NAN	
158,509	-82,8	-0,125	NAN	
158,608	-82,8	-0,13	NAN	
158,709	-82,8	-0,125	NAN	
158,809	-82,8	-0,125	NAN	
158,908	-82,8	-0,13	NAN	
159,009	-82,85	-0,125	NAN	
159,108	-82,85	-0,13	NAN	
159,209	-82,8	-0,13	NAN	
159,309	-82,8	-0,125	NAN	
159,408	-82,85	-0,13	NAN	
159,501	-82,8	-0,125	NAN	
159,608	-82,8	-0,13	NAN	
159,709	-82,8	-0,125	NAN	
159,809	-82,8	-0,125	NAN	
159,908	-82,8	-0,13	NAN	
160,009	-82,85	-0,125	NAN	
160,108	-82,8	-0,125	NAN	
160,209	-82,75	-0,13	NAN	
160,309	-82,8	-0,125	NAN	
160,408	-82,8	-0,13	NAN	
160,509	-82,8	-0,13	NAN	
160,608	-82,75	-0,13	NAN	
160,709	-82,75	-0,125	NAN	
160,809	-82,75	-0,125	NAN	
160,908	-82,75	-0,13	NAN	
161,009	-82,8	-0,13	NAN	
161,108	-82,85	-0,13	NAN	
161,209	-82,85	-0,13	NAN	
161,309	-82,8	-0,13	NAN	
161,589	-82,75	-0,13	NAN	
161,598	-82,8	-0,13	NAN	
161,611	-82,75	-0,13	NAN	
161,709	-82,8	-0,125	NAN	
161,809	-82,75	-0,13	NAN	
161,908	-82,75	-0,125	NAN	
162,009	-82,8	-0,125	NAN	
162,108	-82,75	-0,125	NAN	
162,209	-82,75	-0,13	NAN	
162,309	-82,75	-0,13	NAN	
162,408	-82,75	-0,13	NAN	
162,512	-82,75	-0,125	NAN	
162,684	-82,8	-0,125	NAN	
162,704	-82,8	-0,125	NAN	
162,805	-82,75	-0,125	NAN	
162,904	-82,8	-0,125	NAN	
163,005	-82,75	-0,13	NAN	
163,105	-82,75	-0,125	NAN	
163,205	-82,75	-0,125	NAN	
163,305	-82,75	-0,13	NAN	
163,404	-82,75	-0,125	NAN	
163,505	-82,8	-0,125	NAN	
163,605	-82,7	-0,125	NAN	
163,705	-82,7	-0,13	NAN	
163,805	-82,75	-0,125	NAN	
163,904	-82,7	-0,125	NAN	
164,005	-82,75	-0,13	NAN	
164,105	-82,75	-0,125	NAN	
164,205	-82,75	-0,13	NAN	
164,305	-82,75	-0,125	NAN	
164,404	-82,75	-0,125	NAN	
164,505	-82,7	-0,13	NAN	
164,605	-82,7	-0,13	NAN	
164,705	-82,7	-0,13	NAN	
164,805	-82,8	-0,13	NAN	
164,904	-82,75	-0,125	NAN	
165,005	-82,75	-0,125	NAN	
165,105	-82,7	-0,13	NAN	
165,205	-82,7	-0,125	NAN	
165,305	-82,75	-0,13	NAN	
165,404	-82,75	-0,13	NAN	
165,505	-82,7	-0,125	NAN	
165,605	-82,75	-0,125	NAN	
165,705	-82,75	-0,13	NAN	
165,805	-82,7	-0,13	NAN	
165,904	-82,7	-0,125	NAN	
166,005	-82,7	-0,125	NAN	
166,105	-82,7	-0,13	NAN	
166,205	-82,7	-0,125	NAN	
166,305	-82,7	-0,13	NAN	
166,404	-82,7	-0,125	NAN	
166,505	-82,7	-0,125	NAN	
166,605	-82,7	-0,13	NAN	
166,705	-82,7	-0,125	NAN	
166,805	-82,7	-0,13	NAN	
166,904	-82,65	-0,13	NAN	
167,005	-82,7	-0,125	NAN	
167,105	-82,7	-0,13	NAN	
167,205	-82,7	-0,125	NAN	
167,305	-82,7	-0,125	NAN	
167,404	-82,7	-0,125	NAN	
167,505	-82,7	-0,125	NAN	
167,605	-82,75	-0,125	NAN	
167,705	-82,7	-0,125	NAN	
167,805	-82,7	-0,125	NAN	
167,905	-82,7	-0,125	NAN	
168,005	-82,7	-0,125	NAN	
168,105	-82,7	-0,125	NAN	
168,205	-82,7	-0,125	NAN	
168,305	-82,7	-0,125	NAN	
168,405	-82,7	-0,125	NAN	
168,505	-82,7	-0,125	NAN	
168,605	-82,65	-0,125	NAN	
168,705	-82,65	-0,13	NAN	
168,805	-82,65	-0,125	NAN	
168,905	-82,7	-0,125	NAN	
169,005	-82,65	-0,13	NAN	
169,105	-82,7	-0,12	NAN	
169,205	-82,65	-0,13	NAN	
169,305	-82,65	-0,13	NAN	
169,405	-82,65	-0,13	NAN	
169,505	-82,7	-0,13	NAN	
169,605	-82,7	-0,13	NAN	
169,705	-82,65	-0,13	NAN	
169,805	-82,65	-0,12	NAN	
169,905	-82,65	-0,125	NAN	
170,005	-82,7	-0,13	NAN	
170,105	-82,65	-0,125	NAN	
170,205	-82,65	-0,13	NAN	
170,305	-82,65	-0,125	NAN	
170,405	-82,65	-0,125	NAN	
170,505	-82,7	-0,125	NAN	
170,605	-82,65	-0,13	NAN	
170,705	-82,65	-0,125	NAN	
170,805	-82,65	-0,13	NAN	
170,905	-82,65	-0,135	NAN	
171,005	-82,6	-0,13	NAN	
171,105	-82,65	-0,13	NAN	
171,205	-82,65	-0,13	NAN	
171,305	-82,65	-0,125	NAN	
171,405	-82,65	-0,13	NAN	
171,505	-82,65	-0,13	NAN	
171,605	-82,65	-0,125	NAN	
171,705	-82,6	-0,13	NAN	
171,805	-82,65	-0,13	NAN	
171,905	-82,6	-0,13	NAN	
172,005	-82,6	-0,125	NAN	
172,105	-82,65	-0,13	NAN	
172,205	-82,6	-0,125	NAN	
172,305	-82,6	-0,13	NAN	
172,405	-82,65	-0,125	NAN	
172,505	-82,6	-0,13	NAN	
172,605	-82,65	-0,13	NAN	
172,705	-82,65	-0,125	NAN	
172,805	-82,6	-0,125	NAN	
172,905	-82,6	-0,13	NAN	
173,005	-82,65	-0,115	NAN	
173,105	-82,65	-0,13	NAN	
173,205	-82,6	-0,13	NAN	
173,305	-82,65	-0,125	NAN	
173,405	-82,65	-0,125	NAN	
173,505	-82,6	-0,13	NAN	
173,605	-82,65	-0,125	NAN	
173,705	-82,6	-0,125	NAN	
173,805	-82,6	-0,12	NAN	
173,905	-82,6	-0,125	NAN	
174,005	-82,6	-0,125	NAN	
174,105	-82,6	-0,125	NAN	
174,205	-82,6	-0,125	NAN	
174,305	-82,6	-0,13	NAN	
174,405	-82,6	-0,125	NAN	
174,505	-82,6	-0,13	NAN	
174,605	-82,6	-0,13	NAN	
174,705	-82,55	-0,125	NAN	
174,805	-82,65	-0,135	NAN	
174,905	-82,6	-0,125	NAN	
175,005	-82,6	-0,125	NAN	
175,105	-82,6	-0,13	NAN	
175,206	-82,55	-0,13	NAN	
175,305	-82,6	-0,13	NAN	
175,405	-82,6	-0,125	NAN	
175,505	-82,6	-0,13	NAN	
175,605	-82,6	-0,13	NAN	
175,706	-82,6	-0,13	NAN	
175,805	-82,6	-0,125	NAN	
175,905	-82,6	-0,13	NAN	
176,005	-82,6	-0,13	NAN	
176,105	-82,6	-0,12	NAN	
176,206	-82,55	-0,13	NAN	
176,305	-82,55	-0,125	NAN	
176,405	-82,6	-0,125	NAN	
176,505	-82,6	-0,125	NAN	
176,605	-82,55	-0,13	NAN	
176,706	-82,6	-0,125	NAN	
176,805	-82,6	-0,125	NAN	
176,905	-82,55	-0,13	NAN	
177,005	-82,55	-0,13	NAN	
177,105	-82,55	-0,13	NAN	
177,206	-82,55	-0,13	NAN	
177,305	-82,6	-0,125	NAN	
177,405	-82,55	-0,13	NAN	
177,505	-82,55	-0,13	NAN	
177,605	-82,55	-0,125	NAN	
177,706	-82,6	-0,135	NAN	
177,805	-82,55	-0,125	NAN	
177,905	-82,55	-0,13	NAN	
178,005	-82,55	-0,125	NAN	
178,105	-82,55	-0,13	NAN	
178,206	-82,55	-0,125	NAN	
178,305	-82,55	-0,125	NAN	
178,405	-82,55	-0,13	NAN	
178,505	-82,5	-0,125	NAN	
178,605	-82,55	-0,13	NAN	
178,706	-82,55	-0,125	NAN	
178,805	-82,6	-0,13	NAN	
178,905	-82,55	-0,125	NAN	
179,005	-82,55	-0,125	NAN	
179,105	-82,55	-0,125	NAN	
179,206	-82,55	-0,125	NAN	
179,305	-82,5	-0,13	NAN	
179,405	-82,6	-0,13	NAN	
179,505	-82,5	-0,13	NAN	
179,605	-82,55	-0,13	NAN	
179,706	-82,5	-0,125	NAN	
179,805	-82,55	-0,13	NAN	
179,905	-82,55	-0,125	NAN	
180,005	-82,55	-0,12	NAN	
180,105	-82,5	-0,125	NAN	
180,206	-82,55	-0,13	NAN	
180,305	-82,55	-0,125	NAN	
180,405	-82,55	-0,13	NAN	
180,505	-82,55	-0,13	NAN	
180,605	-82,55	-0,12	NAN	
180,706	-82,55	-0,125	NAN	
180,805	-82,55	-0,125	NAN	
180,905	-82,5	-0,125	NAN	
181,005	-82,55	-0,125	NAN	
181,105	-82,55	-0,125	NAN	
181,206	-82,5	-0,13	NAN	
181,305	-82,5	-0,125	NAN	
181,405	-82,5	-0,125	NAN	
181,505	-82,5	-0,13	NAN	
181,605	-82,5	-0,13	NAN	
181,706	-82,5	-0,13	NAN	
181,805	-82,55	-0,13	NAN	
181,905	-82,5	-0,125	NAN	
182,006	-82,5	-0,12	NAN	
182,105	-82,55	-0,13	NAN	
182,206	-82,5	-0,13	NAN	
182,305	-82,5	-0,13	NAN	
182,405	-82,5	-0,13	NAN	
182,506	-82,5	-0,125	NAN	
182,605	-82,5	-0,13	NAN	
182,706	-82,5	-0,13	NAN	
182,805	-82,55	-0,125	NAN	
182,905	-82,55	-0,125	NAN	
183,006	-82,45	-0,125	NAN	
183,105	-82,5	-0,13	NAN	
183,206	-82,45	-0,125	NAN	
183,305	-82,55	-0,125	NAN	
183,405	-82,5	-0,125	NAN	
183,506	-82,5	-0,13	NAN	
183,605	-82,45	-0,125	NAN	
183,706	-82,5	-0,13	NAN	
183,805	-82,5	-0,125	NAN	
183,905	-82,5	-0,13	NAN	
184,006	-82,5	-0,13	NAN	
184,105	-82,5	-0,125	NAN	
184,206	-82,45	-0,13	NAN	
184,305	-82,5	-0,13	NAN	
184,405	-82,5	-0,13	NAN	
184,506	-82,5	-0,125	NAN	
184,605	-82,5	-0,13	NAN	
184,706	-82,45	-0,13	NAN	
184,805	-82,5	-0,13	NAN	
184,905	-82,45	-0,12	NAN	
185,006	-82,45	-0,125	NAN	
185,105	-82,5	-0,13	NAN	
185,206	-82,5	-0,12	NAN	
185,305	-82,45	-0,13	NAN	
185,405	-82,45	-0,125	NAN	
185,506	-82,45	-0,13	NAN	
185,605	-82,45	-0,125	NAN	
185,706	-82,45	-0,13	NAN	
185,805	-82,45	-0,125	NAN	
185,905	-82,45	-0,125	NAN	
186,006	-82,5	-0,13	NAN	
186,105	-82,45	-0,125	NAN	
186,206	-82,45	-0,125	NAN	
186,305	-82,45	-0,13	NAN	
186,405	-82,45	-0,13	NAN	
186,506	-82,45	-0,125	NAN	
186,607	-82,45	-0,125	NAN	
186,706	-82,45	-0,12	NAN	
186,805	-82,45	-0,125	NAN	
186,905	-82,45	-0,13	NAN	
187,006	-82,45	-0,125	NAN	
187,105	-82,45	-0,125	NAN	
187,206	-82,45	-0,12	NAN	
187,305	-82,4	-0,125	NAN	
187,405	-82,45	-0,125	NAN	
187,506	-82,45	-0,13	NAN	
187,605	-82,45	-0,11	NAN	
187,706	-82,4	-0,13	NAN	
187,805	-82,45	-0,13	NAN	
187,905	-82,45	-0,13	NAN	
188,006	-82,45	-0,13	NAN	
188,105	-82,45	-0,13	NAN	
188,206	-82,45	-0,125	NAN	
188,305	-82,45	-0,11	NAN	
188,405	-82,45	-0,125	NAN	
188,506	-82,45	-0,13	NAN	
188,605	-82,45	-0,125	NAN	
188,706	-82,45	-0,125	NAN	
188,806	-82,4	-0,125	NAN	
188,905	-82,45	-0,13	NAN	
189,006	-82,4	-0,13	NAN	
189,105	-82,45	-0,125	NAN	
189,206	-82,45	-0,125	NAN	
189,306	-82,45	-0,125	NAN	
189,405	-82,45	-0,125	NAN	
189,506	-82,4	-0,13	NAN	
189,605	-82,45	-0,13	NAN	
189,706	-82,4	-0,125	NAN	
189,806	-82,45	-0,115	NAN	
189,905	-82,4	-0,13	NAN	
190,006	-82,4	-0,13	NAN	
190,105	-82,4	-0,125	NAN	
190,206	-82,45	-0,13	NAN	
190,306	-82,4	-0,125	NAN	
190,405	-82,4	-0,13	NAN	
190,506	-82,4	-0,13	NAN	
190,605	-82,4	-0,125	NAN	
190,706	-82,4	-0,125	NAN	
190,806	-82,4	-0,13	NAN	
190,905	-82,45	-0,125	NAN	
191,006	-82,4	-0,13	NAN	
191,105	-82,45	-0,13	NAN	
191,206	-82,45	-0,125	NAN	
191,306	-82,4	-0,125	NAN	
191,405	-82,35	-0,13	NAN	
191,506	-82,4	-0,125	NAN	
191,605	-82,4	-0,125	NAN	
191,706	-82,35	-0,125	NAN	
191,806	-82,45	-0,13	NAN	
191,905	-82,4	-0,13	NAN	
192,006	-82,35	-0,125	NAN	
192,105	-82,4	-0,125	NAN	
192,206	-82,4	-0,13	NAN	
192,306	-82,4	-0,125	NAN	
192,405	-82,35	-0,125	NAN	
192,506	-82,4	-0,125	NAN	
192,605	-82,4	-0,125	NAN	
192,706	-82,4	-0,13	NAN	
192,806	-82,4	-0,125	NAN	
192,905	-82,4	-0,13	NAN	
193,006	-82,4	-0,13	NAN	
193,105	-82,4	-0,125	NAN	
193,206	-82,4	-0,13	NAN	
193,306	-82,35	-0,125	NAN	
193,405	-82,35	-0,125	NAN	
193,506	-82,4	-0,13	NAN	
193,605	-82,35	-0,125	NAN	
193,706	-82,4	-0,125	NAN	
193,806	-82,4	-0,125	NAN	
193,905	-82,35	-0,13	NAN	
194,006	-82,35	-0,13	NAN	
194,105	-82,35	-0,13	NAN	
194,206	-82,35	-0,125	NAN	
194,306	-82,4	-0,13	NAN	
194,405	-82,35	-0,13	NAN	
194,506	-82,35	-0,13	NAN	
194,605	-82,35	-0,125	NAN	
194,706	-82,35	-0,13	NAN	
194,806	-82,35	-0,125	NAN	
194,905	-82,35	-0,125	NAN	
195,006	-82,35	-0,13	NAN	
195,106	-82,35	-0,13	NAN	
195,206	-82,35	-0,13	NAN	
195,306	-82,35	-0,13	NAN	
195,405	-82,35	-0,13	NAN	
195,506	-82,35	-0,13	NAN	
195,606	-82,35	-0,125	NAN	
195,706	-82,35	-0,13	NAN	
195,806	-82,35	-0,12	NAN	
195,905	-82,3	-0,125	NAN	
196,006	-82,35	-0,13	NAN	
196,106	-82,3	-0,13	NAN	
196,206	-82,3	-0,125	NAN	
196,306	-82,3	-0,125	NAN	
196,405	-82,35	-0,12	NAN	
196,506	-82,35	-0,125	NAN	
196,606	-82,3	-0,125	NAN	
196,706	-82,35	-0,125	NAN	
196,806	-82,3	-0,13	NAN	
196,905	-82,35	-0,13	NAN	
197,006	-82,3	-0,125	NAN	
197,106	-82,3	-0,125	NAN	
197,206	-82,3	-0,13	NAN	
197,306	-82,3	-0,13	NAN	
197,405	-82,3	-0,125	NAN	
197,506	-82,35	-0,13	NAN	
197,606	-82,3	-0,125	NAN	
197,706	-82,3	-0,125	NAN	
197,806	-82,3	-0,12	NAN	
197,905	-82,35	-0,125	NAN	
198,006	-82,3	-0,125	NAN	
198,106	-82,35	-0,13	NAN	
198,206	-82,3	-0,13	NAN	
198,306	-82,3	-0,125	NAN	
198,405	-82,3	-0,125	NAN	
198,506	-82,35	-0,13	NAN	
198,606	-82,25	-0,13	NAN	
198,706	-82,3	-0,125	NAN	
198,806	-82,3	-0,125	NAN	
198,905	-82,3	-0,13	NAN	
199,006	-82,3	-0,125	NAN	
199,106	-82,3	-0,13	NAN	
199,206	-82,3	-0,13	NAN	
199,306	-82,3	-0,125	NAN	
199,405	-82,3	-0,125	NAN	
199,506	-82,25	-0,125	NAN	
199,606	-82,3	-0,13	NAN	
199,706	-82,35	-0,13	NAN	
199,806	-82,35	-0,125	NAN	
199,905	-82,3	-0,125	NAN	
200,006	-82,3	-0,13	NAN	
200,106	-82,3	-0,13	NAN	
200,206	-82,3	-0,13	NAN	
200,306	-82,3	-0,13	NAN	
200,405	-82,3	-0,125	NAN	
200,506	-82,3	-0,125	NAN	
200,606	-82,3	-0,125	NAN	
200,706	-82,25	-0,125	NAN	
200,806	-82,3	-0,125	NAN	
200,905	-82,25	-0,13	NAN	
201,006	-82,3	-0,13	NAN	
201,106	-82,25	-0,12	NAN	
201,206	-82,3	-0,125	NAN	
201,306	-82,3	-0,125	NAN	
201,405	-82,25	-0,125	NAN	
201,506	-82,25	-0,125	NAN	
201,606	-82,25	-0,13	NAN	
201,706	-82,25	-0,13	NAN	
201,806	-82,3	-0,13	NAN	
201,906	-82,25	-0,13	NAN	
202,006	-82,25	-0,13	NAN	
202,106	-82,25	-0,13	NAN	
202,206	-82,25	-0,13	NAN	
202,306	-82,25	-0,13	NAN	
202,406	-82,25	-0,13	NAN	
202,506	-82,25	-0,13	NAN	
202,606	-82,3	-0,125	NAN	
202,706	-82,25	-0,12	NAN	
202,806	-82,25	-0,13	NAN	
202,906	-82,25	-0,13	NAN	
