MIN=0	-10	-100	0	
MAX=226,27417	10	100	5	
SCALE=100	5	50	1	
DEC=1	2	1	3	
DEF="Zeit" t / s	"Spannung" U_A1 / V	"Spannung" U_B1 / mV	"Frequenz" f / Hz	
0	0,11	10,8	NAN	
0,1	0,11	10,65	NAN	
0,201	0,11	10,6	NAN	
0,301	0,11	10,45	NAN	
0,401	0,11	10,3	NAN	
0,501	0,11	10,2	NAN	
0,601	0,11	10,1	NAN	
0,701	0,11	9,95	NAN	
0,801	0,11	9,85	NAN	
0,901	0,11	9,75	NAN	
1,001	0,11	9,6	NAN	
1,101	0,11	9,5	NAN	
1,201	0,11	9,35	NAN	
1,301	0,11	9,25	NAN	
1,401	0,11	9,1	NAN	
1,501	0,11	9,1	NAN	
1,601	0,11	8,9	NAN	
1,701	0,11	8,75	NAN	
1,801	0,11	8,7	NAN	
1,901	0,11	8,55	NAN	
2,001	0,105	8,45	NAN	
2,101	0,105	8,3	NAN	
2,201	0,105	8,2	NAN	
2,301	0,105	8,1	NAN	
2,401	0,105	7,95	NAN	
2,501	0,105	7,85	NAN	
2,601	0,105	7,8	NAN	
2,701	0,105	7,65	NAN	
2,801	0,105	7,5	NAN	
2,901	0,105	7,4	NAN	
3,001	0,105	7,3	NAN	
3,101	0,105	7,2	NAN	
3,201	0,105	7,1	NAN	
3,301	0,105	6,95	NAN	
3,401	0,105	6,85	NAN	
3,501	0,105	6,75	NAN	
3,601	0,105	6,65	NAN	
3,701	0,105	6,55	NAN	
3,801	0,105	6,5	NAN	
3,901	0,105	6,4	NAN	
4,001	0,01	6,35	NAN	
4,101	0,01	6,2	NAN	
4,201	0,01	6,1	NAN	
4,301	0,01	6,05	NAN	
4,401	0,01	5,95	NAN	
4,501	0,01	5,9	NAN	
4,601	0,01	5,8	NAN	
4,701	0,01	5,8	NAN	
4,801	0,01	5,65	NAN	
4,901	0,01	5,6	NAN	
5,001	-0,22	5,5	NAN	
5,101	-0,22	5,5	NAN	
5,201	-0,22	5,4	NAN	
5,301	-0,22	5,35	NAN	
5,401	-0,22	5,3	NAN	
5,501	-0,22	5,25	NAN	
5,601	-0,22	5,2	NAN	
5,701	-0,22	5,15	NAN	
5,801	-0,22	5,1	NAN	
5,901	-0,22	5,05	NAN	
6,001	-0,52	5	NAN	
6,101	-0,52	4,95	NAN	
6,201	-0,52	4,9	NAN	
6,301	-0,52	4,9	NAN	
6,401	-0,52	4,85	NAN	
6,501	-0,52	4,8	NAN	
6,601	-0,52	4,75	NAN	
6,701	-0,52	4,75	NAN	
6,801	-0,52	4,75	NAN	
6,901	-0,52	4,65	NAN	
7,001	-0,775	4,65	NAN	
7,101	-0,775	4,6	NAN	
7,201	-0,775	4,55	NAN	
7,301	-0,775	4,55	NAN	
7,401	-0,775	4,55	NAN	
7,501	-0,775	4,5	NAN	
7,601	-0,775	4,5	NAN	
7,701	-0,775	4,45	NAN	
7,801	-0,775	4,45	NAN	
7,901	-0,775	4,4	NAN	
8,001	-0,975	4,4	NAN	
8,101	-0,975	4,35	NAN	
8,201	-0,975	4,35	NAN	
8,301	-0,975	4,3	NAN	
8,401	-0,975	4,3	NAN	
8,501	-0,975	4,3	NAN	
8,601	-0,975	4,25	NAN	
8,701	-0,975	4,25	NAN	
8,801	-0,975	4,25	NAN	
8,901	-0,975	4,25	NAN	
9,001	-1,12	4,2	NAN	
9,101	-1,12	4,2	NAN	
9,201	-1,12	4,15	NAN	
9,301	-1,12	4,15	NAN	
9,401	-1,12	4,15	NAN	
9,501	-1,12	4,1	NAN	
9,601	-1,12	4,1	NAN	
9,701	-1,12	4,05	NAN	
9,801	-1,12	4,05	NAN	
9,901	-1,12	4	NAN	
10,001	-1,235	4	NAN	
10,101	-1,235	4	NAN	
10,201	-1,235	3,95	NAN	
10,301	-1,235	3,95	NAN	
10,401	-1,235	3,95	NAN	
10,501	-1,235	3,95	NAN	
10,601	-1,235	3,9	NAN	
10,701	-1,235	3,9	NAN	
10,801	-1,235	3,9	NAN	
10,901	-1,235	3,9	NAN	
11,001	-1,4	3,85	NAN	
11,101	-1,4	3,9	NAN	
11,201	-1,4	3,9	NAN	
11,301	-1,4	3,9	NAN	
11,401	-1,4	3,9	NAN	
11,501	-1,4	3,9	NAN	
11,601	-1,4	3,9	NAN	
11,701	-1,4	3,85	NAN	
11,801	-1,4	3,9	NAN	
11,901	-1,4	3,9	NAN	
12,001	-1,54	3,9	NAN	
12,101	-1,54	3,9	NAN	
12,201	-1,54	3,9	NAN	
12,301	-1,54	3,9	NAN	
12,401	-1,54	3,9	NAN	
12,501	-1,54	3,9	NAN	
12,601	-1,54	3,95	NAN	
12,701	-1,54	3,9	NAN	
12,801	-1,54	3,9	NAN	
12,901	-1,54	3,9	NAN	
13,001	-1,665	3,95	NAN	
13,101	-1,665	3,95	NAN	
13,201	-1,665	3,95	NAN	
13,301	-1,665	3,95	NAN	
13,401	-1,665	4	NAN	
13,501	-1,665	4	NAN	
13,601	-1,665	4	NAN	
13,701	-1,665	4,05	NAN	
13,801	-1,665	4,05	NAN	
13,901	-1,665	4,05	NAN	
14,001	-1,795	4,1	NAN	
14,101	-1,795	4,1	NAN	
14,201	-1,795	4,1	NAN	
14,301	-1,795	4,1	NAN	
14,401	-1,795	4,15	NAN	
14,501	-1,795	4,15	NAN	
14,601	-1,795	4,15	NAN	
14,701	-1,795	4,2	NAN	
14,801	-1,795	4,2	NAN	
14,901	-1,795	4,25	NAN	
15,001	-1,92	4,25	NAN	
15,101	-1,92	4,3	NAN	
15,201	-1,92	4,3	NAN	
15,301	-1,92	4,3	NAN	
15,401	-1,92	4,35	NAN	
15,501	-1,92	4,35	NAN	
15,601	-1,92	4,35	NAN	
15,701	-1,92	4,4	NAN	
15,801	-1,92	4,4	NAN	
15,901	-1,92	4,4	NAN	
16,001	-2,005	4,45	NAN	
16,101	-2,005	4,5	NAN	
16,201	-2,005	4,5	NAN	
16,301	-2,005	4,55	NAN	
16,401	-2,005	4,55	NAN	
16,501	-2,005	4,55	NAN	
16,601	-2,005	4,6	NAN	
16,701	-2,005	4,7	NAN	
16,801	-2,005	4,7	NAN	
16,901	-2,005	4,75	NAN	
17,001	-2,18	4,8	NAN	
17,101	-2,18	4,8	NAN	
17,201	-2,18	4,85	NAN	
17,301	-2,18	4,9	NAN	
17,401	-2,18	4,95	NAN	
17,501	-2,18	5	NAN	
17,601	-2,18	5,05	NAN	
17,701	-2,18	5,1	NAN	
17,801	-2,18	5,15	NAN	
17,901	-2,18	5,15	NAN	
18,001	-2,395	5,2	NAN	
18,101	-2,395	5,3	NAN	
18,201	-2,395	5,35	NAN	
18,301	-2,395	5,4	NAN	
18,401	-2,395	5,45	NAN	
18,501	-2,395	5,5	NAN	
18,601	-2,395	5,55	NAN	
18,701	-2,395	5,6	NAN	
18,801	-2,395	5,7	NAN	
18,901	-2,395	5,75	NAN	
19,001	-2,595	5,8	NAN	
19,101	-2,595	5,85	NAN	
19,201	-2,595	5,95	NAN	
19,301	-2,595	6	NAN	
19,401	-2,595	6,05	NAN	
19,501	-2,595	6,15	NAN	
19,601	-2,595	6,25	NAN	
19,701	-2,595	6,3	NAN	
19,801	-2,595	6,35	NAN	
19,901	-2,595	6,45	NAN	
20,001	-2,84	6,45	NAN	
20,101	-2,84	6,55	NAN	
20,201	-2,84	6,6	NAN	
20,301	-2,84	6,65	NAN	
20,401	-2,84	6,75	NAN	
20,501	-2,84	6,8	NAN	
20,601	-2,84	6,85	NAN	
20,701	-2,84	6,95	NAN	
20,801	-2,84	7	NAN	
20,901	-2,84	7,05	NAN	
21,001	-2,87	7,1	NAN	
21,101	-2,87	7,15	NAN	
21,201	-2,87	7,2	NAN	
21,301	-2,87	7,3	NAN	
21,401	-2,87	7,3	NAN	
21,501	-2,87	7,35	NAN	
21,601	-2,87	7,4	NAN	
21,701	-2,87	7,5	NAN	
21,801	-2,87	7,55	NAN	
21,901	-2,87	7,55	NAN	
22,001	-2,87	7,65	NAN	
22,101	-2,87	7,7	NAN	
22,201	-2,87	7,75	NAN	
22,301	-2,87	7,85	NAN	
22,401	-2,87	7,85	NAN	
22,501	-2,87	7,9	NAN	
22,601	-2,87	7,95	NAN	
22,701	-2,87	8	NAN	
22,801	-2,87	8,05	NAN	
22,901	-2,87	8,1	NAN	
23,001	-2,87	8,15	NAN	
23,101	-2,87	8,2	NAN	
23,201	-2,87	8,25	NAN	
23,301	-2,87	8,3	NAN	
23,401	-2,87	8,35	NAN	
23,501	-2,87	8,4	NAN	
23,601	-2,87	8,45	NAN	
23,701	-2,87	8,55	NAN	
23,801	-2,87	8,55	NAN	
23,901	-2,87	8,6	NAN	
24,001	-2,87	8,6	NAN	
24,101	-2,87	8,7	NAN	
24,201	-2,87	8,75	NAN	
24,301	-2,87	8,8	NAN	
24,401	-2,87	8,85	NAN	
24,501	-2,87	8,9	NAN	
24,601	-2,87	8,9	NAN	
24,701	-2,87	8,95	NAN	
24,801	-2,87	9	NAN	
24,901	-2,87	9,05	NAN	
25,001	-2,795	9,05	NAN	
25,101	-2,795	9,05	NAN	
25,201	-2,795	9,1	NAN	
25,301	-2,795	9,1	NAN	
25,401	-2,795	9,1	NAN	
25,501	-2,795	9,15	NAN	
25,601	-2,795	9,15	NAN	
25,701	-2,795	9,15	NAN	
25,801	-2,795	9,15	NAN	
25,901	-2,795	9,15	NAN	
26,001	-2,53	9,3	NAN	
26,101	-2,53	9,2	NAN	
26,201	-2,53	9,15	NAN	
26,301	-2,53	9,15	NAN	
26,401	-2,53	9,2	NAN	
26,501	-2,53	9,2	NAN	
26,601	-2,53	9,15	NAN	
26,701	-2,53	9,15	NAN	
26,801	-2,53	9,15	NAN	
26,901	-2,53	9,2	NAN	
27,001	-2,37	9,2	NAN	
27,101	-2,37	9,15	NAN	
27,201	-2,37	9,15	NAN	
27,301	-2,37	9,15	NAN	
27,401	-2,37	9,15	NAN	
27,501	-2,37	9,15	NAN	
27,601	-2,37	9,15	NAN	
27,701	-2,37	9,15	NAN	
27,801	-2,37	9,15	NAN	
27,901	-2,37	9,15	NAN	
28,001	-2,255	9,1	NAN	
28,101	-2,255	9,1	NAN	
28,201	-2,255	9,1	NAN	
28,301	-2,255	9,1	NAN	
28,401	-2,255	9,1	NAN	
28,501	-2,255	9,05	NAN	
28,601	-2,255	9,05	NAN	
28,701	-2,255	9,05	NAN	
28,801	-2,255	9	NAN	
28,901	-2,255	9	NAN	
29,001	-2,155	9	NAN	
29,101	-2,155	9	NAN	
29,201	-2,155	8,95	NAN	
29,301	-2,155	8,95	NAN	
29,401	-2,155	8,9	NAN	
29,501	-2,155	8,9	NAN	
29,601	-2,155	8,9	NAN	
29,701	-2,155	8,9	NAN	
29,801	-2,155	8,85	NAN	
29,901	-2,155	8,85	NAN	
30,001	-2,05	8,8	NAN	
30,101	-2,05	8,8	NAN	
30,201	-2,05	8,75	NAN	
30,301	-2,05	8,75	NAN	
30,401	-2,05	8,7	NAN	
30,501	-2,05	8,7	NAN	
30,601	-2,05	8,7	NAN	
30,701	-2,05	8,65	NAN	
30,801	-2,05	8,6	NAN	
30,901	-2,05	8,6	NAN	
31,001	-1,95	8,55	NAN	
31,101	-1,95	8,55	NAN	
31,201	-1,95	8,55	NAN	
31,301	-1,95	8,5	NAN	
31,401	-1,95	8,5	NAN	
31,501	-1,95	8,45	NAN	
31,601	-1,95	8,4	NAN	
31,701	-1,95	8,4	NAN	
31,801	-1,95	8,4	NAN	
31,901	-1,95	8,35	NAN	
32,001	-1,855	8,3	NAN	
32,101	-1,855	8,25	NAN	
32,201	-1,855	8,2	NAN	
32,301	-1,855	8,2	NAN	
32,401	-1,855	8,15	NAN	
32,501	-1,855	8,1	NAN	
32,601	-1,855	8,1	NAN	
32,701	-1,855	8,05	NAN	
32,801	-1,855	8	NAN	
32,901	-1,855	7,95	NAN	
33,001	-1,855	7,9	NAN	
33,101	-1,715	7,9	NAN	
33,201	-1,715	7,85	NAN	
33,301	-1,715	7,8	NAN	
33,401	-1,715	7,75	NAN	
33,501	-1,715	7,7	NAN	
33,601	-1,715	7,7	NAN	
33,701	-1,715	7,65	NAN	
33,801	-1,715	7,6	NAN	
33,901	-1,715	7,5	NAN	
34,001	-1,715	7,45	NAN	
34,101	-1,58	7,45	NAN	
34,201	-1,58	7,4	NAN	
34,301	-1,58	7,35	NAN	
34,401	-1,58	7,3	NAN	
34,501	-1,58	7,25	NAN	
34,601	-1,58	7,2	NAN	
34,701	-1,58	7,15	NAN	
34,801	-1,58	7,1	NAN	
34,901	-1,58	7,05	NAN	
35,001	-1,58	6,95	NAN	
35,101	-1,44	6,9	NAN	
35,201	-1,44	6,85	NAN	
35,301	-1,44	6,8	NAN	
35,401	-1,44	6,75	NAN	
35,501	-1,44	6,7	NAN	
35,601	-1,44	6,6	NAN	
35,701	-1,44	6,55	NAN	
35,801	-1,44	6,5	NAN	
35,901	-1,44	6,45	NAN	
36,001	-1,44	6,35	NAN	
36,101	-1,265	6,3	NAN	
36,201	-1,265	6,2	NAN	
36,301	-1,265	6,15	NAN	
36,401	-1,265	6,1	NAN	
36,501	-1,265	6	NAN	
36,601	-1,265	5,95	NAN	
36,701	-1,265	5,85	NAN	
36,801	-1,265	5,8	NAN	
36,901	-1,265	5,7	NAN	
37,001	-1,265	5,65	NAN	
37,101	-1,08	5,6	NAN	
37,201	-1,08	5,5	NAN	
37,301	-1,08	5,4	NAN	
37,401	-1,08	5,35	NAN	
37,501	-1,08	5,25	NAN	
37,601	-1,08	5,15	NAN	
37,701	-1,08	5,05	NAN	
37,801	-1,08	5	NAN	
37,901	-1,08	4,9	NAN	
38,001	-1,08	4,8	NAN	
38,101	-0,88	4,7	NAN	
38,201	-0,88	4,6	NAN	
38,301	-0,88	4,5	NAN	
38,401	-0,88	4,45	NAN	
38,501	-0,88	4,3	NAN	
38,601	-0,88	4,2	NAN	
38,701	-0,88	4,1	NAN	
38,801	-0,88	3,95	NAN	
38,901	-0,88	3,85	NAN	
39,001	-0,88	3,75	NAN	
39,101	-0,585	3,65	NAN	
39,201	-0,585	3,5	NAN	
39,301	-0,585	3,4	NAN	
39,401	-0,585	3,35	NAN	
39,501	-0,585	3,15	NAN	
39,601	-0,585	3,05	NAN	
39,701	-0,585	2,95	NAN	
39,801	-0,585	2,85	NAN	
39,901	-0,585	2,7	NAN	
40,001	-0,585	2,55	NAN	
40,101	-0,26	2,4	NAN	
40,201	-0,26	2,25	NAN	
40,301	-0,26	2,1	NAN	
40,401	-0,26	1,95	NAN	
40,501	-0,26	1,85	NAN	
40,601	-0,26	1,7	NAN	
40,701	-0,26	1,55	NAN	
40,801	-0,26	1,4	NAN	
40,901	-0,26	1,3	NAN	
41,001	-0,26	1,15	NAN	
41,101	0,07	1	NAN	
41,201	0,07	0,9	NAN	
41,301	0,07	0,75	NAN	
41,401	0,07	0,65	NAN	
41,501	0,07	0,5	NAN	
41,601	0,07	0,35	NAN	
41,701	0,07	0,25	NAN	
41,801	0,07	0,15	NAN	
41,901	0,07	-0,05	NAN	
42,001	0,07	-0,1	NAN	
42,101	0,1	-0,25	NAN	
42,201	0,1	-0,35	NAN	
42,301	0,1	-0,5	NAN	
42,401	0,1	-0,6	NAN	
42,501	0,1	-0,7	NAN	
42,601	0,1	-0,85	NAN	
42,701	0,1	-0,95	NAN	
42,801	0,1	-1,05	NAN	
42,901	0,1	-1,15	NAN	
43,001	0,1	-1,3	NAN	
43,101	0,095	-1,4	NAN	
43,201	0,095	-1,5	NAN	
43,301	0,095	-1,65	NAN	
43,401	0,095	-1,75	NAN	
43,501	0,095	-1,85	NAN	
43,601	0,095	-1,95	NAN	
43,701	0,095	-2,05	NAN	
43,801	0,095	-2,2	NAN	
43,901	0,095	-2,3	NAN	
44,001	0,095	-2,35	NAN	
44,101	0,095	-2,5	NAN	
44,201	0,095	-2,65	NAN	
44,301	0,095	-2,75	NAN	
44,401	0,095	-2,85	NAN	
44,501	0,095	-2,95	NAN	
44,601	0,095	-3,05	NAN	
44,701	0,095	-3,15	NAN	
44,801	0,095	-3,2	NAN	
44,901	0,095	-3,35	NAN	
45,001	0,095	-3,45	NAN	
45,101	0,095	-3,55	NAN	
45,201	0,095	-3,65	NAN	
45,301	0,095	-3,75	NAN	
45,401	0,095	-3,85	NAN	
45,501	0,095	-3,95	NAN	
45,601	0,095	-4,05	NAN	
45,701	0,095	-4,15	NAN	
45,801	0,095	-4,25	NAN	
45,901	0,095	-4,35	NAN	
46,001	0,095	-4,45	NAN	
46,101	0,095	-4,55	NAN	
46,201	0,095	-4,65	NAN	
46,301	0,095	-4,75	NAN	
46,401	0,095	-4,85	NAN	
46,501	0,095	-4,95	NAN	
46,601	0,095	-5,05	NAN	
46,701	0,095	-5,15	NAN	
46,801	0,095	-5,25	NAN	
46,901	0,095	-5,3	NAN	
47,001	0,095	-5,4	NAN	
47,101	0,095	-5,5	NAN	
47,201	0,095	-5,6	NAN	
47,301	0,095	-5,7	NAN	
47,401	0,095	-5,75	NAN	
47,501	0,095	-5,85	NAN	
47,601	0,095	-5,95	NAN	
47,701	0,095	-6,1	NAN	
47,801	0,095	-6,15	NAN	
47,901	0,095	-6,25	NAN	
48,001	0,095	-6,35	NAN	
48,101	0,09	-6,45	NAN	
48,201	0,09	-6,5	NAN	
48,301	0,09	-6,6	NAN	
48,401	0,09	-6,7	NAN	
48,501	0,09	-6,8	NAN	
48,601	0,09	-6,85	NAN	
48,701	0,09	-6,95	NAN	
48,801	0,09	-7,05	NAN	
48,901	0,09	-7,15	NAN	
49,001	0,09	-7,25	NAN	
49,101	0,09	-7,3	NAN	
49,201	0,09	-7,4	NAN	
49,301	0,09	-7,5	NAN	
49,401	0,09	-7,6	NAN	
49,501	0,09	-7,65	NAN	
49,601	0,09	-7,75	NAN	
49,701	0,09	-7,85	NAN	
49,801	0,09	-7,9	NAN	
49,901	0,09	-8	NAN	
50,001	0,09	-8,1	NAN	
50,101	0,09	-8,2	NAN	
50,201	0,09	-8,25	NAN	
50,301	0,09	-8,3	NAN	
50,401	0,09	-8,45	NAN	
50,501	0,09	-8,5	NAN	
50,601	0,09	-8,6	NAN	
50,701	0,09	-8,7	NAN	
50,801	0,09	-8,75	NAN	
50,901	0,09	-8,85	NAN	
51,001	0,09	-8,9	NAN	
51,101	0,09	-9	NAN	
51,201	0,09	-9,1	NAN	
51,301	0,09	-9,15	NAN	
51,401	0,09	-9,25	NAN	
51,501	0,09	-9,35	NAN	
51,601	0,09	-9,4	NAN	
51,701	0,09	-9,5	NAN	
51,801	0,09	-9,55	NAN	
51,901	0,09	-9,65	NAN	
52,001	0,09	-9,7	NAN	
52,101	0,09	-9,8	NAN	
52,201	0,09	-9,9	NAN	
52,301	0,09	-9,95	NAN	
52,401	0,09	-10,05	NAN	
52,501	0,09	-10,1	NAN	
52,601	0,09	-10,2	NAN	
52,701	0,09	-10,3	NAN	
52,801	0,09	-10,35	NAN	
52,901	0,09	-10,45	NAN	
53,001	0,09	-10,5	NAN	
53,101	0,085	-10,6	NAN	
53,201	0,085	-10,6	NAN	
53,301	0,085	-10,75	NAN	
53,401	0,085	-10,8	NAN	
53,501	0,085	-10,9	NAN	
53,601	0,085	-11	NAN	
53,701	0,085	-11,05	NAN	
53,801	0,085	-11,15	NAN	
53,901	0,085	-11,2	NAN	
54,001	0,085	-11,25	NAN	
54,101	0,085	-11,35	NAN	
54,201	0,085	-11,45	NAN	
54,301	0,085	-11,5	NAN	
54,401	0,085	-11,6	NAN	
54,501	0,085	-11,65	NAN	
54,601	0,085	-11,7	NAN	
54,701	0,085	-11,8	NAN	
54,801	0,085	-11,85	NAN	
54,901	0,085	-11,95	NAN	
55,001	0,085	-12	NAN	
55,101	0,085	-12,1	NAN	
55,201	0,085	-12,15	NAN	
55,301	0,085	-12,25	NAN	
55,401	0,085	-12,3	NAN	
55,501	0,085	-12,4	NAN	
55,601	0,085	-12,45	NAN	
55,701	0,085	-12,5	NAN	
55,801	0,085	-12,6	NAN	
55,901	0,085	-12,7	NAN	
56,001	0,085	-12,75	NAN	
56,101	0,085	-12,8	NAN	
56,201	0,085	-12,85	NAN	
56,301	0,085	-12,95	NAN	
56,401	0,085	-13	NAN	
56,501	0,085	-13,1	NAN	
56,601	0,085	-13,15	NAN	
56,701	0,085	-13,25	NAN	
56,801	0,085	-13,3	NAN	
56,901	0,085	-13,35	NAN	
57,001	0,085	-13,45	NAN	
57,101	0,085	-13,5	NAN	
57,201	0,085	-13,6	NAN	
57,301	0,085	-13,65	NAN	
57,401	0,085	-13,7	NAN	
57,501	0,085	-13,8	NAN	
57,601	0,085	-13,85	NAN	
57,701	0,085	-13,9	NAN	
57,801	0,085	-14	NAN	
57,901	0,085	-14,05	NAN	
58,001	0,085	-14,15	NAN	
58,101	0,08	-14,2	NAN	
58,201	0,08	-14,25	NAN	
58,301	0,08	-14,35	NAN	
58,401	0,08	-14,4	NAN	
58,501	0,08	-14,45	NAN	
58,601	0,08	-14,55	NAN	
58,701	0,08	-14,6	NAN	
58,801	0,08	-14,65	NAN	
58,901	0,08	-14,75	NAN	
59,001	0,08	-14,8	NAN	
59,101	0,08	-14,85	NAN	
59,201	0,08	-14,95	NAN	
59,301	0,08	-15	NAN	
59,401	0,08	-15,05	NAN	
59,501	0,08	-15,15	NAN	
59,601	0,08	-15,2	NAN	
59,701	0,08	-15,25	NAN	
59,801	0,08	-15,35	NAN	
59,901	0,08	-15,4	NAN	
60,001	0,08	-15,5	NAN	
60,101	0,08	-15,55	NAN	
60,201	0,08	-15,6	NAN	
60,301	0,08	-15,7	NAN	
60,401	0,08	-15,7	NAN	
60,501	0,08	-15,8	NAN	
60,601	0,08	-15,85	NAN	
60,701	0,08	-15,95	NAN	
60,801	0,08	-16	NAN	
60,901	0,08	-16,05	NAN	
61,001	0,08	-16,1	NAN	
61,101	0,08	-16,2	NAN	
61,201	0,08	-16,25	NAN	
61,301	0,08	-16,3	NAN	
61,401	0,08	-16,35	NAN	
61,501	0,08	-16,45	NAN	
61,601	0,08	-16,45	NAN	
61,701	0,08	-16,55	NAN	
61,801	0,08	-16,65	NAN	
61,901	0,08	-16,7	NAN	
62,001	0,08	-16,75	NAN	
62,101	0,08	-16,8	NAN	
62,201	0,08	-16,9	NAN	
62,301	0,08	-16,95	NAN	
62,401	0,08	-17,05	NAN	
62,501	0,08	-17,05	NAN	
62,601	0,08	-17,1	NAN	
62,701	0,08	-17,2	NAN	
62,801	0,08	-17,25	NAN	
62,901	0,08	-17,3	NAN	
63,001	0,08	-17,35	NAN	
63,101	0,08	-17,45	NAN	
63,201	0,08	-17,5	NAN	
63,301	0,08	-17,45	NAN	
63,401	0,08	-17,65	NAN	
63,501	0,08	-17,7	NAN	
63,601	0,08	-17,75	NAN	
63,701	0,08	-17,8	NAN	
63,801	0,08	-17,85	NAN	
63,901	0,08	-17,9	NAN	
64,001	0,08	-17,95	NAN	
64,101	0,08	-18,05	NAN	
64,201	0,08	-18,1	NAN	
64,301	0,08	-18,15	NAN	
64,401	0,08	-18,25	NAN	
64,501	0,08	-18,3	NAN	
64,601	0,08	-18,35	NAN	
64,701	0,08	-18,4	NAN	
64,801	0,08	-18,45	NAN	
64,901	0,08	-18,5	NAN	
65,001	0,08	-18,6	NAN	
65,101	0,08	-18,65	NAN	
65,201	0,08	-18,7	NAN	
65,301	0,08	-18,75	NAN	
65,401	0,08	-18,8	NAN	
65,501	0,08	-18,9	NAN	
65,601	0,08	-18,95	NAN	
65,701	0,08	-19	NAN	
65,801	0,08	-18,95	NAN	
65,901	0,08	-19,05	NAN	
66,001	0,08	-19,15	NAN	
66,101	0,08	-19,2	NAN	
66,201	0,08	-19,25	NAN	
66,301	0,08	-19,35	NAN	
66,401	0,08	-19,4	NAN	
66,501	0,08	-19,45	NAN	
66,601	0,08	-19,5	NAN	
66,701	0,08	-19,6	NAN	
66,801	0,08	-19,65	NAN	
66,901	0,08	-19,7	NAN	
67,001	0,08	-19,75	NAN	
67,101	0,08	-19,8	NAN	
67,201	0,08	-19,85	NAN	
67,301	0,08	-19,9	NAN	
67,401	0,08	-19,95	NAN	
67,501	0,08	-20	NAN	
67,601	0,08	-20,1	NAN	
67,701	0,08	-20,2	NAN	
67,801	0,08	-20,2	NAN	
67,901	0,08	-20,25	NAN	
68,001	0,08	-20,3	NAN	
68,101	0,075	-20,35	NAN	
68,201	0,075	-20,4	NAN	
68,301	0,075	-20,45	NAN	
68,401	0,075	-20,55	NAN	
68,501	0,075	-20,55	NAN	
68,601	0,075	-20,6	NAN	
68,701	0,075	-20,65	NAN	
68,801	0,075	-20,65	NAN	
68,901	0,075	-20,7	NAN	
69,001	0,075	-20,75	NAN	
69,101	-0,035	-20,75	NAN	
69,201	-0,035	-20,8	NAN	
69,301	-0,035	-20,8	NAN	
69,401	-0,035	-20,8	NAN	
69,501	-0,035	-20,85	NAN	
69,601	-0,035	-20,85	NAN	
69,701	-0,035	-20,85	NAN	
69,801	-0,035	-20,9	NAN	
69,901	-0,035	-20,9	NAN	
70,001	-0,035	-20,9	NAN	
70,101	-0,35	-20,9	NAN	
70,201	-0,35	-20,9	NAN	
70,301	-0,35	-20,9	NAN	
70,401	-0,35	-20,9	NAN	
70,501	-0,35	-20,9	NAN	
70,601	-0,35	-20,9	NAN	
70,701	-0,35	-20,9	NAN	
70,801	-0,35	-20,9	NAN	
70,901	-0,35	-20,9	NAN	
71,001	-0,35	-20,9	NAN	
71,101	-0,59	-20,9	NAN	
71,201	-0,59	-20,85	NAN	
71,301	-0,59	-20,85	NAN	
71,401	-0,59	-20,85	NAN	
71,501	-0,59	-20,85	NAN	
71,601	-0,59	-20,8	NAN	
71,701	-0,59	-20,8	NAN	
71,801	-0,59	-20,75	NAN	
71,901	-0,59	-20,75	NAN	
72,001	-0,59	-20,75	NAN	
72,101	-0,81	-20,75	NAN	
72,201	-0,81	-20,75	NAN	
72,301	-0,81	-20,7	NAN	
72,401	-0,81	-20,65	NAN	
72,501	-0,81	-20,65	NAN	
72,601	-0,81	-20,6	NAN	
72,701	-0,81	-20,6	NAN	
72,801	-0,81	-20,6	NAN	
72,901	-0,81	-20,5	NAN	
73,001	-0,81	-20,5	NAN	
73,101	-1,005	-20,45	NAN	
73,201	-1,005	-20,45	NAN	
73,301	-1,005	-20,45	NAN	
73,401	-1,005	-20,35	NAN	
73,501	-1,005	-20,35	NAN	
73,601	-1,005	-20,3	NAN	
73,701	-1,005	-20,25	NAN	
73,801	-1,005	-20,25	NAN	
73,901	-1,005	-20,2	NAN	
74,001	-1,005	-20,15	NAN	
74,101	-1,235	-20,05	NAN	
74,201	-1,235	-20	NAN	
74,301	-1,235	-20	NAN	
74,401	-1,235	-19,9	NAN	
74,501	-1,235	-19,85	NAN	
74,601	-1,235	-19,8	NAN	
74,701	-1,235	-19,75	NAN	
74,801	-1,235	-19,7	NAN	
74,901	-1,235	-19,65	NAN	
75,001	-1,235	-19,55	NAN	
75,101	-1,515	-19,5	NAN	
75,201	-1,515	-19,45	NAN	
75,301	-1,515	-19,4	NAN	
75,401	-1,515	-19,3	NAN	
75,501	-1,515	-19,25	NAN	
75,601	-1,515	-19,2	NAN	
75,701	-1,515	-19,15	NAN	
75,801	-1,515	-19,05	NAN	
75,901	-1,515	-19	NAN	
76,001	-1,515	-18,9	NAN	
76,101	-1,755	-18,8	NAN	
76,201	-1,755	-18,75	NAN	
76,301	-1,755	-18,65	NAN	
76,401	-1,755	-18,6	NAN	
76,501	-1,755	-18,5	NAN	
76,601	-1,755	-18,4	NAN	
76,701	-1,755	-18,3	NAN	
76,801	-1,755	-18,25	NAN	
76,901	-1,755	-18,1	NAN	
77,001	-1,755	-18,05	NAN	
77,101	-2,095	-17,9	NAN	
77,201	-2,095	-17,75	NAN	
77,301	-2,095	-17,7	NAN	
77,401	-2,095	-17,6	NAN	
77,501	-2,095	-17,5	NAN	
77,601	-2,095	-17,4	NAN	
77,701	-2,095	-17,25	NAN	
77,801	-2,095	-17,15	NAN	
77,901	-2,095	-17	NAN	
78,001	-2,095	-16,9	NAN	
78,101	-2,495	-16,75	NAN	
78,201	-2,495	-16,6	NAN	
78,301	-2,495	-16,45	NAN	
78,401	-2,495	-16,35	NAN	
78,501	-2,495	-16,2	NAN	
78,601	-2,495	-16,05	NAN	
78,701	-2,495	-15,95	NAN	
78,801	-2,495	-15,8	NAN	
78,901	-2,495	-15,65	NAN	
79,001	-2,495	-15,55	NAN	
79,101	-2,885	-15,4	NAN	
79,201	-2,885	-15,3	NAN	
79,301	-2,885	-15,15	NAN	
79,401	-2,885	-15,05	NAN	
79,501	-2,885	-14,95	NAN	
79,601	-2,885	-14,8	NAN	
79,701	-2,885	-14,7	NAN	
79,801	-2,885	-14,6	NAN	
79,901	-2,885	-14,45	NAN	
80,001	-2,885	-14,35	NAN	
80,101	-2,89	-14,25	NAN	
80,201	-2,89	-14,15	NAN	
80,301	-2,89	-14,05	NAN	
80,401	-2,89	-13,95	NAN	
80,501	-2,89	-13,85	NAN	
80,601	-2,89	-13,75	NAN	
80,701	-2,89	-13,65	NAN	
80,801	-2,89	-13,55	NAN	
80,901	-2,89	-13,45	NAN	
81,001	-2,89	-13,35	NAN	
81,101	-2,89	-13,25	NAN	
81,201	-2,89	-13,15	NAN	
81,301	-2,89	-13	NAN	
81,401	-2,89	-12,95	NAN	
81,501	-2,89	-12,85	NAN	
81,601	-2,89	-12,7	NAN	
81,701	-2,89	-12,65	NAN	
81,801	-2,89	-12,55	NAN	
81,901	-2,89	-12,45	NAN	
82,001	-2,89	-12,35	NAN	
82,101	-2,89	-12,3	NAN	
82,201	-2,89	-12,2	NAN	
82,301	-2,89	-12,1	NAN	
82,401	-2,89	-12	NAN	
82,501	-2,89	-11,9	NAN	
82,601	-2,89	-11,8	NAN	
82,701	-2,89	-11,75	NAN	
82,801	-2,89	-11,65	NAN	
82,901	-2,89	-11,55	NAN	
83,001	-2,89	-11,5	NAN	
83,101	-2,89	-11,35	NAN	
83,201	-2,89	-11,3	NAN	
83,301	-2,89	-11,2	NAN	
83,401	-2,89	-11,1	NAN	
83,501	-2,89	-11,05	NAN	
83,601	-2,89	-10,95	NAN	
83,701	-2,89	-10,85	NAN	
83,801	-2,89	-10,8	NAN	
83,901	-2,89	-10,7	NAN	
84,001	-2,89	-10,65	NAN	
84,101	-2,89	-10,6	NAN	
84,201	-2,89	-10,55	NAN	
84,301	-2,89	-10,5	NAN	
84,401	-2,89	-10,4	NAN	
84,501	-2,89	-10,3	NAN	
84,601	-2,89	-10,25	NAN	
84,701	-2,89	-10,2	NAN	
84,801	-2,89	-10,15	NAN	
84,901	-2,89	-10,05	NAN	
85,001	-2,89	-10	NAN	
85,101	-2,885	-9,95	NAN	
85,201	-2,885	-9,85	NAN	
85,301	-2,885	-9,8	NAN	
85,401	-2,885	-9,7	NAN	
85,501	-2,885	-9,65	NAN	
85,601	-2,885	-9,6	NAN	
85,701	-2,885	-9,45	NAN	
85,801	-2,885	-9,45	NAN	
85,901	-2,885	-9,4	NAN	
86,001	-2,885	-9,35	NAN	
86,101	-2,885	-9,35	NAN	
86,201	-2,885	-9,4	NAN	
86,301	-2,885	-9,3	NAN	
86,401	-2,885	-9,3	NAN	
86,501	-2,885	-9,25	NAN	
86,601	-2,885	-9,25	NAN	
86,701	-2,885	-9,2	NAN	
86,801	-2,885	-9,2	NAN	
86,901	-2,885	-9,15	NAN	
87,001	-2,885	-9,15	NAN	
87,101	-2,885	-9,05	NAN	
87,201	-2,885	-9,05	NAN	
87,301	-2,885	-9	NAN	
87,401	-2,885	-9	NAN	
87,501	-2,885	-8,95	NAN	
87,601	-2,885	-8,9	NAN	
87,701	-2,885	-8,9	NAN	
87,801	-2,885	-8,85	NAN	
87,901	-2,885	-8,8	NAN	
88,001	-2,885	-8,75	NAN	
88,101	-2,885	-8,75	NAN	
88,201	-2,885	-8,65	NAN	
88,301	-2,885	-8,65	NAN	
88,401	-2,885	-8,6	NAN	
88,501	-2,885	-8,6	NAN	
88,601	-2,885	-8,55	NAN	
88,701	-2,885	-8,5	NAN	
88,801	-2,885	-8,45	NAN	
88,901	-2,885	-8,45	NAN	
89,001	-2,885	-8,4	NAN	
89,101	-2,885	-8,35	NAN	
89,201	-2,885	-8,3	NAN	
89,301	-2,885	-8,25	NAN	
89,401	-2,885	-8,25	NAN	
89,501	-2,885	-8,2	NAN	
89,601	-2,885	-8,2	NAN	
89,701	-2,885	-8,15	NAN	
89,801	-2,885	-8,1	NAN	
89,901	-2,885	-8,05	NAN	
90,001	-2,885	-8	NAN	
90,101	-2,885	-8	NAN	
90,201	-2,885	-7,95	NAN	
90,301	-2,885	-7,9	NAN	
90,401	-2,885	-7,85	NAN	
90,501	-2,885	-7,8	NAN	
90,601	-2,885	-7,8	NAN	
90,701	-2,885	-7,75	NAN	
90,801	-2,885	-7,7	NAN	
90,901	-2,885	-7,65	NAN	
91,001	-2,885	-7,6	NAN	
91,101	-2,885	-7,6	NAN	
91,201	-2,885	-7,55	NAN	
91,301	-2,885	-7,45	NAN	
91,401	-2,885	-7,45	NAN	
91,501	-2,885	-7,4	NAN	
91,601	-2,885	-7,35	NAN	
91,701	-2,885	-7,3	NAN	
91,801	-2,885	-7,25	NAN	
91,901	-2,885	-7,25	NAN	
92,001	-2,885	-7,2	NAN	
92,101	-2,885	-7,15	NAN	
92,201	-2,885	-7,1	NAN	
92,301	-2,885	-7,1	NAN	
92,401	-2,885	-7,05	NAN	
92,501	-2,885	-7	NAN	
92,601	-2,885	-6,95	NAN	
92,701	-2,885	-6,9	NAN	
92,801	-2,885	-6,85	NAN	
92,901	-2,885	-6,8	NAN	
93,001	-2,885	-6,8	NAN	
93,101	-2,885	-6,7	NAN	
93,201	-2,885	-6,65	NAN	
93,301	-2,885	-6,65	NAN	
93,401	-2,885	-6,6	NAN	
93,501	-2,885	-6,55	NAN	
93,601	-2,885	-6,5	NAN	
93,701	-2,885	-6,45	NAN	
93,801	-2,885	-6,45	NAN	
93,901	-2,885	-6,4	NAN	
94,001	-2,885	-6,35	NAN	
94,101	-2,885	-6,3	NAN	
94,201	-2,885	-6,25	NAN	
94,301	-2,885	-6,25	NAN	
94,401	-2,885	-6,2	NAN	
94,501	-2,885	-6,15	NAN	
94,601	-2,885	-6,15	NAN	
94,701	-2,885	-6,1	NAN	
94,801	-2,885	-6,05	NAN	
94,901	-2,885	-6	NAN	
95,001	-2,885	-5,95	NAN	
95,101	-2,885	-5,9	NAN	
95,201	-2,885	-5,9	NAN	
95,301	-2,885	-5,85	NAN	
95,401	-2,885	-5,75	NAN	
95,501	-2,885	-5,75	NAN	
95,601	-2,885	-5,75	NAN	
95,701	-2,885	-5,7	NAN	
95,801	-2,885	-5,65	NAN	
95,901	-2,885	-5,6	NAN	
96,001	-2,885	-5,6	NAN	
96,101	-2,885	-5,55	NAN	
96,201	-2,885	-5,5	NAN	
96,301	-2,885	-5,45	NAN	
96,401	-2,885	-5,45	NAN	
96,501	-2,885	-5,4	NAN	
96,601	-2,885	-5,35	NAN	
96,701	-2,885	-5,3	NAN	
96,801	-2,885	-5,3	NAN	
96,901	-2,885	-5,25	NAN	
97,001	-2,885	-5,25	NAN	
97,101	-2,885	-5,2	NAN	
97,201	-2,885	-5,15	NAN	
97,301	-2,885	-5	NAN	
97,401	-2,885	-5,05	NAN	
97,501	-2,885	-5,05	NAN	
97,601	-2,885	-5	NAN	
97,701	-2,885	-5	NAN	
97,801	-2,885	-4,95	NAN	
97,901	-2,885	-4,9	NAN	
98,001	-2,885	-4,85	NAN	
98,101	-2,885	-4,85	NAN	
98,201	-2,885	-4,75	NAN	
98,301	-2,885	-4,75	NAN	
98,401	-2,885	-4,75	NAN	
98,501	-2,885	-4,65	NAN	
98,601	-2,885	-4,65	NAN	
98,701	-2,885	-4,65	NAN	
98,801	-2,885	-4,6	NAN	
98,901	-2,885	-4,55	NAN	
99,001	-2,885	-4,5	NAN	
99,101	-2,88	-4,45	NAN	
99,201	-2,88	-4,4	NAN	
99,301	-2,88	-4,4	NAN	
99,401	-2,88	-4,35	NAN	
99,501	-2,88	-4,3	NAN	
99,601	-2,88	-4,25	NAN	
99,701	-2,88	-4,25	NAN	
99,801	-2,88	-4,15	NAN	
99,901	-2,88	-4,15	NAN	
100,001	-2,88	-4,15	NAN	
100,101	-2,88	-4,05	NAN	
100,201	-2,88	-4,05	NAN	
100,301	-2,88	-4,05	NAN	
100,401	-2,88	-4	NAN	
100,501	-2,88	-3,95	NAN	
100,601	-2,88	-3,9	NAN	
100,701	-2,88	-3,85	NAN	
100,801	-2,88	-3,85	NAN	
100,901	-2,88	-3,8	NAN	
101,001	-2,88	-3,8	NAN	
101,101	-2,88	-3,7	NAN	
101,201	-2,88	-3,7	NAN	
101,301	-2,88	-3,7	NAN	
101,401	-2,88	-3,65	NAN	
101,501	-2,88	-3,6	NAN	
101,601	-2,88	-3,6	NAN	
101,701	-2,88	-3,55	NAN	
101,801	-2,88	-3,5	NAN	
101,901	-2,88	-3,45	NAN	
102,001	-2,88	-3,45	NAN	
102,101	-2,88	-3,4	NAN	
102,201	-2,88	-3,4	NAN	
102,301	-2,88	-3,35	NAN	
102,401	-2,88	-3,35	NAN	
102,501	-2,88	-3,25	NAN	
102,601	-2,88	-3,25	NAN	
102,701	-2,88	-3,2	NAN	
102,801	-2,88	-3,15	NAN	
102,901	-2,88	-3,15	NAN	
103,001	-2,88	-3,1	NAN	
103,101	-2,88	-3,05	NAN	
103,201	-2,88	-3,05	NAN	
103,301	-2,88	-3	NAN	
103,401	-2,88	-2,95	NAN	
103,501	-2,88	-2,9	NAN	
103,601	-2,88	-2,9	NAN	
103,701	-2,88	-2,7	NAN	
103,801	-2,88	-2,85	NAN	
103,901	-2,88	-2,8	NAN	
104,001	-2,88	-2,75	NAN	
104,101	-2,88	-2,75	NAN	
104,201	-2,88	-2,7	NAN	
104,301	-2,88	-2,65	NAN	
104,401	-2,88	-2,65	NAN	
104,501	-2,88	-2,6	NAN	
104,601	-2,88	-2,6	NAN	
104,701	-2,88	-2,55	NAN	
104,801	-2,88	-2,55	NAN	
104,901	-2,88	-2,55	NAN	
105,001	-2,88	-2,5	NAN	
105,101	-2,88	-2,5	NAN	
105,201	-2,88	-2,45	NAN	
105,301	-2,88	-2,4	NAN	
105,401	-2,88	-2,4	NAN	
105,501	-2,88	-2,3	NAN	
105,601	-2,88	-2,3	NAN	
105,701	-2,88	-2,25	NAN	
105,801	-2,88	-2,25	NAN	
105,901	-2,88	-2,2	NAN	
106,001	-2,88	-2,15	NAN	
106,101	-2,88	-2,15	NAN	
106,201	-2,88	-2,1	NAN	
106,301	-2,88	-2,05	NAN	
106,401	-2,88	-2,05	NAN	
106,501	-2,88	-2	NAN	
106,601	-2,88	-2	NAN	
106,701	-2,88	-1,95	NAN	
106,801	-2,88	-1,95	NAN	
106,901	-2,88	-1,95	NAN	
107,001	-2,88	-1,9	NAN	
107,101	-2,88	-1,85	NAN	
107,201	-2,88	-1,8	NAN	
107,301	-2,88	-1,8	NAN	
107,401	-2,88	-1,8	NAN	
107,501	-2,88	-1,75	NAN	
107,601	-2,88	-1,7	NAN	
107,701	-2,88	-1,7	NAN	
107,801	-2,88	-1,7	NAN	
107,901	-2,88	-1,65	NAN	
108,001	-2,88	-1,65	NAN	
108,101	-2,88	-1,6	NAN	
108,201	-2,88	-1,55	NAN	
108,301	-2,88	-1,55	NAN	
108,401	-2,88	-1,5	NAN	
108,501	-2,88	-1,45	NAN	
108,601	-2,88	-1,45	NAN	
108,701	-2,88	-1,45	NAN	
108,801	-2,88	-1,45	NAN	
108,901	-2,88	-1,35	NAN	
109,001	-2,88	-1,35	NAN	
109,101	-2,88	-1,3	NAN	
109,201	-2,88	-1,3	NAN	
109,301	-2,88	-1,25	NAN	
109,401	-2,88	-1,25	NAN	
109,501	-2,88	-1,2	NAN	
109,601	-2,88	-1,2	NAN	
109,701	-2,88	-1,15	NAN	
109,801	-2,88	-1,15	NAN	
109,901	-2,88	-1,1	NAN	
110,001	-2,88	-1,1	NAN	
110,101	-2,88	-1,05	NAN	
110,201	-2,88	-1,05	NAN	
110,301	-2,88	-1	NAN	
110,401	-2,88	-0,95	NAN	
110,501	-2,88	-0,95	NAN	
110,601	-2,88	-0,9	NAN	
110,701	-2,88	-0,85	NAN	
110,801	-2,88	-0,85	NAN	
110,901	-2,88	-0,8	NAN	
111,001	-2,88	-0,8	NAN	
111,101	-2,88	-0,75	NAN	
111,201	-2,88	-0,7	NAN	
111,301	-2,88	-0,7	NAN	
111,401	-2,88	-0,65	NAN	
111,501	-2,88	-0,6	NAN	
111,601	-2,88	-0,6	NAN	
111,701	-2,88	-0,6	NAN	
111,801	-2,88	-0,55	NAN	
111,901	-2,88	-0,55	NAN	
112,001	-2,88	-0,5	NAN	
112,101	-2,88	-0,45	NAN	
112,201	-2,88	-0,4	NAN	
112,301	-2,88	-0,35	NAN	
112,401	-2,88	-0,35	NAN	
112,501	-2,88	-0,3	NAN	
112,601	-2,88	-0,25	NAN	
112,701	-2,88	-0,2	NAN	
112,801	-2,88	-0,1	NAN	
112,901	-2,88	-0,05	NAN	
113,001	-2,88	0	NAN	
113,101	-2,88	0,05	NAN	
113,201	-2,88	0,1	NAN	
113,301	-2,88	0,15	NAN	
113,401	-2,88	0,25	NAN	
113,501	-2,88	0,3	NAN	
113,601	-2,88	0,35	NAN	
113,701	-2,88	0,4	NAN	
113,801	-2,88	0,45	NAN	
113,901	-2,88	0,5	NAN	
114,001	-2,88	0,55	NAN	
114,101	-2,875	0,55	NAN	
114,201	-2,875	0,65	NAN	
114,301	-2,875	0,65	NAN	
114,401	-2,875	0,7	NAN	
114,501	-2,875	0,75	NAN	
114,601	-2,875	0,8	NAN	
114,701	-2,875	0,8	NAN	
114,801	-2,875	0,85	NAN	
114,901	-2,875	0,9	NAN	
115,001	-2,875	0,95	NAN	
115,101	-2,875	0,95	NAN	
115,201	-2,875	1	NAN	
115,301	-2,875	1,05	NAN	
115,401	-2,875	1,05	NAN	
115,501	-2,875	1,1	NAN	
115,601	-2,875	1,15	NAN	
115,701	-2,875	1,2	NAN	
115,801	-2,875	1,25	NAN	
115,901	-2,875	1,25	NAN	
116,001	-2,875	1,3	NAN	
116,101	-2,875	1,35	NAN	
116,201	-2,875	1,35	NAN	
116,301	-2,875	1,4	NAN	
116,401	-2,875	1,45	NAN	
116,501	-2,875	1,5	NAN	
116,601	-2,875	1,5	NAN	
116,701	-2,875	1,55	NAN	
116,801	-2,875	1,6	NAN	
116,901	-2,875	1,6	NAN	
117,001	-2,875	1,65	NAN	
117,101	-2,875	1,65	NAN	
117,201	-2,875	1,7	NAN	
117,301	-2,875	1,75	NAN	
117,401	-2,875	1,8	NAN	
117,501	-2,875	1,8	NAN	
117,601	-2,875	1,85	NAN	
117,701	-2,875	1,9	NAN	
117,801	-2,875	1,9	NAN	
117,901	-2,875	1,95	NAN	
118,001	-2,875	2	NAN	
118,101	-2,875	2,05	NAN	
118,201	-2,875	2,05	NAN	
118,301	-2,875	2,1	NAN	
118,401	-2,875	2,1	NAN	
118,501	-2,875	2,15	NAN	
118,601	-2,875	2,2	NAN	
118,701	-2,875	2,2	NAN	
118,801	-2,875	2,25	NAN	
118,901	-2,875	2,3	NAN	
119,001	-2,875	2,35	NAN	
119,101	-2,875	2,35	NAN	
119,201	-2,875	2,45	NAN	
119,301	-2,875	2,45	NAN	
119,401	-2,875	2,5	NAN	
119,501	-2,875	2,55	NAN	
119,601	-2,875	2,55	NAN	
119,701	-2,875	2,6	NAN	
119,801	-2,875	2,6	NAN	
119,901	-2,875	2,65	NAN	
120,001	-2,875	2,65	NAN	
120,101	-2,875	2,7	NAN	
120,201	-2,875	2,8	NAN	
120,301	-2,875	2,8	NAN	
120,401	-2,875	2,85	NAN	
120,501	-2,875	2,85	NAN	
120,601	-2,875	2,9	NAN	
120,701	-2,875	2,95	NAN	
120,801	-2,875	2,95	NAN	
120,901	-2,875	3	NAN	
121,001	-2,875	3	NAN	
121,101	-2,875	3,05	NAN	
121,201	-2,875	3,1	NAN	
121,301	-2,875	3,1	NAN	
121,401	-2,875	3,15	NAN	
121,501	-2,875	3,15	NAN	
121,601	-2,875	3,2	NAN	
121,701	-2,875	3,25	NAN	
121,801	-2,875	3,25	NAN	
121,901	-2,875	3,25	NAN	
122,001	-2,875	3,3	NAN	
122,101	-2,875	3,3	NAN	
122,201	-2,875	3,35	NAN	
122,301	-2,875	3,35	NAN	
122,401	-2,875	3,4	NAN	
122,501	-2,875	3,45	NAN	
122,601	-2,875	3,5	NAN	
122,701	-2,875	3,5	NAN	
122,801	-2,875	3,5	NAN	
122,901	-2,875	3,55	NAN	
123,001	-2,875	3,6	NAN	
123,101	-2,875	3,6	NAN	
123,201	-2,875	3,6	NAN	
123,301	-2,875	3,65	NAN	
123,401	-2,875	3,65	NAN	
123,501	-2,875	3,7	NAN	
123,601	-2,875	3,75	NAN	
123,701	-2,875	3,75	NAN	
123,801	-2,875	3,8	NAN	
123,901	-2,875	3,8	NAN	
124,001	-2,875	3,85	NAN	
124,101	-2,875	3,85	NAN	
124,201	-2,875	3,9	NAN	
124,301	-2,875	3,95	NAN	
124,401	-2,875	3,95	NAN	
124,501	-2,875	3,95	NAN	
124,601	-2,875	4	NAN	
124,701	-2,875	4,05	NAN	
124,801	-2,875	4,05	NAN	
124,901	-2,875	4,1	NAN	
125,001	-2,875	4,15	NAN	
125,101	-2,875	4,15	NAN	
125,201	-2,875	4,15	NAN	
125,301	-2,875	4,2	NAN	
125,401	-2,875	4,25	NAN	
125,501	-2,875	4,25	NAN	
125,601	-2,875	4,3	NAN	
125,701	-2,875	4,3	NAN	
125,801	-2,875	4,35	NAN	
125,901	-2,875	4,35	NAN	
126,001	-2,875	4,4	NAN	
126,101	-2,875	4,4	NAN	
126,201	-2,875	4,45	NAN	
126,301	-2,875	4,45	NAN	
126,401	-2,875	4,5	NAN	
126,501	-2,875	4,5	NAN	
126,601	-2,875	4,55	NAN	
126,701	-2,875	4,55	NAN	
126,801	-2,875	4,7	NAN	
126,901	-2,875	4,65	NAN	
127,001	-2,875	4,7	NAN	
127,101	-2,875	4,7	NAN	
127,201	-2,875	4,75	NAN	
127,301	-2,875	4,75	NAN	
127,401	-2,875	4,75	NAN	
127,501	-2,875	4,8	NAN	
127,601	-2,875	4,8	NAN	
127,701	-2,875	4,85	NAN	
127,801	-2,875	4,85	NAN	
127,901	-2,875	4,9	NAN	
128,001	-2,875	4,9	NAN	
128,101	-2,875	4,95	NAN	
128,201	-2,875	5	NAN	
128,301	-2,875	5	NAN	
128,401	-2,875	5,05	NAN	
128,501	-2,875	5,05	NAN	
128,601	-2,875	5,1	NAN	
128,701	-2,875	5,1	NAN	
128,801	-2,875	5,2	NAN	
128,901	-2,875	5,15	NAN	
129,001	-2,875	5,2	NAN	
129,101	-2,87	5,25	NAN	
129,201	-2,87	5,25	NAN	
129,301	-2,87	5,25	NAN	
129,401	-2,87	5,3	NAN	
129,501	-2,87	5,3	NAN	
129,601	-2,87	5,35	NAN	
129,701	-2,87	5,35	NAN	
129,801	-2,87	5,4	NAN	
129,901	-2,87	5,4	NAN	
130,001	-2,87	5,45	NAN	
130,101	-2,87	5,5	NAN	
130,201	-2,87	5,5	NAN	
130,301	-2,87	5,5	NAN	
130,401	-2,87	5,55	NAN	
130,501	-2,87	5,55	NAN	
130,601	-2,87	5,6	NAN	
130,701	-2,87	5,65	NAN	
130,801	-2,87	5,65	NAN	
130,901	-2,87	5,65	NAN	
131,001	-2,87	5,7	NAN	
131,101	-2,87	5,75	NAN	
131,201	-2,87	5,75	NAN	
131,301	-2,87	5,75	NAN	
131,401	-2,87	5,8	NAN	
131,501	-2,87	5,8	NAN	
131,601	-2,87	5,85	NAN	
131,701	-2,87	5,85	NAN	
131,801	-2,87	5,9	NAN	
131,901	-2,87	5,95	NAN	
132,001	-2,87	5,95	NAN	
132,101	-2,87	6	NAN	
132,201	-2,87	6	NAN	
132,301	-2,87	6,05	NAN	
132,401	-2,87	6,05	NAN	
132,501	-2,87	6,05	NAN	
132,601	-2,87	6,1	NAN	
132,701	-2,87	6,1	NAN	
132,801	-2,87	6,15	NAN	
132,901	-2,87	6,15	NAN	
133,001	-2,87	6,2	NAN	
133,101	-2,87	6,25	NAN	
133,201	-2,87	6,25	NAN	
133,301	-2,87	6,25	NAN	
133,401	-2,87	6,3	NAN	
133,501	-2,87	6,3	NAN	
133,601	-2,87	6,35	NAN	
133,701	-2,87	6,35	NAN	
133,801	-2,87	6,4	NAN	
133,901	-2,87	6,4	NAN	
134,001	-2,87	6,45	NAN	
134,101	-2,87	6,45	NAN	
134,201	-2,87	6,55	NAN	
134,301	-2,87	6,5	NAN	
134,401	-2,87	6,55	NAN	
134,501	-2,87	6,55	NAN	
134,601	-2,87	6,6	NAN	
134,701	-2,87	6,6	NAN	
134,801	-2,87	6,65	NAN	
134,901	-2,87	6,65	NAN	
135,001	-2,87	6,7	NAN	
135,101	-2,87	6,7	NAN	
135,201	-2,87	6,75	NAN	
135,301	-2,87	6,75	NAN	
135,401	-2,87	6,75	NAN	
135,501	-2,87	6,8	NAN	
135,601	-2,87	6,85	NAN	
135,701	-2,87	6,85	NAN	
135,801	-2,87	6,9	NAN	
135,901	-2,87	6,9	NAN	
136,001	-2,87	6,95	NAN	
136,101	-2,87	6,95	NAN	
136,201	-2,87	7	NAN	
136,301	-2,87	6,95	NAN	
136,401	-2,87	7	NAN	
136,501	-2,87	7,05	NAN	
136,601	-2,87	7,05	NAN	
136,701	-2,87	7,1	NAN	
136,801	-2,87	7,1	NAN	
136,901	-2,87	7,1	NAN	
137,001	-2,87	7,15	NAN	
137,101	-2,87	7,15	NAN	
137,201	-2,87	7,2	NAN	
137,301	-2,87	7,2	NAN	
137,401	-2,87	7,2	NAN	
137,501	-2,87	7,25	NAN	
137,601	-2,87	7,3	NAN	
137,701	-2,87	7,3	NAN	
137,801	-2,87	7,3	NAN	
137,901	-2,87	7,35	NAN	
138,001	-2,87	7,35	NAN	
138,101	-2,87	7,4	NAN	
138,201	-2,87	7,4	NAN	
138,301	-2,87	7,4	NAN	
138,401	-2,87	7,45	NAN	
138,501	-2,87	7,45	NAN	
138,601	-2,87	7,45	NAN	
138,701	-2,87	7,5	NAN	
138,801	-2,87	7,55	NAN	
138,901	-2,87	7,5	NAN	
139,001	-2,87	7,55	NAN	
139,101	-2,87	7,6	NAN	
139,201	-2,87	7,6	NAN	
139,301	-2,87	7,6	NAN	
139,401	-2,87	7,65	NAN	
139,501	-2,87	7,7	NAN	
139,601	-2,87	7,7	NAN	
139,701	-2,87	7,7	NAN	
139,801	-2,87	7,7	NAN	
139,901	-2,87	7,75	NAN	
140,001	-2,87	7,75	NAN	
140,101	-2,87	7,8	NAN	
140,201	-2,87	7,8	NAN	
140,301	-2,87	7,85	NAN	
140,401	-2,87	7,85	NAN	
140,501	-2,87	7,85	NAN	
140,601	-2,87	7,85	NAN	
140,701	-2,87	7,9	NAN	
140,801	-2,87	7,95	NAN	
140,901	-2,87	7,95	NAN	
141,001	-2,87	7,95	NAN	
141,101	-2,87	7,95	NAN	
141,201	-2,87	8	NAN	
141,301	-2,87	8	NAN	
141,401	-2,87	8,05	NAN	
141,501	-2,87	8	NAN	
141,601	-2,87	8,05	NAN	
141,701	-2,87	8,1	NAN	
141,801	-2,87	8,1	NAN	
141,901	-2,87	8,15	NAN	
142,001	-2,87	8,15	NAN	
142,101	-2,87	8,2	NAN	
142,201	-2,87	8,2	NAN	
142,301	-2,87	8,25	NAN	
142,401	-2,87	8,25	NAN	
142,501	-2,87	8,3	NAN	
142,601	-2,87	8,3	NAN	
142,701	-2,87	8,3	NAN	
142,801	-2,87	8,35	NAN	
142,901	-2,87	8,35	NAN	
143,001	-2,87	8,35	NAN	
143,111	-2,87	8,4	NAN	
143,201	-2,87	8,4	NAN	
143,301	-2,87	8,4	NAN	
143,401	-2,87	8,45	NAN	
143,501	-2,87	8,5	NAN	
143,601	-2,87	8,45	NAN	
143,701	-2,87	8,55	NAN	
143,801	-2,87	8,5	NAN	
143,901	-2,87	8,55	NAN	
144,001	-2,87	8,6	NAN	
144,101	-2,87	8,6	NAN	
144,201	-2,87	8,6	NAN	
144,301	-2,87	8,65	NAN	
144,405	-2,87	8,65	NAN	
144,505	-2,87	8,65	NAN	
144,604	-2,87	8,7	NAN	
144,705	-2,87	8,7	NAN	
144,805	-2,87	8,7	NAN	
144,901	-2,87	8,75	NAN	
145,001	-2,87	8,8	NAN	
145,101	-2,87	8,85	NAN	
145,201	-2,87	8,75	NAN	
145,301	-2,87	8,8	NAN	
145,401	-2,87	8,8	NAN	
145,501	-2,87	8,85	NAN	
145,601	-2,87	8,9	NAN	
145,701	-2,87	8,9	NAN	
145,806	-2,87	8,85	NAN	
145,907	-2,87	8,95	NAN	
146,001	-2,87	8,95	NAN	
146,101	-2,87	8,95	NAN	
146,201	-2,87	9	NAN	
146,301	-2,87	9	NAN	
146,401	-2,87	9	NAN	
146,501	-2,87	9,05	NAN	
146,601	-2,87	9,05	NAN	
146,701	-2,87	9,05	NAN	
146,801	-2,87	9,05	NAN	
146,901	-2,87	9,1	NAN	
147,001	-2,87	9,15	NAN	
147,101	-2,87	9,15	NAN	
147,203	-2,87	9,15	NAN	
147,302	-2,87	9,15	NAN	
147,403	-2,87	9,2	NAN	
147,503	-2,87	9,2	NAN	
147,602	-2,87	9,2	NAN	
147,703	-2,87	9,25	NAN	
147,802	-2,87	9,25	NAN	
147,903	-2,87	9,25	NAN	
148,003	-2,87	9,3	NAN	
148,102	-2,87	9,3	NAN	
148,203	-2,87	9,3	NAN	
148,302	-2,87	9,35	NAN	
148,403	-2,87	9,4	NAN	
148,503	-2,87	9,4	NAN	
148,602	-2,87	9,4	NAN	
148,703	-2,87	9,4	NAN	
148,802	-2,87	9,45	NAN	
148,903	-2,87	9,45	NAN	
149,003	-2,87	9,45	NAN	
149,102	-2,87	9,5	NAN	
149,203	-2,87	9,5	NAN	
149,302	-2,87	9,5	NAN	
149,403	-2,87	9,55	NAN	
149,503	-2,87	9,55	NAN	
149,602	-2,87	9,6	NAN	
149,703	-2,87	9,6	NAN	
149,802	-2,87	9,6	NAN	
149,903	-2,87	9,65	NAN	
150,003	-2,87	9,65	NAN	
150,102	-2,87	9,65	NAN	
150,203	-2,87	9,7	NAN	
150,302	-2,87	9,65	NAN	
150,403	-2,87	9,7	NAN	
150,503	-2,87	9,75	NAN	
150,602	-2,87	9,75	NAN	
150,703	-2,87	9,75	NAN	
150,802	-2,87	9,85	NAN	
150,903	-2,87	9,8	NAN	
151,003	-2,87	9,8	NAN	
151,102	-2,87	9,8	NAN	
151,203	-2,87	9,85	NAN	
151,302	-2,87	9,85	NAN	
151,403	-2,87	9,85	NAN	
151,503	-2,87	9,9	NAN	
151,602	-2,87	9,9	NAN	
151,703	-2,87	9,9	NAN	
151,802	-2,87	9,9	NAN	
151,903	-2,87	9,95	NAN	
152,003	-2,87	9,95	NAN	
152,102	-2,87	10	NAN	
152,203	-2,87	10	NAN	
152,302	-2,87	10	NAN	
152,403	-2,87	10,05	NAN	
152,503	-2,87	10,05	NAN	
152,602	-2,87	10,05	NAN	
152,703	-2,87	10,1	NAN	
152,802	-2,87	10,1	NAN	
152,903	-2,87	10,1	NAN	
153,003	-2,87	10,15	NAN	
153,102	-2,87	10,15	NAN	
153,203	-2,87	10,15	NAN	
153,302	-2,87	10,15	NAN	
153,403	-2,87	10,2	NAN	
153,502	-2,87	10,2	NAN	
153,602	-2,87	10,3	NAN	
153,703	-2,87	10,25	NAN	
153,802	-2,87	10,25	NAN	
153,903	-2,87	10,25	NAN	
154,002	-2,87	10,3	NAN	
154,102	-2,87	10,3	NAN	
154,201	-2,865	10,3	NAN	
154,301	-2,865	10,35	NAN	
154,401	-2,865	10,35	NAN	
154,501	-2,865	10,4	NAN	
154,601	-2,865	10,35	NAN	
154,701	-2,865	10,4	NAN	
154,801	-2,865	10,4	NAN	
154,901	-2,865	10,4	NAN	
155,001	-2,865	10,45	NAN	
155,101	-2,865	10,45	NAN	
155,201	-2,865	10,5	NAN	
155,301	-2,865	10,5	NAN	
155,401	-2,865	10,5	NAN	
155,501	-2,865	10,65	NAN	
155,601	-2,865	10,55	NAN	
155,701	-2,865	10,55	NAN	
155,801	-2,865	10,55	NAN	
155,901	-2,865	10,6	NAN	
156,001	-2,865	10,6	NAN	
156,101	-2,865	10,6	NAN	
156,201	-2,865	10,65	NAN	
156,301	-2,865	10,65	NAN	
156,401	-2,865	10,65	NAN	
156,501	-2,865	10,7	NAN	
156,601	-2,865	10,65	NAN	
156,701	-2,865	10,7	NAN	
156,801	-2,865	10,7	NAN	
156,901	-2,865	10,75	NAN	
157,001	-2,865	10,75	NAN	
157,101	-2,865	10,75	NAN	
157,201	-2,865	10,75	NAN	
157,301	-2,865	10,75	NAN	
157,401	-2,865	10,8	NAN	
157,501	-2,865	10,8	NAN	
157,601	-2,865	10,85	NAN	
157,701	-2,865	10,85	NAN	
157,801	-2,865	10,85	NAN	
157,901	-2,865	10,9	NAN	
158,001	-2,865	10,9	NAN	
158,101	-2,865	10,9	NAN	
158,201	-2,865	10,9	NAN	
158,301	-2,865	10,95	NAN	
158,401	-2,865	10,95	NAN	
158,501	-2,865	10,95	NAN	
158,601	-2,865	10,95	NAN	
158,701	-2,865	11,1	NAN	
158,801	-2,865	11	NAN	
158,901	-2,865	11	NAN	
159,001	-2,865	11,05	NAN	
159,101	-2,865	11,05	NAN	
159,201	-2,865	11,1	NAN	
159,301	-2,865	11,1	NAN	
159,401	-2,865	11,1	NAN	
159,501	-2,865	11,1	NAN	
159,601	-2,865	11,1	NAN	
159,701	-2,865	11,15	NAN	
159,801	-2,865	11,15	NAN	
159,901	-2,865	11,25	NAN	
160,001	-2,865	11,15	NAN	
160,101	-2,865	11,2	NAN	
160,201	-2,865	11,25	NAN	
160,301	-2,865	11,2	NAN	
160,401	-2,865	11,25	NAN	
160,501	-2,865	11,25	NAN	
160,601	-2,865	11,25	NAN	
160,701	-2,865	11,25	NAN	
160,801	-2,865	11,3	NAN	
160,901	-2,865	11,3	NAN	
161,001	-2,865	11,35	NAN	
161,101	-2,865	11,35	NAN	
161,201	-2,865	11,35	NAN	
161,301	-2,865	11,35	NAN	
161,401	-2,865	11,35	NAN	
161,501	-2,865	11,4	NAN	
161,601	-2,865	11,4	NAN	
161,701	-2,865	11,4	NAN	
161,801	-2,865	11,45	NAN	
161,901	-2,865	11,45	NAN	
162,001	-2,865	11,45	NAN	
162,101	-2,865	11,45	NAN	
162,201	-2,865	11,5	NAN	
162,301	-2,865	11,5	NAN	
162,401	-2,865	11,5	NAN	
162,501	-2,865	11,55	NAN	
162,601	-2,865	11,55	NAN	
162,701	-2,865	11,55	NAN	
162,801	-2,865	11,55	NAN	
162,901	-2,865	11,55	NAN	
163,01	-2,865	11,6	NAN	
163,101	-2,865	11,6	NAN	
163,201	-2,865	11,6	NAN	
163,301	-2,865	11,6	NAN	
163,401	-2,865	11,65	NAN	
163,501	-2,865	11,65	NAN	
163,601	-2,865	11,65	NAN	
163,701	-2,865	11,65	NAN	
163,801	-2,865	11,65	NAN	
163,901	-2,865	11,7	NAN	
164,001	-2,865	11,7	NAN	
164,101	-2,865	11,75	NAN	
164,201	-2,865	11,75	NAN	
164,301	-2,865	11,75	NAN	
164,401	-2,865	11,8	NAN	
164,501	-2,865	11,75	NAN	
164,601	-2,865	11,8	NAN	
164,701	-2,865	11,8	NAN	
164,801	-2,865	11,8	NAN	
164,901	-2,865	11,85	NAN	
165,001	-2,865	11,8	NAN	
165,101	-2,865	11,85	NAN	
165,201	-2,865	11,85	NAN	
165,301	-2,865	11,85	NAN	
165,401	-2,865	11,9	NAN	
165,501	-2,865	11,95	NAN	
165,601	-2,865	11,9	NAN	
165,701	-2,865	11,9	NAN	
165,801	-2,865	11,9	NAN	
165,901	-2,865	11,95	NAN	
166,001	-2,865	11,95	NAN	
166,101	-2,865	11,95	NAN	
166,201	-2,865	11,95	NAN	
166,301	-2,865	12	NAN	
166,401	-2,865	12	NAN	
166,501	-2,865	12	NAN	
166,601	-2,865	12	NAN	
166,701	-2,865	12,05	NAN	
166,801	-2,865	12,05	NAN	
166,901	-2,865	12,05	NAN	
167,001	-2,865	12,05	NAN	
167,101	-2,865	12,1	NAN	
167,201	-2,865	12,1	NAN	
167,301	-2,865	12,1	NAN	
167,401	-2,865	12,15	NAN	
167,501	-2,865	12,15	NAN	
167,601	-2,865	12,15	NAN	
167,701	-2,865	12,15	NAN	
167,801	-2,865	12,2	NAN	
167,901	-2,865	12,15	NAN	
168,001	-2,865	12,2	NAN	
168,102	-2,865	12,25	NAN	
168,204	-2,865	12,25	NAN	
168,302	-2,865	12,25	NAN	
168,402	-2,865	12,25	NAN	
168,502	-2,865	12,25	NAN	
168,602	-2,865	12,25	NAN	
168,702	-2,865	12,25	NAN	
168,802	-2,865	12,3	NAN	
168,902	-2,865	12,3	NAN	
169,002	-2,865	12,3	NAN	
169,102	-2,865	12,3	NAN	
169,203	-2,865	12,3	NAN	
169,302	-2,865	12,35	NAN	
169,403	-2,865	12,35	NAN	
169,502	-2,865	12,35	NAN	
169,602	-2,865	12,35	NAN	
169,702	-2,865	12,4	NAN	
169,802	-2,865	12,4	NAN	
169,902	-2,865	12,4	NAN	
170,001	-2,865	12,45	NAN	
170,101	-2,865	12,45	NAN	
170,201	-2,865	12,45	NAN	
170,301	-2,865	12,45	NAN	
170,401	-2,865	12,45	NAN	
170,501	-2,865	12,5	NAN	
170,601	-2,865	12,5	NAN	
170,701	-2,865	12,65	NAN	
170,801	-2,865	12,5	NAN	
170,901	-2,865	12,55	NAN	
171,001	-2,865	12,55	NAN	
171,101	-2,865	12,55	NAN	
171,201	-2,865	12,55	NAN	
171,301	-2,865	12,55	NAN	
171,401	-2,865	12,55	NAN	
171,501	-2,865	12,6	NAN	
171,601	-2,865	12,6	NAN	
171,701	-2,865	12,6	NAN	
171,801	-2,865	12,6	NAN	
171,901	-2,865	12,6	NAN	
172,001	-2,865	12,6	NAN	
172,101	-2,865	12,65	NAN	
172,201	-2,865	12,65	NAN	
172,301	-2,865	12,65	NAN	
172,401	-2,865	12,7	NAN	
172,501	-2,865	12,7	NAN	
172,601	-2,865	12,7	NAN	
172,701	-2,865	12,7	NAN	
172,801	-2,865	12,75	NAN	
172,901	-2,865	12,7	NAN	
173,001	-2,865	12,7	NAN	
173,101	-2,865	12,75	NAN	
173,201	-2,865	12,7	NAN	
173,301	-2,865	12,75	NAN	
173,401	-2,865	12,75	NAN	
173,501	-2,865	12,8	NAN	
173,601	-2,865	12,8	NAN	
173,701	-2,865	12,8	NAN	
173,801	-2,865	12,85	NAN	
173,901	-2,865	12,85	NAN	
174,001	-2,865	12,85	NAN	
174,101	-2,865	12,85	NAN	
174,201	-2,865	12,85	NAN	
174,301	-2,865	12,85	NAN	
174,401	-2,865	12,85	NAN	
174,501	-2,865	12,9	NAN	
174,601	-2,865	12,9	NAN	
174,701	-2,865	12,9	NAN	
174,801	-2,865	12,9	NAN	
174,901	-2,865	12,9	NAN	
175,001	-2,865	12,95	NAN	
175,101	-2,865	12,95	NAN	
175,201	-2,865	12,95	NAN	
175,301	-2,865	12,95	NAN	
175,401	-2,865	12,95	NAN	
175,501	-2,865	12,95	NAN	
175,601	-2,865	13	NAN	
175,701	-2,865	13	NAN	
175,801	-2,865	13	NAN	
175,901	-2,865	13	NAN	
176,001	-2,865	13,05	NAN	
176,101	-2,865	13,05	NAN	
176,201	-2,865	13,05	NAN	
176,301	-2,865	13,05	NAN	
176,401	-2,865	13,05	NAN	
176,501	-2,865	13,05	NAN	
176,601	-2,865	13,1	NAN	
176,701	-2,865	13,1	NAN	
176,801	-2,865	13,1	NAN	
176,901	-2,865	13,15	NAN	
177,001	-2,865	13,1	NAN	
177,101	-2,865	13,15	NAN	
177,201	-2,865	13,15	NAN	
177,301	-2,865	13,15	NAN	
177,401	-2,865	13,15	NAN	
177,501	-2,865	13,2	NAN	
177,601	-2,865	13,15	NAN	
177,701	-2,865	13,2	NAN	
177,801	-2,865	13,2	NAN	
177,901	-2,865	13,2	NAN	
178,001	-2,865	13,25	NAN	
178,101	-2,865	13,25	NAN	
178,201	-2,865	13,25	NAN	
178,301	-2,865	13,25	NAN	
178,401	-2,865	13,3	NAN	
178,501	-2,865	13,25	NAN	
178,601	-2,865	13,3	NAN	
178,701	-2,865	13,3	NAN	
178,801	-2,865	13,3	NAN	
178,901	-2,865	13,3	NAN	
179,001	-2,865	13,3	NAN	
179,101	-2,865	13,35	NAN	
179,201	-2,865	13,35	NAN	
179,301	-2,865	13,35	NAN	
179,401	-2,865	13,35	NAN	
179,501	-2,865	13,35	NAN	
179,601	-2,865	13,4	NAN	
179,701	-2,865	13,4	NAN	
179,801	-2,865	13,35	NAN	
179,901	-2,865	13,4	NAN	
180,001	-2,865	13,4	NAN	
180,101	-2,865	13,4	NAN	
180,201	-2,865	13,4	NAN	
180,301	-2,865	13,45	NAN	
180,401	-2,865	13,4	NAN	
180,501	-2,865	13,45	NAN	
180,601	-2,865	13,45	NAN	
180,701	-2,865	13,5	NAN	
180,801	-2,865	13,45	NAN	
180,901	-2,865	13,45	NAN	
181,001	-2,865	13,5	NAN	
181,101	-2,865	13,5	NAN	
181,201	-2,865	13,5	NAN	
181,301	-2,865	13,5	NAN	
181,401	-2,865	13,55	NAN	
181,501	-2,865	13,5	NAN	
181,601	-2,865	13,55	NAN	
181,701	-2,865	13,5	NAN	
181,801	-2,865	13,55	NAN	
181,901	-2,865	13,55	NAN	
182,001	-2,865	13,6	NAN	
182,101	-2,865	13,55	NAN	
182,201	-2,865	13,6	NAN	
182,301	-2,865	13,6	NAN	
182,401	-2,865	13,6	NAN	
182,501	-2,865	13,6	NAN	
182,601	-2,865	13,6	NAN	
182,701	-2,865	13,65	NAN	
182,801	-2,865	13,65	NAN	
182,901	-2,865	13,65	NAN	
183,001	-2,865	13,65	NAN	
183,101	-2,865	13,65	NAN	
183,201	-2,865	13,65	NAN	
183,301	-2,865	13,7	NAN	
183,401	-2,865	13,7	NAN	
183,501	-2,865	13,75	NAN	
183,601	-2,865	13,65	NAN	
183,701	-2,865	13,7	NAN	
183,801	-2,865	13,7	NAN	
183,901	-2,865	13,75	NAN	
184,001	-2,865	13,75	NAN	
184,101	-2,865	13,75	NAN	
184,201	-2,865	13,75	NAN	
184,301	-2,865	13,75	NAN	
184,401	-2,865	13,8	NAN	
184,501	-2,865	13,75	NAN	
184,601	-2,865	13,8	NAN	
184,701	-2,865	13,8	NAN	
184,801	-2,865	13,8	NAN	
184,901	-2,865	13,85	NAN	
185,001	-2,865	13,85	NAN	
185,101	-2,865	13,85	NAN	
185,201	-2,865	13,85	NAN	
185,301	-2,865	13,85	NAN	
185,401	-2,865	13,85	NAN	
185,501	-2,865	13,9	NAN	
185,601	-2,865	13,85	NAN	
185,701	-2,865	13,9	NAN	
185,801	-2,865	13,85	NAN	
185,908	-2,865	13,9	NAN	
186,007	-2,865	13,95	NAN	
186,108	-2,865	13,9	NAN	
186,208	-2,865	13,95	NAN	
186,307	-2,865	13,95	NAN	
186,408	-2,865	13,95	NAN	
186,507	-2,865	13,95	NAN	
186,608	-2,865	13,95	NAN	
186,708	-2,865	13,95	NAN	
186,807	-2,865	13,95	NAN	
186,908	-2,865	13,95	NAN	
187,007	-2,865	14	NAN	
187,108	-2,865	14	NAN	
187,208	-2,865	14	NAN	
187,438	-2,865	14	NAN	
187,449	-2,865	14	NAN	
187,509	-2,865	14	NAN	
187,61	-2,865	14	NAN	
187,709	-2,865	14,05	NAN	
187,809	-2,865	14,05	NAN	
187,91	-2,865	14,05	NAN	
188,009	-2,865	14,05	NAN	
188,11	-2,865	14,05	NAN	
188,209	-2,865	14,1	NAN	
188,309	-2,865	14,1	NAN	
188,41	-2,865	14,1	NAN	
188,509	-2,865	14,1	NAN	
188,61	-2,865	14,1	NAN	
188,709	-2,865	14,1	NAN	
188,809	-2,865	14,15	NAN	
188,91	-2,865	14,1	NAN	
189,009	-2,865	14,1	NAN	
189,11	-2,865	14,15	NAN	
189,209	-2,865	14,15	NAN	
189,309	-2,865	14,15	NAN	
189,411	-2,865	14,15	NAN	
189,509	-2,865	14,15	NAN	
189,611	-2,865	14,2	NAN	
189,709	-2,865	14,2	NAN	
189,809	-2,865	14,2	NAN	
189,91	-2,865	14,2	NAN	
190,009	-2,865	14,2	NAN	
190,11	-2,865	14,2	NAN	
190,209	-2,865	14,25	NAN	
190,309	-2,865	14,2	NAN	
190,41	-2,865	14,25	NAN	
190,509	-2,865	14,25	NAN	
190,611	-2,865	14,25	NAN	
190,709	-2,865	14,25	NAN	
190,809	-2,865	14,3	NAN	
190,91	-2,865	14,25	NAN	
191,009	-2,865	14,3	NAN	
191,11	-2,865	14,3	NAN	
191,209	-2,865	14,3	NAN	
191,309	-2,865	14,3	NAN	
191,41	-2,865	14,3	NAN	
191,509	-2,865	14,3	NAN	
191,61	-2,865	14,3	NAN	
191,709	-2,865	14,35	NAN	
191,809	-2,865	14,3	NAN	
191,91	-2,865	14,35	NAN	
192,009	-2,865	14,35	NAN	
192,11	-2,865	14,35	NAN	
192,209	-2,865	14,35	NAN	
192,309	-2,865	14,35	NAN	
192,41	-2,865	14,35	NAN	
192,509	-2,865	14,35	NAN	
192,61	-2,865	14,4	NAN	
192,709	-2,865	14,35	NAN	
192,809	-2,865	14,4	NAN	
192,909	-2,865	14,35	NAN	
193,009	-2,865	14,4	NAN	
193,11	-2,865	14,4	NAN	
193,209	-2,865	14,4	NAN	
193,309	-2,865	14,4	NAN	
193,409	-2,865	14,4	NAN	
193,509	-2,865	14,4	NAN	
193,61	-2,865	14,4	NAN	
193,709	-2,865	14,45	NAN	
193,809	-2,865	14,45	NAN	
193,909	-2,865	14,45	NAN	
194,009	-2,865	14,5	NAN	
194,11	-2,865	14,45	NAN	
194,209	-2,865	14,45	NAN	
194,309	-2,865	14,45	NAN	
194,409	-2,865	14,45	NAN	
194,509	-2,865	14,45	NAN	
194,61	-2,865	14,5	NAN	
194,709	-2,865	14,5	NAN	
194,809	-2,865	14,5	NAN	
194,909	-2,865	14,5	NAN	
195,009	-2,865	14,5	NAN	
195,11	-2,865	14,55	NAN	
195,209	-2,865	14,55	NAN	
195,309	-2,865	14,55	NAN	
195,409	-2,865	14,55	NAN	
195,509	-2,865	14,55	NAN	
195,61	-2,865	14,55	NAN	
195,709	-2,865	14,55	NAN	
195,809	-2,865	14,55	NAN	
195,909	-2,865	14,55	NAN	
196,009	-2,865	14,55	NAN	
196,11	-2,865	14,6	NAN	
196,209	-2,865	14,6	NAN	
196,309	-2,865	14,6	NAN	
196,409	-2,865	14,6	NAN	
196,509	-2,865	14,65	NAN	
196,61	-2,865	14,65	NAN	
196,709	-2,865	14,65	NAN	
196,809	-2,865	14,65	NAN	
196,909	-2,865	14,65	NAN	
197,009	-2,865	14,7	NAN	
197,11	-2,865	14,65	NAN	
197,209	-2,865	14,65	NAN	
197,309	-2,865	14,7	NAN	
197,409	-2,865	14,7	NAN	
197,509	-2,865	14,7	NAN	
197,61	-2,865	14,7	NAN	
197,709	-2,865	14,7	NAN	
197,809	-2,865	14,7	NAN	
197,909	-2,865	14,7	NAN	
198,009	-2,865	14,75	NAN	
198,11	-2,865	14,75	NAN	
198,209	-2,865	14,75	NAN	
198,309	-2,865	14,8	NAN	
198,409	-2,865	14,75	NAN	
198,509	-2,865	14,75	NAN	
198,61	-2,865	14,75	NAN	
198,709	-2,865	14,75	NAN	
198,809	-2,865	14,8	NAN	
198,909	-2,865	14,8	NAN	
199,009	-2,865	14,8	NAN	
199,11	-2,865	14,8	NAN	
199,209	-2,865	14,85	NAN	
199,309	-2,865	14,8	NAN	
199,409	-2,865	14,85	NAN	
199,509	-2,865	14,8	NAN	
199,609	-2,865	14,8	NAN	
199,709	-2,865	14,85	NAN	
199,809	-2,865	14,85	NAN	
199,909	-2,865	14,85	NAN	
200,009	-2,865	14,85	NAN	
200,109	-2,865	14,85	NAN	
200,209	-2,865	14,9	NAN	
200,309	-2,865	14,9	NAN	
200,409	-2,865	14,9	NAN	
200,509	-2,865	14,9	NAN	
200,609	-2,865	14,9	NAN	
200,709	-2,865	14,9	NAN	
200,809	-2,865	14,95	NAN	
200,909	-2,865	14,95	NAN	
201,009	-2,865	14,9	NAN	
201,109	-2,865	14,95	NAN	
201,209	-2,865	14,95	NAN	
201,309	-2,865	14,95	NAN	
201,409	-2,865	14,9	NAN	
201,509	-2,865	14,9	NAN	
201,609	-2,865	14,95	NAN	
201,709	-2,865	14,95	NAN	
201,809	-2,865	14,95	NAN	
201,909	-2,865	14,95	NAN	
202,009	-2,865	14,95	NAN	
202,109	-2,865	14,95	NAN	
