# mit der Uhr
# Winkel	Spannung in ??? <-- BITTE IMMER EINHEIT MIT HINSCHREIBEN!!!
240.0	-0.21733
238.0	-0.21031
236.0	-0.20281
234.0	-0.19582
232.0	-0.18908
230.0	-0.18246
228.0	-0.17361
226.0	-0.16827
224.0	-0.16020
222.0	-0.15172
220.0	-0.14440
218.0	-0.13778
216.0	-0.13056
214.0	-0.12347
212.0	-0.11545
210.0	-0.10953
208.0	-0.10125
206.0	-0.09277
204.0	-0.08426
202.0	-0.07877
200.0	-0.07176

320.0	-0.46076	
312.0	-0.43808
310.0	-0.43389
300.0	-0.40434
290.0	-0.37629
280.0	-0.34870
270.0	-0.31782
260.0	-0.28531
250.0	-0.25117
240.0	-0.21793
230.0	-0.18233	# blau
220.0	-0.14521	# gelb
210.0	-0.10960	# rot
200.0	-0.07157
