#INFO
#COMMENT: 

#DATA:
-0.44482447	0.001966724	
-0.44482447	0.007704825	
-0.44482025	0.001880214	
-0.44482447	0.001862767	
-0.44482236	0.001981384	
-0.4448213	0.014805217	
-0.44482025	0.01321674	
-0.44482869	0.010915739	
-0.44750677	0.006687034	
-0.45321971	0.006294948	
-0.45823596	0.006406958	
-0.4623444	0.006415526	
-0.46510588	0.00649512	
-0.46632722	0.00648459	
-0.46629555	0.006484384	
-0.46605909	0.006476744	
-0.46587119	0.006461879	
-0.46579097	0.006442264	
-0.46574663	0.006429773	
-0.46570863	0.00642554	
-0.46569385	0.006424095	
-0.46567802	0.006421514	
-0.46566852	0.006423475	
-0.46566218	0.006423166	
-0.46565796	0.006426056	
-0.46564951	0.006425437	
-0.4656474	0.006421617	
-0.46563579	0.006439993	
-0.46564001	0.006419656	
-0.46563474	0.006417075	
-0.46563262	0.006434315	
-0.46563474	0.006443606	
-0.46563262	0.006438444	
-0.46562629	0.006439477	
-0.46562946	0.006440303	
-0.4656284	0.006435657	
-0.46562101	0.006428534	
-0.46561468	0.006415939	
-0.4656094	0.006410055	
-0.46560096	0.006411294	
-0.46559568	0.006411087	
-0.46559251	0.006409642	
-0.4655904	0.006412636	
-0.46558196	0.006410571	
-0.46557773	0.006410984	
-0.46557562	0.006407371	
-0.46557562	0.006409126	
-0.46556718	0.006411294	
-0.46556823	0.006406545	
-0.46556507	0.006406029	
-0.46556084	0.006402209	
-0.46556084	0.006405203	
-0.46555768	0.006406648	
-0.46555662	0.006406029	
-0.46555134	0.006406132	
-0.46555134	0.006402828	
-0.46554818	0.006404583	
-0.46554606	0.006404893	
-0.46554606	0.006401693	
-0.46554184	0.006396634	
-0.46553445	0.006400041	
-0.46553129	0.006399731	
-0.46553234	0.006400351	
-0.46552706	0.006393537	
-0.46551545	0.006388892	
-0.46547006	0.006384762	
-0.46536344	0.006387343	
-0.46525999	0.006396015	
-0.46517343	0.006396841	
-0.46510588	0.00638404	
-0.46480608	0.006345946	
-0.46333562	0.006312395	
-0.46163925	0.006273886	
-0.46024057	0.006305581	
-0.45836264	0.006388995	
-0.45713391	0.00662757	
-0.45533198	0.007244191	
-0.45337594	0.009203589	
-0.45129322	0.010729091	
-0.44918836	0.009731532	
-0.44734632	0.04390962	
-0.43160825	0.013990487	
-0.42956142	0.007438273	
-0.42765396	0.007467076	
-0.42627006	0.005596873	
-0.4246497	0.005098043	
-0.42249203	0.00485317	
-0.42078194	0.004682007	
-0.41948565	0.004570411	
-0.41810069	0.00443858	
-0.41666929	0.00430262	
-0.41522838	0.004195565	
-0.41350668	0.004104614	
-0.4114514	0.004025949	
-0.40871737	0.003951723	
-0.40671701	0.003881936	
-0.40486864	0.003801	
-0.40357341	0.003742673	
-0.40237001	0.003690746	
-0.40101989	0.003633347	
-0.3993383	0.003573161	
-0.39786361	0.003506059	
-0.39570703	0.003442053	
-0.39375732	0.003381248	
-0.39199128	0.003321888	
-0.38963727	0.003257779	
-0.3877699	0.003197697	
-0.38589619	0.003139059	
-0.38435394	0.003088371	
-0.38269558	0.003044393	
-0.38099077	0.003004441	
-0.37963959	0.002968929	
-0.37813429	0.002929803	
-0.3759587	0.002892845	
-0.3738232	0.002851448	
-0.37229573	0.002812012	
-0.37087488	0.002776293	
-0.3690814	0.002737373	
-0.36707468	0.00269928	
-0.36570874	0.002666245	
-0.36413166	0.002636616	
-0.36185682	0.002605749	
-0.35956192	0.002579424	
-0.35725753	0.00255888	
-0.35509458	0.002537924	
-0.35322299	0.002516245	
-0.35181058	0.002493636	
-0.35050162	0.00247206	
-0.34896993	0.002448316	
-0.34587277	0.002422714	
-0.34304059	0.002398763	
-0.34104865	0.002377187	
-0.33890577	0.002358295	
-0.33631213	0.002339507	
-0.33307987	0.002318344	
-0.32917412	0.002300071	
-0.32590384	0.002283966	
-0.32285735	0.002268172	
-0.31993014	0.002253925	
-0.31737134	0.002238853	
-0.3139955	0.002225742	
-0.31083607	0.00221418	
-0.30823927	0.002201688	
-0.30489509	0.002187752	
-0.30250838	0.002176706	
-0.30078668	0.002164317	
-0.29896153	0.002155852	
-0.29655052	0.00214811	
-0.29435168	0.002141193	
-0.29238508	0.002131592	
-0.29004479	0.002125708	
-0.2879494	0.002117965	
-0.28594375	0.002112597	
-0.28365624	0.002105061	
-0.28206756	0.002101035	
-0.28029413	0.002095974	
-0.27872127	0.002088851	
-0.27642954	0.002079353	
-0.2744545	0.002071817	
-0.27147556	0.002066655	
-0.2691775	0.002063145	
-0.26668204	0.002060668	
-0.2633632	0.002060255	
-0.26162039	0.002061907	
-0.25964957	0.00206872	
-0.25741485	0.002076669	
-0.25486344	0.002072643	
-0.25335497	0.002073469	
-0.25170716	0.002075947	
-0.25043726	0.002079663	
-0.24912092	0.002079973	
-0.24785841	0.002083896	
-0.2466814	0.002090606	
-0.2450811	0.002091329	
-0.24394526	0.002102067	
-0.24273553	0.00210888	
-0.24144241	0.002111152	
-0.24032453	0.002117655	
-0.23936392	0.0021159	
-0.23823548	0.00211239	
-0.236461	0.002123333	
-0.23464429	0.002133966	
-0.23271358	0.002146355	
-0.23049785	0.0021542	
-0.22820614	0.002158949	
-0.22686657	0.002159156	
-0.22544255	0.002164214	
-0.22390241	0.002179803	
-0.22238339	0.00220014	
-0.22075669	0.002213767	
-0.21909833	0.002233072	
-0.2171824	0.002274675	
-0.21550715	0.00232557	
-0.213701	0.002387821	
-0.21191068	0.002459259	
-0.21033782	0.002522439	
-0.20865836	0.002604304	
-0.2067762	0.002679046	
-0.20499645	0.002780629	
-0.20316813	0.002889748	
-0.201666	0.002988853	
-0.19994007	0.003098901	
-0.19852131	0.003199761	
-0.19688195	0.003291847	
-0.19520564	0.00337588	
-0.1939178	0.003450209	
-0.1927334	0.0035361	
-0.19135583	0.003630353	
-0.18980514	0.003748351	
-0.1877256	0.00387151	
-0.18588039	0.004037924	
-0.18433709	0.0042254	
-0.18229237	0.004470892	
-0.17977474	0.004801966	
-0.17739011	0.005248972	
-0.17499388	0.005886859	
-0.1727127	0.006722237	
-0.1706891	0.007862981	
-0.16843009	0.009882358	
-0.16558734	0.013250085	
-0.16322489	0.017947068	
-0.1611485	0.024279806	
-0.15850631	0.034331274	
-0.15628424	0.046024697	
-0.1545731	0.056580372	
-0.15285245	0.068415855	
-0.15144533	0.082434239	
-0.15013426	0.096580016	
-0.1486469	0.11408133	
-0.08227854	0.097854761	
-0.08094848	0.066080059	
-0.07987703	0.042393306	
-0.07882564	0.027391514	
-0.07737418	0.017438944	
-0.07556275	0.010720935	
-0.07342514	0.006525574	
-0.07050005	0.004469447	
-0.06754434	0.003669376	
-0.06490637	0.003383313	
-0.06255658	0.003301344	
-0.06103333	0.003323127	
-0.05965998	0.003386616	
-0.05807445	0.003460119	
-0.05661032	0.003555095	
-0.0538404	0.003733278	
-0.05129743	0.003896389	
-0.04917671	0.004108743	
-0.0473389	0.004359399	
-0.04564253	0.004696357	
-0.04406228	0.005058401	
-0.04260871	0.005357678	
-0.04095243	0.005613081	
-0.0406822	0.005592124	
-0.04066742	0.00559326	
-0.04065053	0.005602964	
-0.04064631	0.005601932	
-0.04064208	0.005584588	
-0.04064208	0.005550314	
-0.04064842	0.005514802	
-0.04065475	0.005496426	
-0.04065053	0.005489303	
-0.04065686	0.005482902	
-0.04065581	0.00547423	
-0.04065686	0.005473404	
-0.04065475	0.005469069	
-0.04065686	0.005463494	
-0.04066109	0.005466178	
-0.04065897	0.005470617	
-0.04066109	0.005466591	
-0.04065897	0.00545761	
-0.04066109	0.005453687	
-0.0406632	0.005452241	
-0.04066531	0.005455235	
-0.0406632	0.005453274	
-0.04066531	0.005450177	
-0.04066847	0.005448215	
-0.04066953	0.005446563	
-0.04066953	0.005444395	
-0.04067164	0.005445944	
-0.04067164	0.005448938	
-0.04067164	0.005439027	
-0.04067375	0.005440473	
-0.04067375	0.005437788	
-0.04067586	0.00543624	
-0.04067586	0.00543593	
-0.04068009	0.005436137	
-0.04067481	0.00543242	
-0.04068009	0.005430872	
-0.04067798	0.005431698	
-0.04068009	0.00543242	
-0.04067903	0.005433143	
-0.0406822	0.005431181	
-0.04068431	0.005430046	
-0.0406822	0.005429943	
-0.04068431	0.005431388	
-0.04068431	0.005434175	
-0.04068431	0.005433866	
-0.04068642	0.005432833	
-0.04068431	0.005433659	
-0.04068642	0.00543304	
-0.04068642	0.005432214	
-0.04068431	0.005431801	
-0.04068642	0.005433246	
-0.04068431	0.005433246	
-0.04068853	0.005434691	
-0.04068431	0.005433659	
-0.04068642	0.005435311	
-0.04068642	0.005434278	
-0.04068642	0.005434898	
-0.04068642	0.005438408	
-0.04068642	0.005433659	
-0.04068853	0.005433866	
-0.04068853	0.005433866	
-0.04068853	0.005431285	
-0.04068748	0.005428188	
-0.04068853	0.005427259	
-0.04068853	0.0054222	
-0.04068642	0.005417038	
-0.04069064	0.005410947	
-0.04068853	0.005407437	
-0.04068853	0.005403411	
-0.04068853	0.005403205	
