#INFO
#COMMENT: 

#DATA:
-0.43056953	0.040660196	
-0.42734995	0.000674845	
-0.42029847	0.000490984	
-0.41403237	0.000445974	
-0.40465541	0.00038744	
-0.39827741	0.000362147	
-0.39059471	0.000314866	
-0.38332578	0.000294942	
-0.37803189	0.000267791	
-0.37370919	0.00025819	
-0.37091921	0.000248383	
-0.36762149	0.000249105	
-0.36475658	0.000227426	
-0.36121184	0.000235891	
-0.35723642	0.00023682	
-0.35279124	0.000224742	
-0.34942596	0.000227013	
-0.34347339	0.000207708	
-0.33901872	0.000186648	
-0.3326703	0.00019181	
-0.32567794	0.000186752	
-0.32008004	0.000185926	
-0.31717288	0.000184171	
-0.3160381	0.000200275	
-0.3154723	0.000200585	
-0.31543218	0.000214006	
-0.31551663	0.00020234	
-0.31555358	0.000214006	
-0.31557152	0.000206676	
-0.31557364	0.000210599	
-0.31558419	0.00019914	
-0.31570875	0.000204818	
-0.31592199	0.000222574	
-0.31596949	0.000237337	
-0.31612783	0.000223503	
-0.31618695	0.000232794	
-0.31620806	0.000211528	
-0.31526329	0.000200688	
-0.3143618	0.000187681	
-0.31368938	0.000200998	
-0.31363977	0.000196972	
-0.31362605	0.00020936	
-0.31364716	0.000197901	
-0.31366827	0.00020585	
-0.31365982	0.000195939	
-0.31286389	0.000204921	
-0.31103241	0.000186545	
-0.30893386	0.000200688	
-0.30528567	0.000196456	
-0.30187185	0.00019181	
-0.29946611	0.000200791	
-0.29591926	0.000245389	
-0.29214651	0.000280385	
-0.28785123	0.000281211	
-0.28375547	0.000222884	
-0.28051686	0.000211838	
-0.27653299	9.0537e-005	
-0.27173947	0.000213283	
-0.26748113	0.0001819	
-0.26275517	0.000219683	
-0.2584694	0.000243014	
-0.25341831	0.000263042	
-0.24893724	0.000255299	
-0.24500826	0.000259326	
-0.24086182	6.8341e-005	
-0.23547083	0.000264281	
-0.22945176	0.000219064	
-0.22381691	0.000263455	
-0.21794138	0.000212457	
-0.21149372	0.000231762	
-0.20440847	0.000273778	
-0.19710363	0.000310736	
-0.18996348	0.000343462	
-0.18256683	0.000405506	
-0.17421906	0.000601755	
-0.16646139	0.001526531	
-0.15668749	0.006206784	
-0.14780136	0.01723103	
-0.14000251	0.033507459	
-0.13168007	0.056842797	
-0.12279499	0.079092727	
-0.11415905	0.088725999	
-0.10814419	0.092125319	
-0.10261383	0.092888949	
-0.09742128	0.086991237	
-0.09141593	0.057315509	
-0.08343868	0.01673385	
-0.07852479	0.002894496	
-0.07297334	0.000629009	
-0.06671463	0.000281831	
-0.06168675	0.000232072	
-0.05846714	0.000239814	
-0.05523486	0.000282244	
-0.05171757	0.000314556	
-0.04848529	0.000368754	
-0.04682904	0.000462491	
-0.04643635	0.000405506	
-0.04645957	0.000321163	
-0.04778647	0.000259532	
-0.06136584	0.004078495	
-0.08129683	0.091508595	
-0.10518954	0.0763507	
-0.1285428	0.020135029	
-0.14996958	0.001190193	
-0.17026052	0.000332519	
-0.18689272	0.000254267	
-0.1990977	0.000209463	
-0.21100602	0.000222368	
-0.22132567	0.000232691	
-0.22940531	0.000247041	
-0.23650744	0.000239608	
-0.24282632	0.00025086	
-0.24859839	0.000236924	
-0.25194995	0.000233414	
-0.25391444	6.6896e-005	
-0.25447603	0.00023775	
-0.2544982	0.000222677	
-0.25447392	0.000231555	
-0.25448131	0.000206573	
-0.25448025	0.000236511	
-0.25448025	0.000233104	
-0.25448658	0.000371438	
-0.25448658	0.000294116	
-0.25448764	0.000286889	
-0.25448658	0.000249415	
-0.25448447	0.000225155	
-0.25448658	-0.001269892	
-0.25448658	-4.1294e-005	
-0.25448236	0.000207192	
-0.25448658	0.000314969	
-0.25448236	0.000185719	
-0.25448236	0.000230317	
-0.25448342	0.000204818	
-0.25448447	0.000224329	
-0.2544887	0.00020616	
-0.25448131	0.000266552	
-0.25448025	0.000290812	
-0.25448447	0.000298245	
-0.25448342	0.000263145	
-0.25448447	0.000221851	
-0.25447603	0.000164556	
-0.25447814	0.000166208	
-0.25448236	0.000171783	
-0.25447603	0.000126463	
-0.25447603	0.000215864	
-0.25446758	0.000227633	
-0.25447181	0.000221851	
-0.25447075	0.000252512	
-0.25447392	0.000224123	
-0.25447181	0.000234033	
-0.25446969	0.000217309	
-0.25447181	0.000226807	
-0.25447181	0.00021318	
-0.25447181	0.000235582	
-0.25447181	0.000199966	
-0.25447181	0.000115416	
-0.25446969	0.00010117	
-0.25447181	0.000234033	
-0.25447497	0.000253751	
-0.25446969	0.000291741	
-0.25447181	0.000158465	
-0.25446864	0.000207605	
-0.25447075	0.000222264	
-0.25446758	0.000259738	
-0.25446758	0.000212044	
-0.25447075	0.000209876	
-0.25446864	0.000179835	
-0.25446969	0.000189745	
-0.25446969	0.000198211	
-0.25446969	0.000238059	
-0.25446969	0.000225981	
-0.25447075	0.000206779	
-0.25446758	0.000197075	
-0.25446969	0.000227323	
-0.25446969	0.000217722	
-0.25447075	0.000218548	
-0.25446547	0.000216896	
-0.25446653	0.000208741	
-0.25446758	0.00020585	
-0.25446547	0.000206366	
-0.25446758	0.000205231	
-0.25446758	0.000213799	
-0.25446969	0.000198933	
-0.25446969	0.00020616	
-0.25446969	0.00020203	
-0.25446547	0.000196559	
-0.25446336	0.000212147	
-0.25446653	0.000221645	
-0.25446336	0.000212767	
-0.25446547	0.000209153	
-0.25446547	0.000207502	
-0.25446653	0.000208328	
-0.25446864	0.000201721	
-0.25446758	0.000214522	
-0.25446653	0.000223193	
-0.25446758	0.000213386	
-0.25446653	0.000190984	
-0.25446758	0.000158775	
-0.25446758	0.000144425	
-0.25446653	0.000175086	
-0.25446547	0.000185926	
-0.25446758	0.000708809	
