#INFO
#COMMENT: 

#DATA:
0.5285526	1.1356e-005	0.00106029948	
0.5285738	1.2388e-005	0.00106492792	
0.5285421	1.053e-005	0.00105785587	
0.5285738	9.704e-006	0.00105819468	
0.5285526	-1.7447e-005	0.00103502312	
0.5285738	1.3937e-005	0.00105885358	
0.5285738	1.1562e-005	0.00105268856	
0.528595	1.1769e-005	0.00105911236	
0.5285738	1.3524e-005	0.00105639932	
0.528595	2.06e-007	0.00105448392	
0.5286373	4.336e-006	0.00105616989	
0.5288488	2.06e-007	0.00105135205	
0.5290181	-1.3317e-005	0.00103816564	
0.5292085	-5.368e-006	0.00103341717	
0.5292403	9.601e-006	0.00102737219	
0.5305203	-2.581e-006	0.00102156728	
0.5315994	3.1e-007	0.00101395636	
0.5329217	1.961e-006	0.00100480887	
0.5343604	2.891e-006	0.00099356722	
0.5364551	-1.032e-006	0.000986415146	
0.5388459	4.129e-006	0.000985388073	
0.5409088	2.271e-006	0.000978505432	
0.5426437	4.129e-006	0.000970625082	
0.5439872	1.445e-006	0.000964161271	
0.5448547	-8.26e-007	0.000957628086	
0.5457222	4.129e-006	0.000954146754	
0.5472455	-1.858e-006	0.000952799589	
0.5489804	3.613e-006	0.000932162313	
0.5514453	2.065e-006	0.000941838022	
0.5534976	-1.755e-006	0.000928761003	
0.5548729	2.271e-006	0.000934595276	
0.5563116	8.981e-006	0.000936281249	
0.557433	6.607e-006	0.000925698502	
0.5586601	-1.445e-006	0.000926306743	
0.5599719	1.3833e-005	0.000918466405	
0.5621088	1.1872e-005	0.000919464113	
0.5633994	7.226e-006	0.000912232016	
0.5653248	7.846e-006	0.000911663786	
0.5665837	1.4246e-005	0.000912392062	
0.5684879	1.0633e-005	0.000897170228	
0.5698843	7.639e-006	0.000902516294	
0.5710268	8.981e-006	0.000895633653	
0.5723809	9.498e-006	0.000893528849	
0.5741793	6.813e-006	0.000893350087	
0.575745	8.052e-006	0.00088672623	
0.5773953	1.1975e-005	0.000881758983	
0.5783686	9.704e-006	0.000877199919	
0.5794053	1.3421e-005	0.00087804823	
0.5802728	1.4556e-005	0.000876132835	
0.5811825	1.8479e-005	0.000871504396	
0.5828117	1.8582e-005	0.000861799323	
0.5847582	1.1253e-005	0.000861759311	
0.586546	1.7756e-005	0.000859035618	
0.5882386	1.0736e-005	0.000854756635	
0.5898255	3.923e-006	0.000865240644	
0.5914758	1.8892e-005	0.000855874379	
0.5921105	1.3214e-005	0.000856981474	
0.592978	8.156e-006	0.00085888622	
0.594057	2.1163e-005	0.00086128982	
0.5947764	1.786e-005	0.000864432345	
0.5958554	1.022e-005	0.000859574484	
0.5968498	9.085e-006	0.0008617193	
0.5981193	1.1562e-005	0.000861420503	
0.5996744	1.5898e-005	0.000869450252	
0.6017796	1.4763e-005	0.000876821099	
0.6031337	8.052e-006	0.000874566897	
0.6050485	1.2285e-005	0.00087785882	
0.6059054	1.5176e-005	0.000879384746	
0.6069104	1.3833e-005	0.000883554343	
0.608074	1.5382e-005	0.000892272355	
0.60928	-7.639e-006	0.000886995663	
0.6102744	2.488e-005	0.000894876014	
0.6113535	1.3111e-005	0.000894945389	
0.612771	8.981e-006	0.000904052869	
0.6144637	7.123e-006	0.000905429397	
0.6154792	1.6414e-005	0.000910127212	
0.6161986	1.1769e-005	0.000910786112	
0.6176585	7.123e-006	0.000920301776	
0.6192665	1.8273e-005	0.000920411162	
0.6209485	1.3317e-005	0.00093127399	
0.6226411	8.775e-006	0.000943043856	
0.6248627	1.8169e-005	0.000948331196	
0.6270419	1.3833e-005	0.000960799974	
0.6287346	1.4763e-005	0.000968330868	
0.6305756	1.2182e-005	0.000979772574	
0.6327125	1.2285e-005	0.000992230703	
0.634257	1.1562e-005	0.00100046051	
0.6361189	1.404e-005	0.00102198611	
0.6396628	1.8892e-005	0.0010402598	
0.642498	1.0633e-005	0.00105197093	
0.6447619	9.188e-006	0.00107116231	
0.6466661	1.8376e-005	0.00109197028	
0.6491627	7.23e-007	0.00111464298	
0.6523998	9.085e-006	0.00113872158	
0.6555735	1.2491e-005	0.00116075668	
0.6600695	3.2106e-005	0.00119149915	
0.6641318	1.7756e-005	0.00122033687	
0.6673478	1.8376e-005	0.00124812622	
0.6697809	1.2078e-005	0.0012742909	
0.6719178	2.3434e-005	0.00129612595	
0.674023	8.775e-006	0.00132254942	
0.6764773	2.9938e-005	0.00134636923	
0.6794817	1.0736e-005	0.00137608462	
0.6819572	1.0117e-005	0.00140357518	
0.6835546	-1.5692e-005	0.00141704166	
0.6855117	2.0028e-005	0.0014346671	
0.687035	1.2595e-005	0.00145287141	
0.6891402	9.085e-006	0.00148250678	
0.6917426	1.5898e-005	0.00151439635	
0.69407	-2.271e-006	0.00153401721	
0.6961011	1.3937e-005	0.00156396202	
0.6978784	1.2078e-005	0.001576919	
0.6990632	1.3421e-005	0.00159351737	
0.7008616	1.755e-005	0.00160832037	
0.7022369	1.2388e-005	0.00161979144	
0.7038237	9.291e-006	0.00164533724	
0.7062992	2.0028e-005	0.00166583576	
0.708489	1.1562e-005	0.00169026382	
0.7104567	1.1975e-005	0.00171587899	
0.7125724	1.3524e-005	0.00173420333	
0.7144766	1.6414e-005	0.00175256769	
0.7166347	7.226e-006	0.00176536463	
0.718814	1.2182e-005	0.00178329951	
0.7205701	1.5072e-005	0.00179733423	
0.7216491	1.4866e-005	0.00180322981	
0.7237437	1.053e-005	0.00181443144	
0.7258912	8.259e-006	0.00181274547	
0.7290649	1.084e-005	0.00181068068	
0.7317625	1.693e-005	0.00180907473	
0.734312	9.704e-006	0.00182479542	
0.7364278	1.724e-005	0.00184456567	
0.7391571	1.2801e-005	0.00187178679	
0.7416749	1.1666e-005	0.00190410584	
0.7438013	1.4556e-005	0.0019200453	
0.7463825	1.4763e-005	0.00192567145	
0.7480963	1.3833e-005	0.00194441463	
0.7501063	1.1872e-005	0.00196081293	
0.7509737	1.4866e-005	0.00197928668	
0.7521374	1.5898e-005	0.00198616932	
0.7533011	1.4246e-005	0.00199270251	
0.7540628	7.639e-006	0.00200747615	
0.755565	1.6001e-005	0.00201725059	
0.756369	8.878e-006	0.00202877232	
0.7572153	7.639e-006	0.00202915114	
0.7584213	6.19e-007	0.00202459208	
0.7601351	1.0117e-005	0.00202490152	
0.76187	8.878e-006	0.00202544039	
0.7632876	1.373e-005	0.00204532003	
0.764282	1.4246e-005	0.00204639776	
0.765287	8.465e-006	0.00204919083	
0.7661544	1.4556e-005	0.00204548007	
0.7669373	1.8479e-005	0.00203229367	
0.7676566	1.0117e-005	0.00203133597	
0.7684606	6.504e-006	0.00203018886	
0.7691165	1.5382e-005	0.00202556042	
0.770259	1.1356e-005	0.00203117592	
0.7718247	9.704e-006	0.00202112139	
0.772798	1.1975e-005	0.00201488701	
0.7736231	1.2182e-005	0.00199186484	
0.7743848	1.435e-005	0.00196865327	
0.7750618	1.1666e-005	0.00192865393	
0.7755908	1.2595e-005	0.00180296037	
0.7765429	1.0736e-005	0.00164659373	
0.7775373	5.575e-006	0.00158120864	
0.7779605	1.0943e-005	0.00158376163	
0.7780662	9.911e-006	0.00158813129	
0.7780662	1.0117e-005	0.00158679477	
0.7781086	8.259e-006	0.00158713358	
0.7781086	1.0323e-005	0.0015872136	
0.7781297	5.988e-006	0.00158709357	
0.7781297	7.949e-006	0.00158950782	
0.778172	1.3111e-005	0.00158843008	
0.7781403	1.022e-005	0.0015865547	
0.778172	8.672e-006	0.00158981726	
0.7781509	8.465e-006	0.00158732299	
0.778172	6.504e-006	0.00158618653	
0.778172	6.401e-006	0.00159305852	
0.7781826	1.435e-005	0.00158893959	
0.7781932	9.704e-006	0.00158965721	
0.7781932	4.542e-006	0.00158885956	
0.7782143	1.3008e-005	0.00159114313	
0.7782143	1.1975e-005	0.00159752692	
0.7782143	7.743e-006	0.00158667474	
0.7782355	1.2904e-005	0.00158873953	
0.7782461	1.0323e-005	0.00159134319	
0.7782461	1.404e-005	0.00159084433	
0.7782461	1.2182e-005	0.00158759242	
0.7782567	5.368e-006	0.0015872136	
0.7782355	1.2904e-005	0.00159037484	
0.7782672	6.401e-006	0.00158877954	
0.7782672	7.846e-006	0.00159627042	
0.7782567	1.5382e-005	0.0015971481	
0.7782355	9.704e-006	0.00159118314	
