#INFO
#COMMENT: 

#DATA:
0.5057975	1.8685e-005	0.00097625123	
0.5058186	8.362e-006	0.000975293533	
0.5057975	3.0867e-005	0.000973308763	
0.5057975	3.0248e-005	0.000970785128	
0.5058186	3.6855e-005	0.00097101455	
0.5058186	3.8403e-005	0.000966684907	
0.5061572	2.5705e-005	0.000967912037	
0.5067073	1.9615e-005	0.000961029395	
0.5077652	3.097e-005	0.000958465748	
0.5086326	2.1266e-005	0.000955752703	
0.5093731	1.9202e-005	0.000957009197	
0.5097963	2.1783e-005	0.000959154013	
0.5104522	3.0661e-005	0.000951583107	
0.5114572	2.9628e-005	0.000952231359	
0.512367	3.5822e-005	0.000946645223	
0.5131815	3.4687e-005	0.000942096807	
0.5146732	1.3111e-005	0.000939463785	
0.5168101	1.084e-005	0.0009314634	
0.5199203	-1.3421e-005	0.000924391349	
0.5209359	3.716e-006	0.000914256796	
0.5218879	-7.23e-007	0.000908830706	
0.5236229	-1.032e-006	0.000918845224	
0.5253367	1.0427e-005	0.000907913021	
0.5271562	9.29e-007	0.000902406908	
0.5287642	-3.716e-006	0.000900043319	
0.5302664	5.988e-006	0.000891962911	
0.5319485	1.1149e-005	0.000886576832	
0.5332391	1.2182e-005	0.000874028031	
0.5350163	1.6105e-005	0.000868871374	
0.5369628	9.085e-006	0.000863365261	
0.5388036	1.1253e-005	0.000858048558	
0.5400942	8.465e-006	0.000856482619	
0.5412684	5.781e-006	0.000847305764	
0.5424004	2.0957e-005	0.000845080925	
0.5436064	1.6621e-005	0.000848682292	
0.54422	1.1872e-005	0.000844971539	
0.5447912	1.9924e-005	0.00084095134	
0.5454471	1.2388e-005	0.000832652159	
0.5462088	1.0633e-005	0.000834268757	
0.5474571	1.6827e-005	0.000824782457	
0.5490439	9.085e-006	0.000826308383	
0.5516886	1.0736e-005	0.000828981417	
0.553413	1.2595e-005	0.000820303416	
0.554217	1.4143e-005	0.000815336169	
0.5549152	1.7653e-005	0.000814877326	
0.5556663	1.0633e-005	0.000817400961	
0.5567982	1.2595e-005	0.000815864386	
0.5579196	1.1562e-005	0.000807914661	
0.559041	1.5692e-005	0.000813500798	
0.5601623	1.1253e-005	0.000805391026	
0.5615693	8.465e-006	0.000797550687	
0.562532	1.8169e-005	0.000799226012	
0.5636745	1.053e-005	0.000800044959	
0.5654729	9.085e-006	0.000793461114	
0.5664673	1.2595e-005	0.000793690535	
0.5682128	2.0131e-005	0.000785161933	
0.5698843	1.053e-005	0.00078309714	
0.5710268	1.2698e-005	0.000786429074	
0.5720847	1.1356e-005	0.000780533493	
0.5735234	2.3538e-005	0.000779965264	
0.5745178	8.259e-006	0.000775187427	
0.575618	9.085e-006	0.00077502738	
0.5770674	2.4054e-005	0.000778119245	
0.5783474	1.5072e-005	0.000770588351	
0.5795534	1.435e-005	0.000773082623	
0.5808017	1.7756e-005	0.000768913026	
0.5821135	1.3937e-005	0.000770398941	
0.5836157	1.7653e-005	0.000776414557	
0.5848534	1.2801e-005	0.000772463733	
0.5869163	2.106e-005	0.000772773178	
0.5893388	1.2491e-005	0.000772693155	
0.5919836	3.097e-006	0.00077804987	
0.5943532	1.5279e-005	0.000788912698	
0.5959612	1.8789e-005	0.000789211494	
0.5974317	1.7137e-005	0.000795405872	
0.5986271	8.052e-006	0.000802517935	
0.6001505	2.3847e-005	0.000802029728	
0.6016103	1.022e-005	0.000811705438	
0.6026048	1.0323e-005	0.000815795011	
0.6039271	2.4157e-005	0.000819006911	
0.6052177	1.5485e-005	0.000821141078	
0.6061064	1.1769e-005	0.000824851832	
0.6074816	1.435e-005	0.000839884257	
0.6088992	1.6311e-005	0.000844672742	
0.6103591	1.7447e-005	0.000845659803	
0.6115439	1.022e-005	0.000854796647	
0.6130038	1.6827e-005	0.000868791351	
0.6146752	1.8685e-005	0.000871045553	
0.6152677	9.704e-006	0.000876970498	
0.6168757	1.7447e-005	0.000885120281	
0.6183567	1.9408e-005	0.000895564278	
0.619806	1.4246e-005	0.000903284582	
0.6212024	1.6105e-005	0.000912312039	
0.6230008	1.6827e-005	0.000929897462	
0.6242809	9.911e-006	0.000929409256	
0.6252435	1.0427e-005	0.000938506088	
0.6264918	2.2815e-005	0.000943243914	
0.6278883	1.4246e-005	0.000960530541	
0.6294965	1.3937e-005	0.000966495497	
0.6315488	1.4143e-005	0.000982176174	
0.6334319	1.3937e-005	0.000994644952	
0.6343205	1.8995e-005	0.00100256531	
0.6354419	1.6208e-005	0.00101673878	
0.635992	1.3317e-005	0.00102022011	
0.6369441	1.8789e-005	0.00102684397	
0.6374095	1.3627e-005	0.00102236493	
0.6378856	8.878e-006	0.0010327289	
0.6382347	2.3331e-005	0.00103291831	
0.6385732	1.5382e-005	0.00102832988	
0.6387742	1.3937e-005	0.00103453491	
0.6393455	2.0647e-005	0.00104021978	
0.6394936	1.8685e-005	0.00104603534	
0.6395571	1.1666e-005	0.00104607535	
0.6398321	1.6208e-005	0.00104989549	
0.6403822	1.8685e-005	0.00105631929	
0.6419479	1.9511e-005	0.00106378081	
0.6428788	2.0544e-005	0.00107154113	
0.6438521	1.4866e-005	0.00108431935	
0.6444445	1.9718e-005	0.00108836891	
0.645312	1.3317e-005	0.00109834342	
0.6463698	1.3214e-005	0.00111172988	
0.6478932	2.3538e-005	0.00112974478	
0.6491415	1.724e-005	0.00114816787	
0.6508976	1.6414e-005	0.00115960957	
0.6528124	2.0131e-005	0.00117513021	
0.6542405	1.9408e-005	0.0011887861	
0.6554042	1.5279e-005	0.00119597819	
0.6563246	1.724e-005	0.00121272595	
0.6576998	3.9126e-005	0.00122159336	
0.6588635	1.9408e-005	0.00123035138	
0.6600378	2.075e-005	0.00123948823	
0.6613601	2.457e-005	0.00125631601	
0.6633489	2.1163e-005	0.00126809653	
0.6646607	1.4659e-005	0.0012792688	
0.6654436	2.6635e-005	0.00128951274	
0.6662687	4.2842e-005	0.00129731306	
0.6678132	1.1872e-005	0.00130893353	
0.6685326	2.0337e-005	0.0013141302	
0.6691462	1.7756e-005	0.00131823042	
0.6694847	2.4673e-005	0.00133496753	
0.6702675	1.7963e-005	0.00134350679	
0.6707965	2.8802e-005	0.00134747632	
0.6719601	2.2299e-005	0.00136342643	
0.672743	4.1397e-005	0.00137218446	
0.6733777	2.7151e-005	0.00137749051	
0.6738961	1.4866e-005	0.00139478779	
0.6749116	3.2416e-005	0.00140312698	
0.6754194	1.4866e-005	0.00140717654	
0.6760119	2.5912e-005	0.00141704166	
0.6763927	1.3524e-005	0.00142602911	
0.6779901	1.2078e-005	0.001435326	
0.6792913	2.426e-005	0.00145103604	
0.6807089	2.106e-005	0.00145662218	
0.6820418	1.6621e-005	0.00147535471	
0.6830362	1.9924e-005	0.00149497556	
0.68475	1.0117e-005	0.00151875536	
0.6867811	2.3228e-005	0.00152139903	
0.6884526	2.075e-005	0.00156200661	
0.6891931	2.3021e-005	0.00157860498	
0.6918907	-1.0014e-005	0.00159864466	
0.6937526	1.7137e-005	0.00162633527	
0.695149	1.2595e-005	0.00164020994	
0.697159	2.3021e-005	0.00165489291	
0.6988093	1.1356e-005	0.00168116698	
0.7014646	1.5795e-005	0.00169558052	
0.7027658	1.7447e-005	0.00171887211	
0.7039083	1.6724e-005	0.00173161032	
0.7049028	-6.504e-006	0.0017474404	
0.7060559	2.044e-005	0.00176093625	
0.7068493	1.7137e-005	0.00176923543	
0.7077167	1.1356e-005	0.00177977817	
0.7087852	1.3111e-005	0.00178750912	
0.7100335	1.6105e-005	0.00180227211	
0.7111126	1.786e-005	0.00181936933	
0.7121493	1.0736e-005	0.00183557822	
0.713313	1.1253e-005	0.00184800699	
0.7143497	1.9098e-005	0.00185332369	
0.7155134	1.6311e-005	0.00186629132	
0.7165501	8.052e-006	0.00187526812	
0.7181581	1.7034e-005	0.0018759964	
0.7190467	1.2491e-005	0.00189637489	
0.7199353	1.7343e-005	0.0019013928	
0.7208028	1.0117e-005	0.00190487413	
0.7215433	1.3111e-005	0.00190673886	
0.7228445	9.911e-006	0.00191201555	
0.7242092	1.6208e-005	0.00191951709	
0.7251401	1.4969e-005	0.00191083908	
0.7261769	1.5588e-005	0.00190854487	
0.7278378	8.362e-006	0.00190961195	
0.7295092	-5.368e-006	0.00191814056	
0.7315404	1.4453e-005	0.0019295316	
0.7335503	1.404e-005	0.00193909793	
0.7349044	5.678e-006	0.00195019018	
0.7364278	1.4556e-005	0.00196085295	
0.7374434	1.4659e-005	0.00197125693	
0.7390725	4.955e-006	0.0019881941	
0.7405747	1.9511e-005	0.00199913695	
0.7418865	1.4246e-005	0.00200869263	
0.7438542	9.291e-006	0.00202735578	
0.7459805	1.8582e-005	0.00204780365	
0.7478636	1.5898e-005	0.0020693399	
0.7496831	1.7137e-005	0.00207874617	
0.7511219	9.807e-006	0.00209629159	
0.7516508	1.2182e-005	0.00209369858	
0.7532588	1.6414e-005	0.00210433198	
0.7547821	1.5176e-005	0.00211870551	
0.756168	1.3214e-005	0.00212975774	
0.7570883	1.693e-005	0.00213507445	
0.7579981	9.601e-006	0.00214153826	
0.7586329	7.433e-006	0.00215002685	
0.7595426	1.9511e-005	0.00216608635	
0.7606534	1.1872e-005	0.00217224071	
0.7617854	1.2182e-005	0.00218462947	
0.7632135	1.2595e-005	0.00219354754	
0.7643983	1.6414e-005	0.00219732767	
0.7656255	1.2595e-005	0.00219997134	
0.7672441	1.8892e-005	0.0021576084	
0.7684183	1.4659e-005	0.00209271151	
0.7696878	1.3214e-005	0.00207672139	
0.7711265	1.3421e-005	0.00205473695	
0.7720786	1.3833e-005	0.00204120109	
0.7728191	1.6414e-005	0.00202495218	
0.7741097	1.1149e-005	0.00199706151	
0.775485	1.2285e-005	0.00198727642	
0.7766487	1.4659e-005	0.00198750584	
0.7780451	1.435e-005	0.00198418455	
0.7795579	6.194e-006	0.00197400999	
0.7812716	1.6827e-005	0.00197010982	
0.7825623	1.6311e-005	0.00198433395	
0.7826257	1.6105e-005	0.00198207975	
0.7826575	1.4763e-005	0.00198310682	
0.7826469	1.373e-005	0.00197947609	
0.7826681	1.7756e-005	0.00198035376	
0.7826469	1.1562e-005	0.00197836899	
