# MIN=0	-30	-3	-300	0	
# MAX=640	30	3	300	5	
# SCALE=100	10	1	100	1	
# DEC=1	2	3	1	3	
# DEF="Zeit" t / s	"Spannung" U_A1 / mV	"Strom" I_A2 / A	"Magn. Flussdichte" B_B2 / mT	"Frequenz" f / Hz	
0	-2.235	0	14.4	NAN	
0.1	-2.235	0	14.4	NAN	
0.201	-2.235	0	14.4	NAN	
0.301	-2.235	0	14.4	NAN	
0.401	-2.235	0	14.4	NAN	
0.501	-2.235	0	14.4	NAN	
0.601	-2.235	0	14.4	NAN	
0.701	-2.235	0	14.4	NAN	
0.801	-2.235	0	14.4	NAN	
0.901	-2.235	0	14.4	NAN	
1.001	-2.235	0	14.4	NAN	
1.101	-2.235	0	14.4	NAN	
1.201	-2.235	0	14.4	NAN	
1.301	-2.235	0	14.4	NAN	
1.401	-2.235	0	14.4	NAN	
1.501	-2.235	0	14.4	NAN	
1.601	-2.235	0	14.4	NAN	
1.701	-2.235	0	14.4	NAN	
1.801	-2.235	0	14.4	NAN	
1.901	-2.235	0	14.4	NAN	
2.001	-2.235	0	14.4	NAN	
2.101	-2.235	0	14.4	NAN	
2.201	-2.235	0	14.4	NAN	
2.301	-2.235	0	14.4	NAN	
2.401	-2.235	0	14.4	NAN	
2.501	-2.235	0	14.4	NAN	
2.601	-2.235	0	14.4	NAN	
2.701	-2.235	0	14.4	NAN	
2.801	-2.235	0	14.4	NAN	
2.901	-2.235	0	14.4	NAN	
3.001	-2.235	0	14.4	NAN	
3.101	-2.235	0	14.4	NAN	
3.201	-2.235	0	14.4	NAN	
3.301	-2.235	0	14.4	NAN	
3.401	-2.235	0	14.4	NAN	
3.501	-2.235	0	14.4	NAN	
3.601	-2.235	0	14.4	NAN	
3.701	-2.235	0	14.4	NAN	
3.801	-2.235	0	14.4	NAN	
3.901	-2.235	0	14.4	NAN	
4.001	-2.235	0	14.4	NAN	
4.101	-2.235	0	14.4	NAN	
4.201	-2.235	0	14.4	NAN	
4.301	-2.235	0	14.4	NAN	
4.401	-2.235	0	14.4	NAN	
4.501	-2.235	0	14.4	NAN	
4.601	-2.235	0	14.4	NAN	
4.701	-2.235	0	14.4	NAN	
4.801	-2.235	0	14.4	NAN	
4.901	-2.235	0	14.4	NAN	
5.001	-2.235	0	14.4	NAN	
5.101	-2.235	0	14.4	NAN	
5.201	-2.235	0	14.4	NAN	
5.301	-2.235	0	14.4	NAN	
5.401	-2.235	0	14.4	NAN	
5.501	-2.235	0	14.4	NAN	
5.601	-2.235	0	14.4	NAN	
5.701	-2.235	0	14.4	NAN	
5.801	-2.235	0	14.4	NAN	
5.901	-2.235	0	14.4	NAN	
6.001	-2.235	0	14.4	NAN	
6.101	-2.235	0	14.4	NAN	
6.201	-2.235	0	14.4	NAN	
6.301	-2.235	0	14.4	NAN	
6.401	-2.235	0	14.4	NAN	
6.501	-2.235	0	14.4	NAN	
6.601	-2.235	0	14.25	NAN	
6.701	-2.235	0	14.25	NAN	
6.801	-2.235	0	14.25	NAN	
6.901	-2.235	0	14.25	NAN	
7.001	-2.235	0	14.25	NAN	
7.101	-2.235	0	14.25	NAN	
7.201	-2.235	0	14.25	NAN	
7.301	-2.235	0	14.25	NAN	
7.401	-2.235	0	14.25	NAN	
7.501	-2.235	0	14.25	NAN	
7.601	-2.235	0	14.25	NAN	
7.701	-2.235	0	14.25	NAN	
7.801	-2.235	0	14.25	NAN	
7.901	-2.235	0	14.25	NAN	
8.001	-2.235	0	14.25	NAN	
8.101	-2.22	0	14.25	NAN	
8.201	-2.22	0	14.25	NAN	
8.301	-2.22	0	14.25	NAN	
8.401	-2.22	0	14.25	NAN	
8.501	-2.22	0	14.25	NAN	
8.601	-2.22	0	14.4	NAN	
8.701	-2.22	0	14.4	NAN	
8.801	-2.22	0	14.4	NAN	
8.901	-2.22	0	14.4	NAN	
9.001	-2.22	0	14.4	NAN	
9.101	-2.22	0	14.4	NAN	
9.201	-2.22	0	14.4	NAN	
9.301	-2.22	0	14.4	NAN	
9.401	-2.22	0	14.4	NAN	
9.501	-2.22	0	14.4	NAN	
9.601	-2.22	0	14.4	NAN	
9.701	-2.22	0	14.4	NAN	
9.801	-2.22	0	14.4	NAN	
9.901	-2.22	0	14.4	NAN	
10.001	-2.22	0	14.4	NAN	
10.101	-2.22	0	14.4	NAN	
10.201	-2.22	0	14.4	NAN	
10.301	-2.22	0	14.4	NAN	
10.401	-2.22	0	14.4	NAN	
10.501	-2.22	0	14.4	NAN	
10.601	-2.22	0	14.4	NAN	
10.701	-2.22	0	14.4	NAN	
10.801	-2.22	0	14.4	NAN	
10.901	-2.22	0	14.4	NAN	
11.001	-2.22	0	14.4	NAN	
11.101	-2.22	0	14.4	NAN	
11.201	-2.22	0	14.4	NAN	
11.301	-2.22	0	14.4	NAN	
11.401	-2.22	0	14.4	NAN	
11.501	-2.22	0	14.4	NAN	
11.601	-2.22	0	14.4	NAN	
11.701	-2.22	0	14.4	NAN	
11.801	-2.22	0	14.4	NAN	
11.901	-2.22	0	14.4	NAN	
12.001	-2.22	0	14.4	NAN	
12.101	-2.205	0	14.4	NAN	
12.201	-2.205	0	14.4	NAN	
12.301	-2.205	0	14.4	NAN	
12.401	-2.205	0	14.4	NAN	
12.501	-2.205	0	14.4	NAN	
12.601	-2.205	0	14.4	NAN	
12.701	-2.205	0	14.4	NAN	
12.801	-2.205	0	14.4	NAN	
12.901	-2.205	0	14.4	NAN	
13.001	-2.205	0	14.4	NAN	
13.101	-2.205	0	14.4	NAN	
13.201	-2.205	0	14.4	NAN	
13.301	-2.205	0	14.4	NAN	
13.401	-2.205	0	14.4	NAN	
13.501	-2.205	0	14.4	NAN	
13.601	-2.205	0	14.4	NAN	
13.701	-2.205	0	14.4	NAN	
13.801	-2.205	0	14.4	NAN	
13.901	-2.205	0	14.4	NAN	
14.001	-2.205	0	14.4	NAN	
14.101	-2.205	0	14.4	NAN	
14.201	-2.205	0	14.4	NAN	
14.301	-2.205	0	14.4	NAN	
14.401	-2.205	0	14.4	NAN	
14.501	-2.205	0	14.4	NAN	
14.601	-2.205	0	14.4	NAN	
14.701	-2.205	0	14.4	NAN	
14.801	-2.205	0	14.4	NAN	
14.901	-2.205	0	14.4	NAN	
15.001	-2.205	0	14.4	NAN	
15.101	-2.19	0	14.4	NAN	
15.201	-2.19	0	14.4	NAN	
15.301	-2.19	0	14.4	NAN	
15.401	-2.19	0	14.4	NAN	
15.501	-2.19	0	14.4	NAN	
15.601	-2.19	0	14.4	NAN	
15.701	-2.19	0	14.4	NAN	
15.801	-2.19	0	14.4	NAN	
15.901	-2.19	0	14.4	NAN	
16.001	-2.19	0	14.4	NAN	
16.101	-2.19	0	14.4	NAN	
16.201	-2.19	0	14.4	NAN	
16.301	-2.19	0	14.4	NAN	
16.401	-2.19	0	14.4	NAN	
16.501	-2.19	0	14.4	NAN	
16.601	-2.19	0	14.4	NAN	
16.701	-2.19	0	14.4	NAN	
16.801	-2.19	0	14.4	NAN	
16.901	-2.19	0	14.4	NAN	
17.001	-2.19	0	14.4	NAN	
17.101	-2.175	0	14.4	NAN	
17.201	-2.175	0	14.4	NAN	
17.301	-2.175	0	14.4	NAN	
17.401	-2.175	0	14.4	NAN	
17.501	-2.175	0	14.4	NAN	
17.601	-2.175	0	14.4	NAN	
17.701	-2.175	0	14.4	NAN	
17.801	-2.175	0	14.4	NAN	
17.901	-2.175	0	14.4	NAN	
18.001	-2.175	0	14.4	NAN	
18.101	-2.175	0	14.4	NAN	
18.201	-2.175	0	14.4	NAN	
18.301	-2.175	0	14.4	NAN	
18.401	-2.175	0	14.4	NAN	
18.501	-2.175	0	14.4	NAN	
18.601	-2.175	0	14.4	NAN	
18.701	-2.175	0	14.4	NAN	
18.801	-2.175	0	14.4	NAN	
18.901	-2.175	0	14.4	NAN	
19.001	-2.175	0	14.4	NAN	
19.101	-2.175	0	14.4	NAN	
19.201	-2.175	0	14.4	NAN	
19.301	-2.175	0	14.4	NAN	
19.401	-2.175	0	14.4	NAN	
19.501	-2.175	0	14.4	NAN	
19.601	-2.175	0	14.4	NAN	
19.701	-2.175	0	14.4	NAN	
19.801	-2.175	0	14.4	NAN	
19.901	-2.175	0	14.4	NAN	
20.001	-2.175	0	14.4	NAN	
20.101	-2.175	0	14.4	NAN	
20.201	-2.175	0	14.4	NAN	
20.301	-2.175	0	14.4	NAN	
20.401	-2.175	0	14.4	NAN	
20.501	-2.175	0	14.4	NAN	
20.601	-2.175	0	14.25	NAN	
20.701	-2.175	0	14.25	NAN	
20.801	-2.175	0	14.25	NAN	
20.901	-2.175	0	14.25	NAN	
21.001	-2.175	0	14.25	NAN	
21.101	-2.19	0	14.25	NAN	
21.201	-2.19	0	14.25	NAN	
21.301	-2.19	0	14.25	NAN	
21.401	-2.19	0	14.25	NAN	
21.501	-2.19	0	14.25	NAN	
21.601	-2.19	0	14.4	NAN	
21.701	-2.19	0	14.4	NAN	
21.801	-2.19	0	14.4	NAN	
21.901	-2.19	0	14.4	NAN	
22.001	-2.19	0	14.4	NAN	
22.101	-2.19	0	14.4	NAN	
22.201	-2.19	0	14.4	NAN	
22.301	-2.19	0	14.4	NAN	
22.401	-2.19	0	14.4	NAN	
22.501	-2.19	0	14.4	NAN	
22.601	-2.19	0	14.25	NAN	
22.701	-2.19	0	14.25	NAN	
22.801	-2.19	0	14.25	NAN	
22.901	-2.19	0	14.25	NAN	
23.001	-2.19	0	14.25	NAN	
23.101	-2.19	0	14.25	NAN	
23.201	-2.19	0	14.25	NAN	
23.301	-2.19	0	14.25	NAN	
23.401	-2.19	0	14.25	NAN	
23.501	-2.19	0	14.25	NAN	
23.601	-2.19	0	14.4	NAN	
23.701	-2.19	0	14.4	NAN	
23.801	-2.19	0	14.4	NAN	
23.901	-2.19	0	14.4	NAN	
24.001	-2.19	0	14.4	NAN	
24.101	-2.205	0	14.4	NAN	
24.201	-2.205	0	14.4	NAN	
24.301	-2.205	0	14.4	NAN	
24.401	-2.205	0	14.4	NAN	
24.501	-2.205	0	14.4	NAN	
24.601	-2.205	0	14.4	NAN	
24.701	-2.205	0	14.4	NAN	
24.801	-2.205	0	14.4	NAN	
24.901	-2.205	0	14.4	NAN	
25.001	-2.205	0	14.4	NAN	
25.101	-2.205	0	14.4	NAN	
25.201	-2.205	0	14.4	NAN	
25.301	-2.205	0	14.4	NAN	
25.401	-2.205	0	14.4	NAN	
25.501	-2.205	0	14.4	NAN	
25.601	-2.205	0	14.4	NAN	
25.701	-2.205	0	14.4	NAN	
25.801	-2.205	0	14.4	NAN	
25.901	-2.205	0	14.4	NAN	
26.001	-2.205	0	14.4	NAN	
26.101	-2.205	0	14.4	NAN	
26.201	-2.205	0	14.4	NAN	
26.301	-2.205	0	14.4	NAN	
26.401	-2.205	0	14.4	NAN	
26.501	-2.205	0	14.4	NAN	
26.601	-2.205	0	14.4	NAN	
26.701	-2.205	0	14.4	NAN	
26.801	-2.205	0	14.4	NAN	
26.901	-2.205	0	14.4	NAN	
27.001	-2.205	0	14.4	NAN	
27.101	-2.205	0	14.4	NAN	
27.201	-2.205	0	14.4	NAN	
27.301	-2.205	0	14.4	NAN	
27.401	-2.205	0	14.4	NAN	
27.501	-2.205	0	14.4	NAN	
27.601	-2.205	0	14.4	NAN	
27.701	-2.205	0	14.4	NAN	
27.801	-2.205	0	14.4	NAN	
27.901	-2.205	0	14.4	NAN	
28.001	-2.205	0	14.4	NAN	
28.101	-2.205	0	14.4	NAN	
28.201	-2.205	0	14.4	NAN	
28.301	-2.205	0	14.4	NAN	
28.401	-2.205	0	14.4	NAN	
28.501	-2.205	0	14.4	NAN	
28.601	-2.205	0	14.4	NAN	
28.701	-2.205	0	14.4	NAN	
28.801	-2.205	0	14.4	NAN	
28.901	-2.205	0	14.4	NAN	
29.001	-2.205	0	14.4	NAN	
29.101	-2.22	0	14.4	NAN	
29.201	-2.22	0	14.4	NAN	
29.301	-2.22	0	14.4	NAN	
29.401	-2.22	0	14.4	NAN	
29.501	-2.22	0	14.4	NAN	
29.601	-2.22	0	14.4	NAN	
29.701	-2.22	0	14.4	NAN	
29.801	-2.22	0	14.4	NAN	
29.901	-2.22	0	14.4	NAN	
30.001	-2.22	0	14.4	NAN	
30.101	-2.22	0	14.4	NAN	
30.201	-2.22	0	14.4	NAN	
30.301	-2.22	0	14.4	NAN	
30.401	-2.22	0	14.4	NAN	
30.501	-2.22	0	14.4	NAN	
30.601	-2.22	0	14.4	NAN	
30.701	-2.22	0	14.4	NAN	
30.801	-2.22	0	14.4	NAN	
30.901	-2.22	0	14.4	NAN	
31.001	-2.22	0	14.4	NAN	
31.101	-2.22	0	14.4	NAN	
31.201	-2.22	0	14.4	NAN	
31.301	-2.22	0	14.4	NAN	
31.401	-2.22	0	14.4	NAN	
31.501	-2.22	0	14.4	NAN	
31.601	-2.22	-0.0015	14.4	NAN	
31.701	-2.22	-0.0015	14.4	NAN	
31.801	-2.22	-0.0015	14.4	NAN	
31.901	-2.22	-0.0015	14.4	NAN	
32.001	-2.22	-0.0015	14.4	NAN	
32.101	-2.22	-0.0015	14.4	NAN	
32.201	-2.22	-0.0015	14.4	NAN	
32.301	-2.22	-0.0015	14.4	NAN	
32.401	-2.22	-0.0015	14.4	NAN	
32.501	-2.22	-0.0015	14.4	NAN	
32.601	-2.22	0	14.4	NAN	
32.701	-2.22	0	14.4	NAN	
32.801	-2.22	0	14.4	NAN	
32.901	-2.22	0	14.4	NAN	
33.001	-2.22	0	14.4	NAN	
33.101	-2.22	0	14.4	NAN	
33.201	-2.22	0	14.4	NAN	
33.301	-2.22	0	14.4	NAN	
33.401	-2.22	0	14.4	NAN	
33.501	-2.22	0	14.4	NAN	
33.601	-2.22	0	14.4	NAN	
33.701	-2.22	0	14.4	NAN	
33.801	-2.22	0	14.4	NAN	
33.901	-2.22	0	14.4	NAN	
34.001	-2.22	0	14.4	NAN	
34.101	-2.22	0	14.4	NAN	
34.201	-2.22	0	14.4	NAN	
34.301	-2.22	0	14.4	NAN	
34.401	-2.22	0	14.4	NAN	
34.501	-2.22	0	14.4	NAN	
34.601	-2.22	0	14.4	NAN	
34.701	-2.22	0	14.4	NAN	
34.801	-2.22	0	14.4	NAN	
34.901	-2.22	0	14.4	NAN	
35.001	-2.22	0	14.4	NAN	
35.101	-2.22	0	14.4	NAN	
35.201	-2.22	0	14.4	NAN	
35.301	-2.22	0	14.4	NAN	
35.401	-2.22	0	14.4	NAN	
35.501	-2.22	0	14.4	NAN	
35.601	-2.22	0	14.4	NAN	
35.701	-2.22	0	14.4	NAN	
35.801	-2.22	0	14.4	NAN	
35.901	-2.22	0	14.4	NAN	
36.001	-2.22	0	14.4	NAN	
36.101	-2.235	0	14.4	NAN	
36.201	-2.235	0	14.4	NAN	
36.301	-2.235	0	14.4	NAN	
36.401	-2.235	0	14.4	NAN	
36.501	-2.235	0	14.4	NAN	
36.601	-2.235	0	14.4	NAN	
36.701	-2.235	0	14.4	NAN	
36.801	-2.235	0	14.4	NAN	
36.901	-2.235	0	14.4	NAN	
37.001	-2.235	0	14.4	NAN	
37.101	-2.235	0	14.4	NAN	
37.201	-2.235	0	14.4	NAN	
37.301	-2.235	0	14.4	NAN	
37.401	-2.235	0	14.4	NAN	
37.501	-2.235	0	14.4	NAN	
37.601	-2.235	0	14.4	NAN	
37.701	-2.235	0	14.4	NAN	
37.801	-2.235	0	14.4	NAN	
37.901	-2.235	0	14.4	NAN	
38.001	-2.235	0	14.4	NAN	
38.101	-2.235	0	14.4	NAN	
38.201	-2.235	0	14.4	NAN	
38.301	-2.235	0	14.4	NAN	
38.401	-2.235	0	14.4	NAN	
38.501	-2.235	0	14.4	NAN	
38.601	-2.235	-0.0015	14.4	NAN	
38.701	-2.235	-0.0015	14.4	NAN	
38.801	-2.235	-0.0015	14.4	NAN	
38.901	-2.235	-0.0015	14.4	NAN	
39.001	-2.235	-0.0015	14.4	NAN	
39.101	-2.235	-0.0015	14.4	NAN	
39.201	-2.235	-0.0015	14.4	NAN	
39.301	-2.235	-0.0015	14.4	NAN	
39.401	-2.235	-0.0015	14.4	NAN	
39.501	-2.235	-0.0015	14.4	NAN	
39.601	-2.235	0	14.4	NAN	
39.701	-2.235	0	14.4	NAN	
39.801	-2.235	0	14.4	NAN	
39.901	-2.235	0	14.4	NAN	
40.001	-2.235	0	14.4	NAN	
40.101	-2.235	0	14.4	NAN	
40.201	-2.235	0	14.4	NAN	
40.301	-2.235	0	14.4	NAN	
40.401	-2.235	0	14.4	NAN	
40.501	-2.235	0	14.4	NAN	
40.601	-2.235	0	14.4	NAN	
40.701	-2.235	0	14.4	NAN	
40.801	-2.235	0	14.4	NAN	
40.901	-2.235	0	14.4	NAN	
41.001	-2.235	0	14.4	NAN	
41.101	-2.235	0	14.4	NAN	
41.201	-2.235	0	14.4	NAN	
41.301	-2.235	0	14.4	NAN	
41.401	-2.235	0	14.4	NAN	
41.501	-2.235	0	14.4	NAN	
41.601	-2.235	0	14.4	NAN	
41.701	-2.235	0	14.4	NAN	
41.801	-2.235	0	14.4	NAN	
41.901	-2.235	0	14.4	NAN	
42.001	-2.235	0	14.4	NAN	
42.101	-2.235	0	14.4	NAN	
42.201	-2.235	0	14.4	NAN	
42.301	-2.235	0	14.4	NAN	
42.401	-2.235	0	14.4	NAN	
42.501	-2.235	0	14.4	NAN	
42.601	-2.235	0	14.4	NAN	
42.701	-2.235	0	14.4	NAN	
42.801	-2.235	0	14.4	NAN	
42.901	-2.235	0	14.4	NAN	
43.001	-2.235	0	14.4	NAN	
43.101	-2.25	0	14.4	NAN	
43.201	-2.25	0	14.4	NAN	
43.301	-2.25	0	14.4	NAN	
43.401	-2.25	0	14.4	NAN	
43.501	-2.25	0	14.4	NAN	
43.601	-2.25	0	14.25	NAN	
43.701	-2.25	0	14.25	NAN	
43.801	-2.25	0	14.25	NAN	
43.901	-2.25	0	14.25	NAN	
44.001	-2.25	0	14.25	NAN	
44.101	-2.25	0	14.25	NAN	
44.201	-2.25	0	14.25	NAN	
44.301	-2.25	0	14.25	NAN	
44.401	-2.25	0	14.25	NAN	
44.501	-2.25	0	14.25	NAN	
44.601	-2.25	0	14.4	NAN	
44.701	-2.25	0	14.4	NAN	
44.801	-2.25	0	14.4	NAN	
44.901	-2.25	0	14.4	NAN	
45.001	-2.25	0	14.4	NAN	
45.101	-2.235	0	14.4	NAN	
45.201	-2.235	0	14.4	NAN	
45.301	-2.235	0	14.4	NAN	
45.401	-2.235	0	14.4	NAN	
45.501	-2.235	0	14.4	NAN	
45.601	-2.235	0	14.4	NAN	
45.701	-2.235	0	14.4	NAN	
45.801	-2.235	0	14.4	NAN	
45.901	-2.235	0	14.4	NAN	
46.001	-2.235	0	14.4	NAN	
46.101	-2.25	0	14.4	NAN	
46.201	-2.25	0	14.4	NAN	
46.301	-2.25	0	14.4	NAN	
46.401	-2.25	0	14.4	NAN	
46.501	-2.25	0	14.4	NAN	
46.601	-2.25	0	14.4	NAN	
46.701	-2.25	0	14.4	NAN	
46.801	-2.25	0	14.4	NAN	
46.901	-2.25	0	14.4	NAN	
47.001	-2.25	0	14.4	NAN	
47.101	-2.235	0	14.4	NAN	
47.201	-2.235	0	14.4	NAN	
47.301	-2.235	0	14.4	NAN	
47.401	-2.235	0	14.4	NAN	
47.501	-2.235	0	14.4	NAN	
47.601	-2.235	0	14.4	NAN	
47.701	-2.235	0	14.4	NAN	
47.801	-2.235	0	14.4	NAN	
47.901	-2.235	0	14.4	NAN	
48.001	-2.235	0	14.4	NAN	
48.101	-2.25	0	14.4	NAN	
48.201	-2.25	0	14.4	NAN	
48.301	-2.25	0	14.4	NAN	
48.401	-2.25	0	14.4	NAN	
48.501	-2.25	0	14.4	NAN	
48.601	-2.25	0	14.4	NAN	
48.701	-2.25	0	14.4	NAN	
48.801	-2.25	0	14.4	NAN	
48.901	-2.25	0	14.4	NAN	
49.001	-2.25	0	14.4	NAN	
49.101	-2.25	0	14.4	NAN	
49.201	-2.25	0	14.4	NAN	
49.301	-2.25	0	14.4	NAN	
49.401	-2.25	0	14.4	NAN	
49.501	-2.25	0	14.4	NAN	
49.601	-2.25	0	14.25	NAN	
49.701	-2.25	0	14.25	NAN	
49.801	-2.25	0	14.25	NAN	
49.901	-2.25	0	14.25	NAN	
50.001	-2.25	0	14.25	NAN	
50.101	-2.25	0	14.25	NAN	
50.201	-2.25	0	14.25	NAN	
50.301	-2.25	0	14.25	NAN	
50.401	-2.25	0	14.25	NAN	
50.501	-2.25	0	14.25	NAN	
50.601	-2.25	0	14.25	NAN	
50.701	-2.25	0	14.25	NAN	
50.801	-2.25	0	14.25	NAN	
50.901	-2.25	0	14.25	NAN	
51.001	-2.25	0	14.25	NAN	
51.101	-2.25	0	14.25	NAN	
51.201	-2.25	0	14.25	NAN	
51.301	-2.25	0	14.25	NAN	
51.401	-2.25	0	14.25	NAN	
51.501	-2.25	0	14.25	NAN	
51.601	-2.25	0	14.25	NAN	
51.701	-2.25	0	14.25	NAN	
51.801	-2.25	0	14.25	NAN	
51.901	-2.25	0	14.25	NAN	
52.001	-2.25	0	14.25	NAN	
52.101	-2.25	0	14.25	NAN	
52.201	-2.25	0	14.25	NAN	
52.301	-2.25	0	14.25	NAN	
52.401	-2.25	0	14.25	NAN	
52.501	-2.25	0	14.25	NAN	
52.601	-2.25	0	14.25	NAN	
52.701	-2.25	0	14.25	NAN	
52.801	-2.25	0	14.25	NAN	
52.901	-2.25	0	14.25	NAN	
53.001	-2.25	0	14.25	NAN	
53.101	-2.25	0	14.25	NAN	
53.201	-2.25	0	14.25	NAN	
53.301	-2.25	0	14.25	NAN	
53.401	-2.25	0	14.25	NAN	
53.501	-2.25	0	14.25	NAN	
53.601	-2.25	0	14.25	NAN	
53.701	-2.25	0	14.25	NAN	
53.801	-2.25	0	14.25	NAN	
53.901	-2.25	0	14.25	NAN	
54.001	-2.25	0	14.25	NAN	
54.101	-2.25	0	14.25	NAN	
54.201	-2.25	0	14.25	NAN	
54.301	-2.25	0	14.25	NAN	
54.401	-2.25	0	14.25	NAN	
54.501	-2.25	0	14.25	NAN	
54.601	-2.25	0	14.25	NAN	
54.701	-2.25	0	14.25	NAN	
54.801	-2.25	0	14.25	NAN	
54.901	-2.25	0	14.25	NAN	
55.001	-2.25	0	14.25	NAN	
55.101	-2.25	0	14.25	NAN	
55.201	-2.25	0	14.25	NAN	
55.301	-2.25	0	14.25	NAN	
55.401	-2.25	0	14.25	NAN	
55.501	-2.25	0	14.25	NAN	
55.601	-2.25	0	14.25	NAN	
55.701	-2.25	0	14.25	NAN	
55.801	-2.25	0	14.25	NAN	
55.901	-2.25	0	14.25	NAN	
56.001	-2.25	0	14.25	NAN	
56.101	-2.25	0	14.25	NAN	
56.201	-2.25	0	14.25	NAN	
56.301	-2.25	0	14.25	NAN	
56.401	-2.25	0	14.25	NAN	
56.501	-2.25	0	14.25	NAN	
56.601	-2.25	0	14.4	NAN	
56.701	-2.25	0	14.4	NAN	
56.801	-2.25	0	14.4	NAN	
56.901	-2.25	0	14.4	NAN	
57.001	-2.25	0	14.4	NAN	
	

151.801	-2.205	0	14.85	NAN	
151.901	-2.205	0	14.85	NAN	
152.001	-2.205	0	14.85	NAN	
152.101	-2.205	0	14.85	NAN	
152.201	-2.205	0	14.85	NAN	
152.301	-2.205	0	14.85	NAN	
152.401	-2.205	0	14.85	NAN	
152.501	-2.205	0	14.85	NAN	
152.601	-2.205	0	14.85	NAN	
152.701	-2.205	0	14.85	NAN	
152.801	-2.205	0	14.85	NAN	
152.901	-2.205	0	14.85	NAN	
153.001	-2.205	0	14.85	NAN	
153.101	-2.205	0	14.85	NAN	
153.201	-2.205	0	14.85	NAN	
153.301	-2.205	0	14.85	NAN	
153.401	-2.205	0	14.85	NAN	
153.501	-2.205	0	14.85	NAN	
153.601	-2.205	0	14.85	NAN	
153.701	-2.205	0	14.85	NAN	
153.801	-2.205	0	14.85	NAN	
153.901	-2.205	0	14.85	NAN	
154.001	-2.205	0	14.85	NAN	
154.101	-2.205	0	14.85	NAN	
154.201	-2.205	0	14.85	NAN	
154.301	-2.205	0	14.85	NAN	
154.401	-2.205	0	14.85	NAN	
154.501	-2.205	0	14.85	NAN	
154.601	-2.205	0	14.85	NAN	
154.701	-2.205	0	14.85	NAN	
154.801	-2.205	0	14.85	NAN	
154.901	-2.205	0	14.85	NAN	
155.001	-2.205	0	14.85	NAN	
155.101	-2.205	0	14.85	NAN	
155.201	-2.205	0	14.85	NAN	
155.301	-2.205	0	14.85	NAN	
155.401	-2.205	0	14.85	NAN	
155.501	-2.205	0	14.85	NAN	
155.601	-2.205	0	14.85	NAN	
155.701	-2.205	0	14.85	NAN	
155.801	-2.205	0	14.85	NAN	
155.901	-2.205	0	14.85	NAN	
156.001	-2.205	0	14.85	NAN	
156.101	-2.205	0	14.85	NAN	
156.201	-2.205	0	14.85	NAN	
156.301	-2.205	0	14.85	NAN	
156.401	-2.205	0	14.85	NAN	
156.501	-2.205	0	14.85	NAN	
156.601	-2.205	0	14.85	NAN	
156.701	-2.205	0	14.85	NAN	
156.801	-2.205	0	14.85	NAN	
156.901	-2.205	0	14.85	NAN	
157.001	-2.205	0	14.85	NAN	
157.101	-2.205	0	14.85	NAN	
157.201	-2.205	0	14.85	NAN	
157.301	-2.205	0	14.85	NAN	
157.401	-2.205	0	14.85	NAN	
157.501	-2.205	0	14.85	NAN	
157.601	-2.205	0	14.85	NAN	
157.701	-2.205	0	14.85	NAN	
157.801	-2.205	0	14.85	NAN	
157.901	-2.205	0	14.85	NAN	
158.001	-2.205	0	14.85	NAN	
158.101	-2.205	0	14.85	NAN	
158.201	-2.205	0	14.85	NAN	
158.301	-2.205	0	14.85	NAN	
158.401	-2.205	0	14.85	NAN	
158.501	-2.205	0	14.85	NAN	
158.601	-2.205	0	14.85	NAN	
158.701	-2.205	0	14.85	NAN	
158.801	-2.205	0	14.85	NAN	
158.901	-2.205	0	14.85	NAN	
159.001	-2.205	0	14.85	NAN	
159.101	-2.205	0	14.85	NAN	
159.201	-2.205	0	14.85	NAN	
159.301	-2.205	0	14.85	NAN	
159.401	-2.205	0	14.85	NAN	
159.501	-2.205	0	14.85	NAN	
159.601	-2.205	0	14.85	NAN	
159.701	-2.205	0	14.85	NAN	
159.801	-2.205	0	14.85	NAN	
159.901	-2.205	0	14.85	NAN	
160.001	-2.205	0	14.85	NAN	
160.101	-2.205	0	14.85	NAN	
160.201	-2.205	0	14.85	NAN	
160.301	-2.205	0	14.85	NAN	
160.401	-2.205	0	14.85	NAN	
160.501	-2.205	0	14.85	NAN	
160.601	-2.205	0	14.85	NAN	
160.704	-2.205	0	14.85	NAN	
160.801	-2.205	0	14.85	NAN	
160.901	-2.205	0	14.85	NAN	
161.001	-2.205	0	14.85	NAN	
161.101	-2.205	0	14.85	NAN	
161.201	-2.205	0	14.85	NAN	
161.301	-2.205	0	14.85	NAN	
161.401	-2.205	0	14.85	NAN	
161.501	-2.205	0	14.85	NAN	
161.601	-2.205	0	14.85	NAN	
161.701	-2.205	0	14.85	NAN	
161.801	-2.205	0	14.85	NAN	
161.901	-2.205	0	14.85	NAN	
162.001	-2.205	0	14.85	NAN	
162.101	-2.205	0	14.85	NAN	
162.201	-2.205	0	14.85	NAN	
162.301	-2.205	0	14.85	NAN	
162.401	-2.205	0	14.85	NAN	
162.501	-2.205	0	14.85	NAN	
162.601	-2.205	0	14.85	NAN	
162.701	-2.205	0	14.85	NAN	
162.801	-2.205	0	14.85	NAN	
162.901	-2.205	0	14.85	NAN	
163.001	-2.205	0	14.85	NAN	
163.101	-2.205	0	14.85	NAN	
163.201	-2.22	0	14.85	NAN	
163.301	-2.22	0	14.85	NAN	
163.401	-2.22	0	14.85	NAN	
163.501	-2.22	0	14.85	NAN	
163.601	-2.22	0	14.85	NAN	
163.701	-2.22	0	14.85	NAN	
163.801	-2.22	0	14.85	NAN	
163.901	-2.22	0	14.85	NAN	
164.001	-2.22	0	14.85	NAN	
164.101	-2.22	0	14.85	NAN	
164.201	-2.22	0	14.85	NAN	
164.301	-2.22	0	14.85	NAN	
164.401	-2.22	0	14.85	NAN	
164.501	-2.22	0	14.85	NAN	
164.601	-2.22	0	14.85	NAN	
164.701	-2.22	0	14.85	NAN	
164.801	-2.22	0	14.85	NAN	
164.901	-2.22	0	14.85	NAN	
165.001	-2.22	0	14.85	NAN	
165.101	-2.22	0	14.85	NAN	
165.201	-2.22	0	14.85	NAN	
165.301	-2.22	0	14.85	NAN	
165.401	-2.22	0	14.85	NAN	
165.501	-2.22	0	14.85	NAN	
165.601	-2.22	0	14.85	NAN	
165.701	-2.22	0	14.85	NAN	
165.801	-2.22	0	14.85	NAN	
165.901	-2.22	0	14.85	NAN	
166.001	-2.22	0	14.85	NAN	
166.101	-2.22	0	14.85	NAN	
166.201	-2.22	0	14.85	NAN	
166.301	-2.22	0	14.85	NAN	
166.401	-2.22	0	14.85	NAN	
166.501	-2.22	0	14.85	NAN	
166.601	-2.22	0	14.85	NAN	
166.701	-2.22	0	14.85	NAN	
166.801	-2.22	0	14.85	NAN	
166.901	-2.22	0	14.85	NAN	
167.001	-2.22	0	14.85	NAN	
167.101	-2.22	0	14.85	NAN	
167.201	-2.22	0	14.85	NAN	
167.301	-2.22	0	14.85	NAN	
167.401	-2.22	0	14.85	NAN	
167.501	-2.22	0	14.85	NAN	
167.601	-2.22	0	14.85	NAN	
167.701	-2.22	0	14.85	NAN	
167.801	-2.22	0	14.85	NAN	
167.901	-2.22	0	14.85	NAN	
168.001	-2.22	0	14.85	NAN	
168.101	-2.22	0	14.85	NAN	
168.201	-2.22	0	14.85	NAN	
168.301	-2.22	0	14.85	NAN	
168.401	-2.22	0	14.85	NAN	
168.501	-2.22	0	14.85	NAN	
168.601	-2.22	0	14.85	NAN	
168.701	-2.22	0	14.85	NAN	
168.801	-2.22	0	14.85	NAN	
168.901	-2.22	0	14.85	NAN	
169.001	-2.22	0	14.85	NAN	
169.101	-2.22	0	14.85	NAN	
169.201	-2.22	0	14.85	NAN	
169.301	-2.22	0	14.85	NAN	
169.401	-2.22	0	14.85	NAN	
169.501	-2.22	0	14.85	NAN	
169.601	-2.22	0	14.85	NAN	
169.701	-2.22	0	14.85	NAN	
169.801	-2.22	0	14.85	NAN	
169.901	-2.22	0	14.85	NAN	
170.001	-2.22	0	14.85	NAN	
170.101	-2.22	0	14.85	NAN	
170.201	-2.22	0	14.85	NAN	
170.301	-2.22	0	14.85	NAN	
170.401	-2.22	0	14.85	NAN	
170.501	-2.22	0	14.85	NAN	
170.601	-2.22	0	14.85	NAN	
170.701	-2.22	0	14.85	NAN	
170.801	-2.22	0	14.85	NAN	
170.901	-2.22	0	14.85	NAN	
171.001	-2.22	0	14.85	NAN	
171.101	-2.22	0	14.85	NAN	
171.201	-2.22	0	14.85	NAN	
171.301	-2.22	0	14.85	NAN	
171.401	-2.22	0	14.85	NAN	
171.501	-2.22	0	14.85	NAN	
171.601	-2.22	0	14.85	NAN	
171.701	-2.22	0	14.85	NAN	
171.801	-2.22	0	14.85	NAN	
171.901	-2.22	0	14.85	NAN	
172.001	-2.22	0	14.85	NAN	
172.101	-2.22	0	14.85	NAN	
172.201	-2.22	0	14.85	NAN	
172.301	-2.22	0	14.85	NAN	
172.401	-2.22	0	14.85	NAN	
172.501	-2.22	0	14.85	NAN	
172.601	-2.22	0	14.85	NAN	
172.701	-2.22	0	14.85	NAN	
172.801	-2.22	0	14.85	NAN	
172.901	-2.22	0	14.85	NAN	
173.001	-2.22	0	14.85	NAN	
173.101	-2.22	0	14.85	NAN	
173.201	-2.22	0	14.85	NAN	
173.301	-2.22	0	14.85	NAN	
173.401	-2.22	0	14.85	NAN	
173.501	-2.22	0	14.85	NAN	
173.601	-2.22	0	14.85	NAN	
173.701	-2.22	0	14.85	NAN	
173.801	-2.22	0	14.85	NAN	
173.901	-2.22	0	14.85	NAN	
174.001	-2.22	0	14.85	NAN	
174.101	-2.22	0	14.85	NAN	
174.201	-2.22	0	14.85	NAN	
174.301	-2.22	0	14.85	NAN	
174.401	-2.22	0	14.85	NAN	
174.501	-2.22	0	14.85	NAN	
174.601	-2.22	0	14.85	NAN	
174.701	-2.22	0	14.85	NAN	
174.801	-2.22	0	14.85	NAN	
174.901	-2.22	0	14.85	NAN	
175.001	-2.22	0	14.85	NAN	
175.101	-2.22	0	14.85	NAN	
175.201	-2.22	0	14.85	NAN	
175.301	-2.235	0	14.85	NAN	
175.401	-2.235	0	14.85	NAN	
175.501	-2.235	0	14.85	NAN	
175.601	-2.235	0	14.85	NAN	
175.701	-2.235	0	14.85	NAN	
175.801	-2.235	0	14.85	NAN	
175.901	-2.235	0	14.85	NAN	
176.001	-2.235	0	14.85	NAN	
176.101	-2.235	0	14.85	NAN	
176.201	-2.235	0	14.85	NAN	
176.301	-2.235	0	14.85	NAN	
176.401	-2.235	0	14.85	NAN	
176.501	-2.235	0	14.85	NAN	
176.601	-2.235	0	14.85	NAN	
176.701	-2.235	0	14.85	NAN	
176.801	-2.235	0	14.85	NAN	
176.901	-2.235	0	14.85	NAN	
177.001	-2.235	0	14.85	NAN	
177.101	-2.235	0	14.85	NAN	
177.201	-2.235	0	14.85	NAN	
177.301	-2.235	0	14.85	NAN	
177.401	-2.235	0	14.85	NAN	
177.501	-2.235	0	14.85	NAN	
177.601	-2.235	0	14.85	NAN	
177.701	-2.235	0	14.85	NAN	
177.801	-2.235	0	14.85	NAN	
177.901	-2.235	0	14.85	NAN	
178.001	-2.235	0	14.85	NAN	
178.101	-2.235	0	14.85	NAN	
178.201	-2.235	0	14.85	NAN	
178.301	-2.235	0	14.85	NAN	
178.401	-2.235	0	14.85	NAN	
178.501	-2.235	0	14.85	NAN	
178.601	-2.235	0	14.85	NAN	
178.701	-2.235	0	14.85	NAN	
178.801	-2.235	0	14.85	NAN	
178.901	-2.235	0	14.85	NAN	
179.001	-2.235	0	14.85	NAN	
179.101	-2.235	0	14.85	NAN	
179.201	-2.235	0	14.85	NAN	
179.301	-2.235	0	14.85	NAN	
179.401	-2.235	0	14.85	NAN	
179.501	-2.235	0	14.85	NAN	
179.601	-2.235	0	14.85	NAN	
179.701	-2.235	0	14.85	NAN	
179.801	-2.235	0	14.85	NAN	
179.901	-2.235	0	14.85	NAN	
180.001	-2.235	0	14.85	NAN	
180.101	-2.235	0	14.85	NAN	
180.201	-2.235	0	14.85	NAN	
180.301	-2.22	0	14.85	NAN	
180.401	-2.22	0	14.85	NAN	
180.501	-2.22	0	14.85	NAN	
180.601	-2.22	0	14.85	NAN	
180.701	-2.22	0	14.85	NAN	
180.801	-2.22	0	14.85	NAN	
180.901	-2.22	0	14.85	NAN	
181.001	-2.22	0	14.85	NAN	
181.101	-2.22	0	14.85	NAN	
181.201	-2.22	0	14.85	NAN	
181.301	-2.16	0	14.85	NAN	
181.401	-2.16	0	14.85	NAN	
181.501	-2.16	0	14.85	NAN	
181.601	-2.16	0	14.85	NAN	
181.701	-2.16	0	14.85	NAN	
181.801	-2.16	0	14.85	NAN	
181.901	-2.16	0	14.85	NAN	
182.001	-2.16	0	14.85	NAN	
182.101	-2.16	0	14.85	NAN	
182.201	-2.16	0	14.85	NAN	
182.301	-2.145	0	14.85	NAN	
182.402	-2.145	0	14.85	NAN	
182.501	-2.145	0	14.85	NAN	
182.601	-2.145	0	14.85	NAN	
182.701	-2.145	0	14.85	NAN	
182.801	-2.145	0	14.85	NAN	
182.901	-2.145	0	14.85	NAN	
183.001	-2.145	0	14.85	NAN	
183.101	-2.145	0	14.85	NAN	
183.201	-2.145	0	14.85	NAN	
183.301	-2.145	0	14.85	NAN	
183.401	-2.145	0	14.85	NAN	
183.501	-2.145	0	14.85	NAN	
183.601	-2.145	0	14.85	NAN	
183.701	-2.145	0	14.85	NAN	
183.801	-2.145	0	14.85	NAN	
183.901	-2.145	0	14.85	NAN	
184.001	-2.145	0	14.85	NAN	
184.101	-2.145	0	14.85	NAN	
184.201	-2.145	0	14.85	NAN	
184.301	-2.16	0	14.85	NAN	
184.401	-2.16	0	14.85	NAN	
184.501	-2.16	0	14.85	NAN	
184.601	-2.16	0	14.85	NAN	
184.701	-2.16	0	14.85	NAN	
184.801	-2.16	0	14.85	NAN	
184.901	-2.16	0	14.85	NAN	
185.001	-2.16	0	14.85	NAN	
185.101	-2.16	0	14.85	NAN	
185.201	-2.16	0	14.85	NAN	
185.301	-2.16	0	14.85	NAN	
185.401	-2.16	0	14.85	NAN	
185.501	-2.16	0	14.85	NAN	
185.601	-2.16	0	14.85	NAN	
185.701	-2.16	0	14.85	NAN	
185.801	-2.16	0	14.85	NAN	
185.901	-2.16	0	14.85	NAN	
186.001	-2.16	0	14.85	NAN	
186.101	-2.16	0	14.85	NAN	
186.201	-2.16	0	14.85	NAN	
186.301	-2.16	0	14.85	NAN	
186.401	-2.16	0	14.85	NAN	
186.501	-2.16	0	14.85	NAN	
186.601	-2.16	0	14.85	NAN	
186.701	-2.16	0	14.85	NAN	
186.801	-2.16	0	14.85	NAN	
186.901	-2.16	0	14.85	NAN	
187.001	-2.16	0	14.85	NAN	
187.101	-2.16	0	14.85	NAN	
187.201	-2.16	0	14.85	NAN	
187.301	-2.16	0	14.85	NAN	
187.401	-2.16	0	14.85	NAN	
187.501	-2.16	0	14.85	NAN	
187.601	-2.16	0	14.85	NAN	
187.701	-2.16	0	14.85	NAN	
187.801	-2.16	0	14.85	NAN	
187.901	-2.16	-0.0015	14.85	NAN	
188.001	-2.16	-0.0015	14.85	NAN	
188.101	-2.16	-0.0015	14.85	NAN	
188.201	-2.16	-0.0015	14.85	NAN	
188.301	-2.16	-0.0015	14.85	NAN	
188.401	-2.16	-0.0015	14.85	NAN	
188.501	-2.16	-0.0015	14.85	NAN	
188.601	-2.16	-0.0015	14.85	NAN	
188.701	-2.16	-0.0015	14.85	NAN	
188.801	-2.16	-0.0015	14.85	NAN	
188.901	-2.16	0	14.85	NAN	
189.001	-2.16	0	14.85	NAN	
189.101	-2.16	0	14.85	NAN	
189.201	-2.16	0	14.85	NAN	
189.301	-2.175	0	14.85	NAN	
189.401	-2.175	0	14.85	NAN	
189.501	-2.175	0	14.85	NAN	
189.601	-2.175	0	14.85	NAN	
189.701	-2.175	0	14.85	NAN	
189.801	-2.175	0	14.85	NAN	
189.901	-2.175	0	14.85	NAN	
190.001	-2.175	0	14.85	NAN	
190.101	-2.175	0	14.85	NAN	
190.201	-2.175	0	14.85	NAN	
190.301	-2.175	0	14.85	NAN	
190.401	-2.175	0	14.85	NAN	
190.501	-2.175	0	14.85	NAN	
190.601	-2.175	0	14.85	NAN	
190.701	-2.175	0	14.85	NAN	
190.801	-2.175	0	14.85	NAN	
190.901	-2.175	0	14.85	NAN	
191.001	-2.175	0	14.85	NAN	
191.101	-2.175	0	14.85	NAN	
191.201	-2.175	0	14.85	NAN	
191.301	-2.19	0	14.85	NAN	
191.401	-2.19	0	14.85	NAN	
191.501	-2.19	0	14.85	NAN	
191.601	-2.19	0	14.85	NAN	
191.701	-2.19	0	14.85	NAN	
191.801	-2.19	0	14.85	NAN	
191.901	-2.19	0	14.85	NAN	
192.001	-2.19	0	14.85	NAN	
192.101	-2.19	0	14.85	NAN	
192.201	-2.19	0	14.85	NAN	
192.301	-2.19	0	14.85	NAN	
192.401	-2.19	0	14.85	NAN	
192.501	-2.19	0	14.85	NAN	
192.601	-2.19	0	14.85	NAN	
192.701	-2.19	0	14.85	NAN	
192.801	-2.19	0	14.85	NAN	
192.901	-2.19	0	14.85	NAN	
193.001	-2.19	0	14.85	NAN	
193.101	-2.19	0	14.85	NAN	
193.201	-2.19	0	14.85	NAN	
193.301	-2.19	0	14.85	NAN	
193.401	-2.19	0	14.85	NAN	
193.501	-2.19	0	14.85	NAN	
193.601	-2.19	0	14.85	NAN	
193.701	-2.19	0	14.85	NAN	
193.801	-2.19	0	14.85	NAN	
193.901	-2.19	0	14.85	NAN	
194.001	-2.19	0	14.85	NAN	
194.101	-2.19	0	14.85	NAN	
194.201	-2.19	0	14.85	NAN	
194.301	-2.205	0	14.85	NAN	
194.401	-2.205	0	14.85	NAN	
194.501	-2.205	0	14.85	NAN	
194.601	-2.205	0	14.85	NAN	
194.701	-2.205	0	14.85	NAN	
194.801	-2.205	0	14.85	NAN	
194.901	-2.205	0	14.85	NAN	
195.001	-2.205	0	14.85	NAN	
195.101	-2.205	0	14.85	NAN	
195.201	-2.205	0	14.85	NAN	
195.301	-2.205	0	14.85	NAN	
195.401	-2.205	0	14.85	NAN	
195.501	-2.205	0	14.85	NAN	
195.601	-2.205	0	14.85	NAN	
195.701	-2.205	0	14.85	NAN	
195.803	-2.205	0	14.85	NAN	
195.901	-2.205	0	14.85	NAN	
196.001	-2.205	0	14.85	NAN	
196.101	-2.205	0	14.85	NAN	
196.201	-2.205	0	14.85	NAN	
196.301	-2.205	0	14.85	NAN	
196.401	-2.205	0	14.85	NAN	
196.501	-2.205	0	14.85	NAN	
196.601	-2.205	0	14.85	NAN	
196.701	-2.205	0	14.85	NAN	
196.801	-2.205	0	14.85	NAN	
196.901	-2.205	0	14.85	NAN	
197.001	-2.205	0	14.85	NAN	
197.101	-2.205	0	14.85	NAN	
197.201	-2.205	0	14.85	NAN	
197.301	-2.205	0	14.85	NAN	
197.401	-2.205	0	14.85	NAN	
197.501	-2.205	0	14.85	NAN	
197.601	-2.205	0	14.85	NAN	
197.701	-2.205	0	14.85	NAN	
197.801	-2.205	0	14.85	NAN	
197.901	-2.205	0	14.85	NAN	
198.001	-2.205	0	14.85	NAN	
198.101	-2.205	0	14.85	NAN	
198.201	-2.205	0	14.85	NAN	
198.301	-2.22	0	14.85	NAN	
198.401	-2.22	0	14.85	NAN	
198.501	-2.22	0	14.85	NAN	
198.601	-2.22	0	14.85	NAN	
198.701	-2.22	0	14.85	NAN	
198.801	-2.22	0	14.85	NAN	
198.901	-2.22	0	14.85	NAN	
199.001	-2.22	0	14.85	NAN	
199.101	-2.22	0	14.85	NAN	
199.201	-2.22	0	14.85	NAN	
199.301	-2.22	0	14.85	NAN	
199.401	-2.22	0	14.85	NAN	
199.501	-2.22	0	14.85	NAN	
199.601	-2.22	0	14.85	NAN	
199.701	-2.22	0	14.85	NAN	
199.801	-2.22	0	14.85	NAN	
199.901	-2.22	0	14.85	NAN	
200.001	-2.22	0	14.85	NAN	
200.101	-2.22	0	14.85	NAN	
200.201	-2.22	0	14.85	NAN	
200.301	-2.22	0	14.85	NAN	
200.401	-2.22	0	14.85	NAN	
200.501	-2.22	0	14.85	NAN	
200.601	-2.22	0	14.85	NAN	
200.701	-2.22	0	14.85	NAN	
200.801	-2.22	0	14.85	NAN	
200.901	-2.22	0	14.85	NAN	
201.001	-2.22	0	14.85	NAN	
201.101	-2.22	0	14.85	NAN	
201.201	-2.22	0	14.85	NAN	
201.301	-2.235	0	14.85	NAN	
201.401	-2.235	0	14.85	NAN	
201.501	-2.235	0	14.85	NAN	
201.601	-2.235	0	14.85	NAN	
201.701	-2.235	0	14.85	NAN	
201.801	-2.235	0	14.85	NAN	
201.901	-2.235	0	14.85	NAN	
202.001	-2.235	0	14.85	NAN	
202.101	-2.235	0	14.85	NAN	
202.201	-2.235	0	14.85	NAN	
202.301	-2.235	0	14.85	NAN	
202.401	-2.235	0	14.85	NAN	
202.501	-2.235	0	14.85	NAN	
202.601	-2.235	0	14.85	NAN	
202.701	-2.235	0	14.85	NAN	
202.801	-2.235	0	14.85	NAN	
202.901	-2.235	0	14.85	NAN	
203.001	-2.235	0	14.85	NAN	
203.101	-2.235	0	14.85	NAN	
203.201	-2.235	0	14.85	NAN	
203.301	-2.235	0	14.85	NAN	
203.401	-2.235	0	14.85	NAN	
203.501	-2.235	0	14.85	NAN	
203.601	-2.235	0	14.85	NAN	
203.701	-2.235	0	14.85	NAN	
203.801	-2.235	0	14.85	NAN	
203.901	-2.235	0	14.85	NAN	
204.001	-2.235	0	14.85	NAN	
204.101	-2.235	0	14.85	NAN	
204.201	-2.235	0	14.85	NAN	
204.301	-2.235	0	14.85	NAN	
204.401	-2.235	0	14.85	NAN	
204.501	-2.235	0	14.85	NAN	
204.601	-2.235	0	14.85	NAN	
204.701	-2.235	0	14.85	NAN	
204.801	-2.235	0	14.85	NAN	
204.901	-2.235	0	14.85	NAN	
205.001	-2.235	0	14.85	NAN	
205.101	-2.235	0	14.85	NAN	
205.201	-2.235	0	14.85	NAN	
205.301	-2.235	0	14.85	NAN	
205.401	-2.235	0	14.85	NAN	
205.501	-2.235	0	14.85	NAN	
205.601	-2.235	0	14.85	NAN	
205.701	-2.235	0	14.85	NAN	
205.801	-2.235	0	14.85	NAN	
205.901	-2.235	0	14.85	NAN	
206.001	-2.235	0	14.85	NAN	
206.101	-2.235	0	14.85	NAN	
206.201	-2.235	0	14.85	NAN	
206.301	-2.235	0	14.85	NAN	
206.401	-2.235	0	14.85	NAN	
206.501	-2.235	0	14.85	NAN	
206.601	-2.235	0	14.85	NAN	
206.701	-2.235	0	14.85	NAN	
206.801	-2.235	0	14.85	NAN	
206.901	-2.235	0	14.85	NAN	
207.001	-2.235	0	14.85	NAN	
207.101	-2.235	0	14.85	NAN	
207.201	-2.235	0	14.85	NAN	
207.301	-2.235	0	14.85	NAN	
207.401	-2.235	0	14.85	NAN	
207.501	-2.235	0	14.85	NAN	
207.601	-2.235	0	14.85	NAN	
207.701	-2.235	0	14.85	NAN	
207.801	-2.235	0	14.85	NAN	
207.901	-2.235	0	14.7	NAN	
208.001	-2.235	0	14.7	NAN	
208.101	-2.235	0	14.7	NAN	
208.201	-2.235	0	14.7	NAN	
208.301	-2.235	0	14.7	NAN	
208.401	-2.235	0	14.7	NAN	
208.504	-2.235	0	14.7	NAN	
208.601	-2.235	0	14.7	NAN	
208.701	-2.235	0	14.7	NAN	
208.801	-2.235	0	14.7	NAN	
208.901	-2.235	0	14.7	NAN	
209.001	-2.235	0	14.7	NAN	
209.101	-2.235	0	14.7	NAN	
209.201	-2.235	0	14.7	NAN	
209.301	-2.25	0	14.7	NAN	
209.401	-2.25	0	14.7	NAN	
209.501	-2.25	0	14.7	NAN	
209.601	-2.25	0	14.7	NAN	
209.701	-2.25	0	14.7	NAN	
209.801	-2.25	0	14.7	NAN	
209.901	-2.25	0	14.7	NAN	
210.001	-2.25	0	14.7	NAN	
210.101	-2.25	0	14.7	NAN	
210.201	-2.25	0	14.7	NAN	
210.301	-2.25	0	14.7	NAN	
210.401	-2.25	0	14.7	NAN	
210.501	-2.25	0	14.7	NAN	
210.601	-2.25	0	14.7	NAN	
210.701	-2.25	0	14.7	NAN	
210.801	-2.25	0	14.7	NAN	
210.901	-2.25	0	14.7	NAN	
211.001	-2.25	0	14.7	NAN	
211.101	-2.25	0	14.7	NAN	
211.201	-2.25	0	14.7	NAN	
211.301	-2.25	0	14.7	NAN	
211.401	-2.25	0	14.7	NAN	
211.501	-2.25	0	14.7	NAN	
211.601	-2.25	0	14.7	NAN	
211.701	-2.25	0	14.7	NAN	
211.801	-2.25	0	14.7	NAN	
211.901	-2.25	0	14.7	NAN	
212.001	-2.25	0	14.7	NAN	
212.101	-2.25	0	14.7	NAN	
212.201	-2.25	0	14.7	NAN	
212.301	-2.25	0	14.7	NAN	
212.401	-2.25	0	14.7	NAN	
212.501	-2.25	0	14.7	NAN	
212.601	-2.25	0	14.7	NAN	
212.701	-2.25	0	14.7	NAN	
212.801	-2.25	0	14.7	NAN	
212.901	-2.25	0	14.85	NAN	
213.001	-2.25	0	14.85	NAN	
213.101	-2.25	0	14.85	NAN	
213.201	-2.25	0	14.85	NAN	
213.301	-2.25	0	14.85	NAN	
213.401	-2.25	0	14.85	NAN	
213.501	-2.25	0	14.85	NAN	
213.601	-2.25	0	14.85	NAN	
213.701	-2.25	0	14.85	NAN	
213.801	-2.25	0	14.85	NAN	
213.901	-2.25	0	14.7	NAN	
214.001	-2.25	0	14.7	NAN	
214.101	-2.25	0	14.7	NAN	
214.201	-2.25	0	14.7	NAN	
214.301	-2.25	0	14.7	NAN	
214.401	-2.25	0	14.7	NAN	
214.501	-2.25	0	14.7	NAN	
214.601	-2.25	0	14.7	NAN	
214.701	-2.25	0	14.7	NAN	
214.801	-2.25	0	14.7	NAN	
214.901	-2.25	0	14.85	NAN	
215.001	-2.25	0	14.85	NAN	
215.101	-2.25	0	14.85	NAN	
215.201	-2.25	0	14.85	NAN	
215.301	-2.265	0	14.85	NAN	
215.401	-2.265	0	14.85	NAN	
215.501	-2.265	0	14.85	NAN	
215.601	-2.265	0	14.85	NAN	
215.701	-2.265	0	14.85	NAN	
215.801	-2.265	0	14.85	NAN	
215.901	-2.265	0	14.85	NAN	
216.001	-2.265	0	14.85	NAN	
216.101	-2.265	0	14.85	NAN	
216.201	-2.265	0	14.85	NAN	
216.301	-2.265	0	14.85	NAN	
216.401	-2.265	0	14.85	NAN	
216.501	-2.265	0	14.85	NAN	
216.601	-2.265	0	14.85	NAN	
216.701	-2.265	0	14.85	NAN	
216.801	-2.265	0	14.85	NAN	
216.901	-2.265	0	14.85	NAN	
217.001	-2.265	0	14.85	NAN	
217.101	-2.265	0	14.85	NAN	
217.201	-2.265	0	14.85	NAN	
217.301	-2.265	0	14.85	NAN	
217.401	-2.265	0	14.85	NAN	
217.501	-2.265	0	14.85	NAN	
217.601	-2.265	0	14.85	NAN	
217.701	-2.265	0	14.85	NAN	
217.801	-2.265	0	14.85	NAN	
217.901	-2.265	0	14.85	NAN	
218.001	-2.265	0	14.85	NAN	
218.101	-2.265	0	14.85	NAN	
218.201	-2.265	0	14.85	NAN	
218.301	-2.265	0	14.85	NAN	
218.401	-2.265	0	14.85	NAN	
218.501	-2.265	0	14.85	NAN	
218.601	-2.265	0	14.85	NAN	
218.701	-2.265	0	14.85	NAN	
218.801	-2.265	0	14.85	NAN	
218.901	-2.265	0	14.85	NAN	
219.001	-2.265	0	14.85	NAN	
219.101	-2.265	0	14.85	NAN	
219.201	-2.265	0	14.85	NAN	
219.301	-2.265	0	14.85	NAN	
219.401	-2.265	0	14.85	NAN	
219.501	-2.265	0	14.85	NAN	
219.601	-2.265	0	14.85	NAN	
219.701	-2.265	0	14.85	NAN	
219.801	-2.265	0	14.85	NAN	
219.901	-2.265	0	14.85	NAN	
220.001	-2.265	0	14.85	NAN	
220.101	-2.265	0	14.85	NAN	
220.201	-2.265	0	14.85	NAN	
220.301	-2.265	0	14.85	NAN	
220.401	-2.265	0	14.85	NAN	
220.501	-2.265	0	14.85	NAN	
220.601	-2.265	0	14.85	NAN	
220.701	-2.265	0	14.85	NAN	
220.801	-2.265	0	14.85	NAN	
220.901	-2.265	0	14.85	NAN	
221.001	-2.265	0	14.85	NAN	
221.101	-2.265	0	14.85	NAN	
221.201	-2.265	0	14.85	NAN	
221.301	-2.265	0	14.85	NAN	
221.401	-2.265	0	14.85	NAN	
221.501	-2.265	0	14.85	NAN	
221.601	-2.265	0	14.85	NAN	
221.701	-2.265	0	14.85	NAN	
221.801	-2.265	0	14.85	NAN	
221.901	-2.265	0	14.85	NAN	
222.001	-2.265	0	14.85	NAN	
222.101	-2.265	0	14.85	NAN	
222.201	-2.265	0	14.85	NAN	
222.301	-2.28	0	14.85	NAN	
222.401	-2.28	0	14.85	NAN	
222.501	-2.28	0	14.85	NAN	
222.601	-2.28	0	14.85	NAN	
222.701	-2.28	0	14.85	NAN	
222.801	-2.28	0	14.85	NAN	
222.901	-2.28	0	14.85	NAN	
223.001	-2.28	0	14.85	NAN	
223.101	-2.28	0	14.85	NAN	
223.201	-2.28	0	14.85	NAN	
223.301	-2.28	0	14.85	NAN	
223.401	-2.28	0	14.85	NAN	
223.501	-2.28	0	14.85	NAN	
223.601	-2.28	0	14.85	NAN	
223.701	-2.28	0	14.85	NAN	
223.801	-2.28	0	14.85	NAN	
223.901	-2.28	0	14.85	NAN	
224.001	-2.28	0	14.85	NAN	
224.101	-2.28	0	14.85	NAN	
224.201	-2.28	0	14.85	NAN	
224.301	-2.28	0	14.85	NAN	
224.401	-2.28	0	14.85	NAN	
224.501	-2.28	0	14.85	NAN	
224.601	-2.28	0	14.85	NAN	
224.701	-2.28	0	14.85	NAN	
224.801	-2.28	0	14.85	NAN	
224.901	-2.28	0	14.85	NAN	
225.001	-2.28	0	14.85	NAN	
225.101	-2.28	0	14.85	NAN	
225.201	-2.28	0	14.85	NAN	
225.301	-2.28	0	14.85	NAN	
225.401	-2.28	0	14.85	NAN	
225.501	-2.28	0	14.85	NAN	
225.601	-2.28	0	14.85	NAN	
225.701	-2.28	0	14.85	NAN	
225.801	-2.28	0	14.85	NAN	
225.901	-2.28	0	14.85	NAN	
226.001	-2.28	0	14.85	NAN	
226.101	-2.28	0	14.85	NAN	
226.201	-2.28	0	14.85	NAN	
226.301	-2.28	0	14.85	NAN	
226.401	-2.28	0	14.85	NAN	
226.501	-2.28	0	14.85	NAN	
226.601	-2.28	0	14.85	NAN	
226.701	-2.28	0	14.85	NAN	
226.801	-2.28	0	14.85	NAN	
226.901	-2.28	0	14.85	NAN	
227.001	-2.28	0	14.85	NAN	
227.101	-2.28	0	14.85	NAN	
227.201	-2.28	0	14.85	NAN	
227.301	-2.28	0	14.85	NAN	
227.401	-2.28	0	14.85	NAN	
227.501	-2.28	0	14.85	NAN	
227.601	-2.28	0	14.85	NAN	
227.701	-2.28	0	14.85	NAN	
227.801	-2.28	0	14.85	NAN	
227.901	-2.28	0	14.85	NAN	
228.001	-2.28	0	14.85	NAN	
228.101	-2.28	0	14.85	NAN	
228.201	-2.28	0	14.85	NAN	
228.301	-2.28	0	14.85	NAN	
228.401	-2.28	0	14.85	NAN	
228.501	-2.28	0	14.85	NAN	
228.601	-2.28	0	14.85	NAN	
228.701	-2.28	0	14.85	NAN	
228.801	-2.28	0	14.85	NAN	
228.901	-2.28	0	14.85	NAN	
229.001	-2.28	0	14.85	NAN	
229.101	-2.28	0	14.85	NAN	
229.201	-2.28	0	14.85	NAN	
229.301	-2.28	0	14.85	NAN	
229.401	-2.28	0	14.85	NAN	
229.501	-2.28	0	14.85	NAN	
229.601	-2.28	0	14.85	NAN	
229.701	-2.28	0	14.85	NAN	
229.801	-2.28	0	14.85	NAN	
229.901	-2.28	0	14.85	NAN	
230.001	-2.28	0	14.85	NAN	
230.101	-2.28	0	14.85	NAN	
230.201	-2.28	0	14.85	NAN	
230.301	-2.28	0	14.85	NAN	
230.401	-2.28	0	14.85	NAN	
230.501	-2.28	0	14.85	NAN	
230.601	-2.28	0	14.85	NAN	
230.701	-2.28	0	14.85	NAN	
230.801	-2.28	0	14.85	NAN	
230.901	-2.28	0	14.85	NAN	
231.001	-2.28	0	14.85	NAN	
231.101	-2.28	0	14.85	NAN	
231.201	-2.28	0	14.85	NAN	
231.301	-2.295	0	14.85	NAN	
231.401	-2.295	0	14.85	NAN	
231.501	-2.295	0	14.85	NAN	
231.601	-2.295	0	14.85	NAN	
231.701	-2.295	0	14.85	NAN	
231.801	-2.295	0	14.85	NAN	
231.901	-2.295	0	14.85	NAN	
232.001	-2.295	0	14.85	NAN	
232.101	-2.295	0	14.85	NAN	
232.201	-2.295	0	14.85	NAN	
232.301	-2.295	0	14.85	NAN	
232.401	-2.295	0	14.85	NAN	
232.501	-2.295	0	14.85	NAN	
232.601	-2.295	0	14.85	NAN	
232.701	-2.295	0	14.85	NAN	
232.801	-2.295	0	14.85	NAN	
232.901	-2.295	0	14.85	NAN	
233.001	-2.295	0	14.85	NAN	
233.101	-2.295	0	14.85	NAN	
233.201	-2.295	0	14.85	NAN	
233.301	-2.295	0	14.85	NAN	
233.401	-2.295	0	14.85	NAN	
233.501	-2.295	0	14.85	NAN	
233.601	-2.295	0	14.85	NAN	
233.701	-2.295	0	14.85	NAN	
233.801	-2.295	0	14.85	NAN	
233.901	-2.295	0	14.85	NAN	
234.001	-2.295	0	14.85	NAN	
234.101	-2.295	0	14.85	NAN	
234.201	-2.295	0	14.85	NAN	
234.301	-2.295	0	14.85	NAN	
234.401	-2.295	0	14.85	NAN	
234.501	-2.295	0	14.85	NAN	
234.601	-2.295	0	14.85	NAN	
234.701	-2.295	0	14.85	NAN	
234.801	-2.295	0	14.85	NAN	
234.901	-2.295	0	14.85	NAN	
235.001	-2.295	0	14.85	NAN	
235.101	-2.295	0	14.85	NAN	
235.201	-2.295	0	14.85	NAN	
235.301	-2.295	0	14.85	NAN	
235.401	-2.295	0	14.85	NAN	
235.501	-2.295	0	14.85	NAN	
235.601	-2.295	0	14.85	NAN	
235.701	-2.295	0	14.85	NAN	
235.801	-2.295	0	14.85	NAN	
235.901	-2.295	0	14.85	NAN	
236.001	-2.295	0	14.85	NAN	
236.101	-2.295	0	14.85	NAN	
236.201	-2.295	0	14.85	NAN	
236.301	-2.295	0	14.85	NAN	
236.401	-2.295	0	14.85	NAN	
236.501	-2.295	0	14.85	NAN	
236.601	-2.295	0	14.85	NAN	
236.701	-2.295	0	14.85	NAN	
236.801	-2.295	0	14.85	NAN	
236.901	-2.295	0	14.85	NAN	
237.001	-2.295	0	14.85	NAN	
237.101	-2.295	0	14.85	NAN	
237.201	-2.295	0	14.85	NAN	
237.301	-2.295	0	14.85	NAN	
237.401	-2.295	0	14.85	NAN	
237.501	-2.295	0	14.85	NAN	
237.601	-2.295	0	14.85	NAN	
237.701	-2.295	0	14.85	NAN	
237.801	-2.295	0	14.85	NAN	
237.901	-2.295	0	14.85	NAN	
238.001	-2.295	0	14.85	NAN	
238.101	-2.295	0	14.85	NAN	
238.201	-2.295	0	14.85	NAN	
238.301	-2.295	0	14.85	NAN	
238.401	-2.295	0	14.85	NAN	
238.501	-2.295	0	14.85	NAN	
238.601	-2.295	0	14.85	NAN	
238.701	-2.295	0	14.85	NAN	
238.801	-2.295	0	14.85	NAN	
238.901	-2.295	0	14.85	NAN	
239.001	-2.295	0	14.85	NAN	
239.101	-2.295	0	14.85	NAN	
239.201	-2.295	0	14.85	NAN	
239.301	-2.295	0	14.85	NAN	
239.401	-2.295	0	14.85	NAN	
239.501	-2.295	0	14.85	NAN	
239.601	-2.295	0	14.85	NAN	
239.701	-2.295	0	14.85	NAN	
239.801	-2.295	0	14.85	NAN	
239.901	-2.295	0	14.85	NAN	
240.001	-2.295	0	14.85	NAN	
240.101	-2.295	0	14.85	NAN	
240.201	-2.295	0	14.85	NAN	
240.301	-2.295	0	14.85	NAN	
240.401	-2.295	0	14.85	NAN	
240.501	-2.295	0	14.85	NAN	
240.601	-2.295	0	14.85	NAN	
240.701	-2.295	0	14.85	NAN	
240.801	-2.295	0	14.85	NAN	
240.901	-2.295	0	14.85	NAN	
241.001	-2.295	0	14.85	NAN	
241.101	-2.295	0	14.85	NAN	
241.201	-2.295	0	14.85	NAN	
241.301	-2.295	0	14.85	NAN	
241.401	-2.295	0	14.85	NAN	
241.501	-2.295	0	14.85	NAN	
241.601	-2.295	0	14.85	NAN	
241.701	-2.295	0	14.85	NAN	
241.801	-2.295	0	14.85	NAN	
241.901	-2.295	0	14.85	NAN	
242.001	-2.295	0	14.85	NAN	
242.101	-2.295	0	14.85	NAN	
242.201	-2.295	0	14.85	NAN	
242.301	-2.31	0	14.85	NAN	
242.401	-2.31	0	14.85	NAN	
242.501	-2.31	0	14.85	NAN	
242.601	-2.31	0	14.85	NAN	
242.701	-2.31	0	14.85	NAN	
242.801	-2.31	0	14.85	NAN	
242.901	-2.31	0	14.85	NAN	
243.001	-2.31	0	14.85	NAN	
243.101	-2.31	0	14.85	NAN	
243.201	-2.31	0	14.85	NAN	
243.301	-2.31	0	14.85	NAN	
243.401	-2.31	0	14.85	NAN	
243.501	-2.31	0	14.85	NAN	
243.601	-2.31	0	14.85	NAN	
243.701	-2.31	0	14.85	NAN	
243.801	-2.31	0	14.85	NAN	
243.901	-2.31	0	14.85	NAN	
244.001	-2.31	0	14.85	NAN	
244.101	-2.31	0	14.85	NAN	
244.201	-2.31	0	14.85	NAN	
244.301	-2.31	0	14.85	NAN	
244.401	-2.31	0	14.85	NAN	
244.501	-2.31	0	14.85	NAN	
244.601	-2.31	0	14.85	NAN	
244.701	-2.31	0	14.85	NAN	
244.801	-2.31	0	14.85	NAN	
244.901	-2.31	0	14.85	NAN	
245.001	-2.31	0	14.85	NAN	
245.101	-2.31	0	14.85	NAN	
245.201	-2.31	0	14.85	NAN	
245.301	-2.31	0	14.85	NAN	
245.401	-2.31	0	14.85	NAN	
245.501	-2.31	0	14.85	NAN	
245.601	-2.31	0	14.85	NAN	
245.701	-2.31	0	14.85	NAN	
245.801	-2.31	0	14.85	NAN	
245.901	-2.31	0	14.85	NAN	
246.001	-2.31	0	14.85	NAN	
246.101	-2.31	0	14.85	NAN	
246.201	-2.31	0	14.85	NAN	
246.301	-2.31	0	14.85	NAN	
246.401	-2.31	0	14.85	NAN	
246.501	-2.31	0	14.85	NAN	
246.601	-2.31	0	14.85	NAN	
246.701	-2.31	0	14.85	NAN	
246.801	-2.31	0	14.85	NAN	
246.901	-2.31	0	14.85	NAN	
247.001	-2.31	0	14.85	NAN	
247.101	-2.31	0	14.85	NAN	
247.201	-2.31	0	14.85	NAN	
	
344.101	-2.265	0.0015	14.55	NAN	
344.201	-2.265	0.0015	14.55	NAN	
344.301	-2.265	0.0015	14.55	NAN	
344.401	-2.31	0.0015	14.55	NAN	
344.501	-2.31	0.0015	14.55	NAN	
344.601	-2.31	0.0015	14.55	NAN	
344.701	-2.31	0.0015	14.55	NAN	
344.801	-2.31	0.0015	14.55	NAN	
344.901	-2.31	0.0015	14.55	NAN	
345.001	-2.31	0.0015	14.55	NAN	
345.101	-2.31	0	14.55	NAN	
345.201	-2.31	0	14.55	NAN	
345.301	-2.31	0	14.55	NAN	
345.401	-2.325	0	14.55	NAN	
345.501	-2.325	0	14.55	NAN	
345.601	-2.325	0	14.55	NAN	
345.701	-2.325	0	14.55	NAN	
345.801	-2.325	0	14.55	NAN	
345.901	-2.325	0	14.55	NAN	
346.001	-2.325	0	14.55	NAN	
346.101	-2.325	0	14.55	NAN	
346.201	-2.325	0	14.55	NAN	
346.301	-2.325	0	14.55	NAN	
346.401	-2.325	0	14.55	NAN	
346.501	-2.325	0	14.55	NAN	
346.601	-2.325	0	14.55	NAN	
346.701	-2.325	0	14.55	NAN	
346.801	-2.325	0	14.55	NAN	
346.901	-2.325	0	14.55	NAN	
347.001	-2.325	0	14.55	NAN	
347.101	-2.325	0	14.55	NAN	
347.201	-2.325	0	14.55	NAN	
347.301	-2.325	0	14.55	NAN	
347.401	-2.34	0	14.55	NAN	
347.501	-2.34	0	14.55	NAN	
347.601	-2.34	0	14.55	NAN	
347.701	-2.34	0	14.55	NAN	
347.801	-2.34	0	14.55	NAN	
347.901	-2.34	0	14.55	NAN	
348.001	-2.34	0	14.55	NAN	
348.101	-2.34	0	14.55	NAN	
348.201	-2.34	0	14.55	NAN	
348.301	-2.34	0	14.55	NAN	
348.401	-2.34	0	14.55	NAN	
348.501	-2.34	0	14.55	NAN	
348.601	-2.34	0	14.55	NAN	
348.701	-2.34	0	14.55	NAN	
348.801	-2.34	0	14.55	NAN	
348.901	-2.34	0	14.55	NAN	
349.001	-2.34	0	14.55	NAN	
349.101	-2.34	0	14.55	NAN	
349.201	-2.34	0	14.55	NAN	
349.301	-2.34	0	14.55	NAN	
349.401	-2.355	0	14.55	NAN	
349.501	-2.355	0	14.55	NAN	
349.601	-2.355	0	14.55	NAN	
349.701	-2.355	0	14.55	NAN	
349.801	-2.355	0	14.55	NAN	
349.901	-2.355	0	14.55	NAN	
350.001	-2.355	0	14.55	NAN	
350.101	-2.355	0	14.55	NAN	
350.201	-2.355	0	14.55	NAN	
350.301	-2.355	0	14.55	NAN	
350.401	-2.355	0	14.55	NAN	
350.501	-2.355	0	14.55	NAN	
350.601	-2.355	0	14.55	NAN	
350.701	-2.355	0	14.55	NAN	
350.801	-2.355	0	14.55	NAN	
350.901	-2.355	0	14.55	NAN	
351.001	-2.355	0	14.55	NAN	
351.101	-2.355	0	14.55	NAN	
351.201	-2.355	0	14.55	NAN	
351.301	-2.355	0	14.55	NAN	
351.401	-2.37	0	14.55	NAN	
351.501	-2.37	0	14.55	NAN	
351.601	-2.37	0	14.55	NAN	
351.701	-2.37	0	14.55	NAN	
351.801	-2.37	0	14.55	NAN	
351.901	-2.37	0	14.55	NAN	
352.001	-2.37	0	14.55	NAN	
352.101	-2.37	0	14.55	NAN	
352.201	-2.37	0	14.55	NAN	
352.301	-2.37	0	14.55	NAN	
352.401	-2.37	0	14.55	NAN	
352.501	-2.37	0	14.55	NAN	
352.601	-2.37	0	14.55	NAN	
352.701	-2.37	0	14.55	NAN	
352.801	-2.37	0	14.55	NAN	
352.901	-2.37	0	14.55	NAN	
353.001	-2.37	0	14.55	NAN	
353.101	-2.37	0	14.55	NAN	
353.201	-2.37	0	14.55	NAN	
353.301	-2.37	0	14.55	NAN	
353.401	-2.37	0	14.55	NAN	
353.501	-2.37	0	14.55	NAN	
353.601	-2.37	0	14.55	NAN	
353.701	-2.37	0	14.55	NAN	
353.801	-2.37	0	14.55	NAN	
353.901	-2.37	0	14.55	NAN	
354.001	-2.37	0	14.55	NAN	
354.101	-2.37	0	14.55	NAN	
354.201	-2.37	0	14.55	NAN	
354.301	-2.37	0	14.55	NAN	
354.401	-2.385	0	14.55	NAN	
354.501	-2.385	0	14.55	NAN	
354.601	-2.385	0	14.55	NAN	
354.701	-2.385	0	14.55	NAN	
354.801	-2.385	0	14.55	NAN	
354.901	-2.385	0	14.55	NAN	
355.001	-2.385	0	14.55	NAN	
355.101	-2.385	0	14.55	NAN	
355.201	-2.385	0	14.55	NAN	
355.301	-2.385	0	14.55	NAN	
355.401	-2.385	0	14.55	NAN	
355.501	-2.385	0	14.55	NAN	
355.601	-2.385	0	14.55	NAN	
355.701	-2.385	0	14.55	NAN	
355.801	-2.385	0	14.55	NAN	
355.901	-2.385	0	14.55	NAN	
356.001	-2.385	0	14.55	NAN	
356.101	-2.385	0	14.55	NAN	
356.201	-2.385	0	14.55	NAN	
356.301	-2.385	0	14.55	NAN	
356.401	-2.385	0	14.55	NAN	
356.501	-2.385	0	14.55	NAN	
356.601	-2.385	0	14.55	NAN	
356.701	-2.385	0	14.55	NAN	
356.801	-2.385	0	14.55	NAN	
356.901	-2.385	0	14.55	NAN	
357.001	-2.385	0	14.55	NAN	
357.101	-2.385	0	14.55	NAN	
357.201	-2.385	0	14.55	NAN	
357.301	-2.385	0	14.55	NAN	
357.401	-2.4	0	14.55	NAN	
357.501	-2.4	0	14.55	NAN	
357.601	-2.4	0	14.55	NAN	
357.701	-2.4	0	14.55	NAN	
357.801	-2.4	0	14.55	NAN	
357.901	-2.4	0	14.55	NAN	
358.001	-2.4	0	14.55	NAN	
358.101	-2.4	0	14.55	NAN	
358.201	-2.4	0	14.55	NAN	
358.301	-2.4	0	14.55	NAN	
358.401	-2.4	0	14.55	NAN	
358.501	-2.4	0	14.55	NAN	
358.601	-2.4	0	14.55	NAN	
358.701	-2.4	0	14.55	NAN	
358.801	-2.4	0	14.55	NAN	
358.901	-2.4	0	14.55	NAN	
359.001	-2.4	0	14.55	NAN	
359.101	-2.4	0	14.55	NAN	
359.201	-2.4	0	14.55	NAN	
359.301	-2.4	0	14.55	NAN	

441.301	-2.34	0	14.55	NAN	
441.401	-2.34	0	14.55	NAN	
441.501	-2.385	0	14.55	NAN	
441.601	-2.385	0	14.55	NAN	
441.701	-2.385	0	14.55	NAN	
441.801	-2.385	0	14.55	NAN	
441.901	-2.385	0	14.55	NAN	
442.001	-2.385	0	14.55	NAN	
442.101	-2.385	0	14.55	NAN	
442.201	-2.385	0	14.55	NAN	
442.301	-2.385	0	14.55	NAN	
442.401	-2.385	0	14.55	NAN	
442.501	-2.385	0	14.55	NAN	
442.601	-2.385	0	14.55	NAN	
442.701	-2.385	0	14.55	NAN	
442.801	-2.385	0	14.55	NAN	
442.901	-2.385	0	14.55	NAN	
443.001	-2.385	0	14.55	NAN	
443.101	-2.385	0	14.55	NAN	
443.201	-2.385	0	14.55	NAN	
443.301	-2.385	0	14.55	NAN	
443.401	-2.385	0	14.55	NAN	
443.501	-2.385	0	14.55	NAN	
443.601	-2.385	0	14.55	NAN	
443.701	-2.385	0	14.55	NAN	
443.801	-2.385	0	14.55	NAN	
443.901	-2.385	0	14.55	NAN	
444.001	-2.385	0	14.55	NAN	
444.101	-2.385	0	14.55	NAN	
444.201	-2.385	0	14.55	NAN	
444.301	-2.385	0	14.55	NAN	
444.401	-2.385	0	14.55	NAN	
444.501	-2.4	0	14.55	NAN	
444.601	-2.4	0	14.55	NAN	
444.701	-2.4	0	14.55	NAN	
444.801	-2.4	0	14.55	NAN	
444.901	-2.4	0	14.55	NAN	
445.001	-2.4	0	14.55	NAN	
445.101	-2.4	0	14.55	NAN	
445.201	-2.4	0	14.55	NAN	
445.301	-2.4	0	14.55	NAN	
445.401	-2.4	0	14.55	NAN	
445.501	-2.415	0	14.55	NAN	
445.601	-2.415	0	14.55	NAN	
445.701	-2.415	0	14.55	NAN	
445.801	-2.415	0	14.55	NAN	
445.901	-2.415	0	14.55	NAN	
446.001	-2.415	0	14.55	NAN	
446.101	-2.415	0	14.55	NAN	
446.201	-2.415	0	14.55	NAN	
446.301	-2.415	0	14.55	NAN	
446.401	-2.415	0	14.55	NAN	
446.501	-2.415	0	14.55	NAN	
446.601	-2.415	0	14.55	NAN	
446.701	-2.415	0	14.55	NAN	
446.801	-2.415	0	14.55	NAN	
446.901	-2.415	0	14.55	NAN	
447.001	-2.415	0	14.55	NAN	
447.101	-2.415	0	14.55	NAN	
447.201	-2.415	0	14.55	NAN	
447.301	-2.415	0	14.55	NAN	
447.401	-2.415	0	14.55	NAN	
447.501	-2.415	0	14.55	NAN	
447.601	-2.415	0	14.55	NAN	
447.701	-2.415	0	14.55	NAN	
447.801	-2.415	0	14.55	NAN	
447.901	-2.415	0	14.55	NAN	
448.001	-2.415	0	14.55	NAN	
448.101	-2.415	0	14.55	NAN	
448.201	-2.415	0	14.55	NAN	
448.301	-2.415	0	14.55	NAN	
448.401	-2.415	0	14.55	NAN	
448.501	-2.43	0	14.55	NAN	
448.601	-2.43	0	14.55	NAN	
448.701	-2.43	0	14.55	NAN	
448.801	-2.43	0	14.55	NAN	
448.901	-2.43	0	14.55	NAN	
449.001	-2.43	0	14.55	NAN	
449.101	-2.43	0	14.55	NAN	
449.201	-2.43	0	14.55	NAN	
449.301	-2.43	0	14.55	NAN	
449.401	-2.43	0	14.55	NAN	
449.501	-2.43	0	14.55	NAN	
449.601	-2.43	0	14.55	NAN	
449.701	-2.43	0	14.55	NAN	
449.801	-2.43	0	14.55	NAN	
449.901	-2.43	0	14.55	NAN	
450.001	-2.43	0	14.55	NAN	
450.101	-2.43	0	14.55	NAN	
450.201	-2.43	0	14.55	NAN	
450.301	-2.43	0	14.55	NAN	
450.401	-2.43	0	14.55	NAN	
450.501	-2.445	0	14.55	NAN	
450.601	-2.445	0	14.55	NAN	
450.701	-2.445	0	14.55	NAN	
450.801	-2.445	0	14.55	NAN	
450.901	-2.445	0	14.55	NAN	
451.001	-2.445	0	14.55	NAN	
451.101	-2.445	0	14.55	NAN	
451.201	-2.445	0	14.55	NAN	
451.301	-2.445	0	14.55	NAN	
451.401	-2.445	0	14.55	NAN	
451.501	-2.445	0	14.55	NAN	
451.601	-2.445	0	14.55	NAN	
451.701	-2.445	0	14.55	NAN	
451.801	-2.445	0	14.55	NAN	
451.901	-2.445	0	14.55	NAN	
452.001	-2.445	0	14.55	NAN	
452.101	-2.445	0	14.55	NAN	
452.201	-2.445	0	14.55	NAN	
452.301	-2.445	0	14.55	NAN	
452.401	-2.445	0	14.55	NAN	
452.501	-2.445	0	14.55	NAN	
452.601	-2.445	0	14.55	NAN	
452.701	-2.445	0	14.55	NAN	
452.801	-2.445	0	14.55	NAN	
452.901	-2.445	0	14.55	NAN	
453.001	-2.445	0	14.55	NAN	
453.101	-2.445	0	14.55	NAN	
453.201	-2.445	0	14.55	NAN	
453.301	-2.445	0	14.55	NAN	
453.401	-2.445	0	14.55	NAN	
453.501	-2.445	0	14.55	NAN	
453.601	-2.445	0	14.55	NAN	
453.701	-2.445	0	14.55	NAN	
453.801	-2.445	0	14.55	NAN	
453.901	-2.445	0	14.55	NAN	
454.001	-2.445	0	14.55	NAN	
454.101	-2.445	0	14.55	NAN	
454.201	-2.445	0	14.55	NAN	
454.301	-2.445	0	14.55	NAN	
454.401	-2.445	0	14.55	NAN	
454.501	-2.46	0	14.55	NAN	
454.601	-2.46	0	14.55	NAN	
454.701	-2.46	0	14.55	NAN	
454.801	-2.46	0	14.55	NAN	
454.901	-2.46	0	14.55	NAN	
455.001	-2.46	0	14.55	NAN	
455.101	-2.46	0	14.55	NAN	
455.201	-2.46	0	14.55	NAN	
455.301	-2.46	0	14.55	NAN	
455.401	-2.46	0	14.55	NAN	
455.501	-2.46	0	14.55	NAN	
455.601	-2.46	0	14.55	NAN	
455.701	-2.46	0	14.55	NAN	
455.801	-2.46	0	14.55	NAN	
455.901	-2.46	0	14.55	NAN	
456.001	-2.46	0	14.55	NAN	
456.101	-2.46	0	14.55	NAN	
456.201	-2.46	0	14.55	NAN	
456.301	-2.46	0	14.55	NAN	
456.401	-2.46	0	14.55	NAN	
456.501	-2.475	0	14.55	NAN	
456.601	-2.475	0	14.55	NAN	
456.701	-2.475	0	14.55	NAN	
456.801	-2.475	0	14.55	NAN	
456.901	-2.475	0	14.55	NAN	
457.001	-2.475	0	14.55	NAN	
457.101	-2.475	0	14.55	NAN	
457.201	-2.475	0	14.55	NAN	
457.301	-2.475	0	14.55	NAN	
457.401	-2.475	0	14.55	NAN	
457.501	-2.475	0	14.55	NAN	
457.601	-2.475	0	14.55	NAN	
457.701	-2.475	0	14.55	NAN	
457.801	-2.475	0	14.55	NAN	
457.901	-2.475	0	14.55	NAN	
458.001	-2.475	0	14.55	NAN	
458.101	-2.475	0	14.55	NAN	
458.201	-2.475	0	14.55	NAN	
458.301	-2.475	0	14.55	NAN	
458.401	-2.475	0	14.55	NAN	
458.501	-2.475	0	14.55	NAN	
458.601	-2.475	0	14.55	NAN	
458.701	-2.475	0	14.55	NAN	
458.801	-2.475	0	14.55	NAN	
458.901	-2.475	0	14.55	NAN	
459.001	-2.475	0	14.55	NAN	
459.101	-2.475	0	14.55	NAN	
459.201	-2.475	0	14.55	NAN	
459.301	-2.475	0	14.55	NAN	
459.401	-2.475	0	14.55	NAN	
459.501	-2.475	0	14.55	NAN	
459.601	-2.475	0	14.55	NAN	
459.701	-2.475	0	14.55	NAN	
459.801	-2.475	0	14.55	NAN	
459.901	-2.475	0	14.55	NAN	
460.001	-2.475	0	14.55	NAN	
460.101	-2.475	0	14.55	NAN	
460.201	-2.475	0	14.55	NAN	
460.301	-2.475	0	14.55	NAN	
460.401	-2.475	0	14.55	NAN	
460.501	-2.475	0	14.55	NAN	
460.601	-2.475	0	14.55	NAN	
460.701	-2.475	0	14.55	NAN	
460.801	-2.475	0	14.55	NAN	
460.901	-2.475	0	14.55	NAN	
461.001	-2.475	0	14.55	NAN	
461.101	-2.475	0	14.55	NAN	
461.201	-2.475	0	14.55	NAN	
461.301	-2.475	0	14.55	NAN	
461.401	-2.475	0	14.55	NAN	
461.501	-2.475	0	14.55	NAN	
461.601	-2.475	0	14.55	NAN	
461.701	-2.475	0	14.55	NAN	
461.801	-2.475	0	14.55	NAN	
461.901	-2.475	0	14.55	NAN	
462.001	-2.475	0	14.55	NAN	
462.101	-2.475	0	14.55	NAN	
462.201	-2.475	0	14.55	NAN	
462.301	-2.475	0	14.55	NAN	
462.401	-2.475	0	14.55	NAN	
462.501	-2.475	0	14.55	NAN	
462.601	-2.475	0	14.55	NAN	
462.701	-2.475	0	14.55	NAN	
462.801	-2.475	0	14.55	NAN	
462.901	-2.475	0	14.55	NAN	
463.001	-2.475	0	14.55	NAN	
463.101	-2.475	0	14.55	NAN	
463.201	-2.475	0	14.55	NAN	
463.301	-2.475	0	14.55	NAN	
463.401	-2.475	0	14.55	NAN	
463.501	-2.475	0	14.55	NAN	
463.601	-2.475	0	14.55	NAN	
463.701	-2.475	0	14.55	NAN	
463.801	-2.475	0	14.55	NAN	
463.901	-2.475	0	14.55	NAN	
464.001	-2.475	0	14.55	NAN	
464.101	-2.475	0	14.55	NAN	
464.201	-2.475	0	14.55	NAN	
464.301	-2.475	0	14.55	NAN	
464.401	-2.475	0	14.55	NAN	
464.501	-2.475	0	14.55	NAN	
464.601	-2.475	0	14.55	NAN	
464.701	-2.475	0	14.55	NAN	
464.801	-2.475	0	14.55	NAN	
464.901	-2.475	0	14.55	NAN	
465.001	-2.475	0	14.55	NAN	
465.101	-2.475	0	14.55	NAN	
465.201	-2.475	0	14.55	NAN	
465.301	-2.475	0	14.55	NAN	
465.401	-2.475	0	14.55	NAN	
465.501	-2.49	0	14.55	NAN	
465.601	-2.49	0	14.55	NAN	
465.701	-2.49	0	14.55	NAN	
465.801	-2.49	0	14.55	NAN	
465.901	-2.49	0	14.55	NAN	
466.001	-2.49	0	14.55	NAN	
466.101	-2.49	0	14.55	NAN	
466.201	-2.49	0	14.55	NAN	
466.301	-2.49	0	14.55	NAN	
466.401	-2.49	0	14.55	NAN	
466.501	-2.49	0	14.55	NAN	
466.601	-2.49	0	14.55	NAN	
466.701	-2.49	0	14.55	NAN	
466.801	-2.49	0	14.55	NAN	
466.901	-2.49	0	14.55	NAN	
467.001	-2.49	0	14.55	NAN	
467.101	-2.49	0	14.55	NAN	
467.201	-2.49	0	14.55	NAN	
467.301	-2.49	0	14.55	NAN	
467.401	-2.49	0	14.55	NAN	
467.501	-2.49	0	14.55	NAN	
467.601	-2.49	0	14.55	NAN	
467.701	-2.49	0	14.55	NAN	
467.801	-2.49	0	14.55	NAN	
467.901	-2.49	0	14.55	NAN	
468.001	-2.49	0	14.55	NAN	
468.101	-2.49	0	14.55	NAN	
468.201	-2.49	0	14.55	NAN	
468.301	-2.49	0	14.55	NAN	
468.401	-2.49	0	14.55	NAN	
468.501	-2.49	0	14.55	NAN	
468.601	-2.49	0	14.55	NAN	
468.701	-2.49	0	14.55	NAN	
468.801	-2.49	0	14.55	NAN	
468.901	-2.49	0	14.55	NAN	
469.001	-2.49	0	14.55	NAN	
469.101	-2.49	0	14.55	NAN	
469.201	-2.49	0	14.55	NAN	
469.301	-2.49	0	14.55	NAN	
469.401	-2.49	0	14.55	NAN	
469.501	-2.49	0	14.55	NAN	
469.601	-2.49	0	14.55	NAN	
469.701	-2.49	0	14.55	NAN	
469.801	-2.49	0	14.55	NAN	
469.901	-2.49	0	14.55	NAN	
470.001	-2.49	0	14.55	NAN	
470.101	-2.49	0	14.55	NAN	
470.201	-2.49	0	14.55	NAN	
470.301	-2.49	0	14.55	NAN	
470.401	-2.49	0	14.55	NAN	
470.501	-2.49	0	14.55	NAN	
470.601	-2.49	0	14.55	NAN	
470.701	-2.49	0	14.55	NAN	
470.801	-2.49	0	14.55	NAN	
470.901	-2.49	0	14.55	NAN	
471.001	-2.49	0	14.55	NAN	
471.101	-2.49	0	14.55	NAN	
471.201	-2.49	0	14.55	NAN	
471.301	-2.49	0	14.55	NAN	
471.401	-2.49	0	14.55	NAN	
471.501	-2.49	0	14.55	NAN	
471.601	-2.49	0	14.55	NAN	
471.701	-2.49	0	14.55	NAN	
471.801	-2.49	0	14.55	NAN	
471.901	-2.49	0	14.55	NAN	
472.001	-2.49	0	14.55	NAN	
472.101	-2.49	0	14.55	NAN	
472.201	-2.49	0	14.55	NAN	
472.301	-2.49	0	14.55	NAN	
472.401	-2.49	0	14.55	NAN	
472.501	-2.49	0	14.55	NAN	
472.601	-2.49	0	14.55	NAN	
472.701	-2.49	0	14.55	NAN	
472.801	-2.49	0	14.55	NAN	
472.901	-2.49	0	14.55	NAN	
473.001	-2.49	0	14.55	NAN	
473.101	-2.49	0	14.55	NAN	
473.201	-2.49	0	14.55	NAN	
473.301	-2.49	0	14.55	NAN	
473.401	-2.49	0	14.55	NAN	
473.501	-2.49	0	14.55	NAN	
473.601	-2.49	0	14.55	NAN	
473.701	-2.49	0	14.55	NAN	
473.801	-2.49	0	14.55	NAN	
473.901	-2.49	0	14.55	NAN	
474.001	-2.49	0	14.55	NAN	
474.101	-2.49	0	14.55	NAN	
474.201	-2.49	0	14.55	NAN	
474.301	-2.49	0	14.55	NAN	
474.401	-2.49	0	14.55	NAN	
474.501	-2.49	0	14.55	NAN	
474.601	-2.49	0	14.55	NAN	
474.701	-2.49	0	14.55	NAN	
474.801	-2.49	0	14.55	NAN	
474.901	-2.49	0	14.55	NAN	
475.001	-2.49	0	14.55	NAN	
475.101	-2.49	0	14.55	NAN	
475.201	-2.49	0	14.55	NAN	
475.301	-2.49	0	14.55	NAN	
475.401	-2.49	0	14.55	NAN	
475.501	-2.505	0	14.55	NAN	
475.601	-2.505	0	14.55	NAN	
475.701	-2.505	0	14.55	NAN	
475.801	-2.505	0	14.55	NAN	
475.901	-2.505	0	14.55	NAN	
476.001	-2.505	0	14.55	NAN	
476.101	-2.505	0	14.55	NAN	
476.201	-2.505	0	14.55	NAN	
476.301	-2.505	0	14.55	NAN	
476.401	-2.505	0	14.55	NAN	
476.501	-2.505	0	14.55	NAN	
476.601	-2.505	0	14.55	NAN	
476.701	-2.505	0	14.55	NAN	
476.801	-2.505	0	14.55	NAN	
476.901	-2.505	0	14.55	NAN	
477.001	-2.505	0	14.55	NAN	
477.101	-2.505	0	14.55	NAN	
477.201	-2.505	0	14.55	NAN	
477.301	-2.505	0	14.55	NAN	
477.401	-2.505	0	14.55	NAN	
477.501	-2.505	0	14.55	NAN	
477.601	-2.505	0	14.55	NAN	
477.701	-2.505	0	14.55	NAN	
477.801	-2.505	0	14.55	NAN	
477.901	-2.505	0	14.55	NAN	
478.001	-2.505	0	14.55	NAN	
478.101	-2.505	0	14.55	NAN	
478.201	-2.505	0	14.55	NAN	
478.301	-2.505	0	14.55	NAN	
478.401	-2.505	0	14.55	NAN	
478.501	-2.52	0	14.55	NAN	
478.601	-2.52	0	14.55	NAN	
478.701	-2.52	0	14.55	NAN	
478.801	-2.52	0	14.55	NAN	
478.901	-2.52	0	14.55	NAN	
479.001	-2.52	0	14.55	NAN	
479.101	-2.52	0	14.55	NAN	
479.201	-2.52	0	14.55	NAN	
479.301	-2.52	0	14.55	NAN	
479.401	-2.52	0	14.55	NAN	
479.501	-2.505	0	14.55	NAN	
479.601	-2.505	0	14.55	NAN	
479.701	-2.505	0	14.55	NAN	
479.801	-2.505	0	14.55	NAN	
479.901	-2.505	0	14.55	NAN	
