0.201	-3.195	0	14.55	NAN	
0.301	-3.195	0	14.55	NAN	
0.401	-3.195	0	14.55	NAN	
0.501	-3.195	0	14.55	NAN	
0.601	-3.195	0	14.55	NAN	
0.701	-3.195	0	14.55	NAN	
0.801	-3.195	0	14.55	NAN	
0.901	-3.195	0	14.55	NAN	
1.001	-3.195	0	14.55	NAN	
1.101	-3.195	0	14.55	NAN	
1.201	-3.195	0	14.55	NAN	
1.301	-3.195	0	14.55	NAN	
1.401	-3.195	0	14.55	NAN	
1.501	-3.195	0	14.55	NAN	
1.601	-3.195	0	14.55	NAN	
1.701	-3.195	0	14.55	NAN	
1.801	-3.195	0	14.55	NAN	
1.901	-3.195	0	14.55	NAN	
2.001	-3.195	0	14.55	NAN	
2.101	-3.195	0	14.55	NAN	
2.201	-3.195	0	14.55	NAN	
2.301	-3.195	0	14.55	NAN	
2.401	-3.195	0	14.55	NAN	
2.501	-3.195	0	14.55	NAN	
2.601	-3.195	0	14.55	NAN	
2.701	-3.195	0	14.55	NAN	
2.801	-3.195	0	14.55	NAN	
2.901	-3.195	0	14.55	NAN	
3.001	-3.195	0	14.55	NAN	
3.101	-3.195	0	14.55	NAN	
3.201	-3.195	0	14.55	NAN	
3.301	-3.195	0	14.55	NAN	
3.401	-3.195	0	14.55	NAN	
3.501	-3.195	0	14.55	NAN	
3.601	-3.195	0	14.55	NAN	
3.701	-3.195	0	14.55	NAN	
3.801	-3.195	0	14.55	NAN	
3.901	-3.195	0	14.55	NAN	
4.001	-3.195	0	14.55	NAN	
4.101	-3.195	0	14.55	NAN	
4.201	-3.195	0	14.55	NAN	
4.301	-3.195	0	14.55	NAN	
4.401	-3.195	0	14.55	NAN	
4.501	-3.195	0	14.55	NAN	
4.601	-3.195	0	14.55	NAN	
4.701	-3.195	0	14.55	NAN	
4.801	-3.195	0	14.55	NAN	
4.901	-3.195	0	14.55	NAN	
5.001	-3.195	0	14.55	NAN	
5.101	-3.195	0	14.55	NAN	
5.201	-3.195	0	14.55	NAN	
5.301	-3.195	0	14.55	NAN	
5.401	-3.195	0	14.55	NAN	
5.501	-3.195	0	14.55	NAN	
5.601	-3.195	-0.0015	14.55	NAN	
5.701	-3.195	-0.0015	14.55	NAN	
5.801	-3.195	-0.0015	14.55	NAN	
5.901	-3.195	-0.0015	14.55	NAN	
6.001	-3.195	-0.0015	14.55	NAN	
6.101	-3.195	-0.0015	14.55	NAN	
6.201	-3.195	-0.0015	14.55	NAN	
6.301	-3.195	-0.0015	14.55	NAN	
6.401	-3.195	-0.0015	14.55	NAN	
6.501	-3.195	-0.0015	14.55	NAN	
6.601	-3.195	0	14.55	NAN	
6.701	-3.195	0	14.55	NAN	
6.801	-3.195	0	14.55	NAN	
6.901	-3.195	0	14.55	NAN	
7.001	-3.195	0	14.55	NAN	
7.101	-3.195	0	14.55	NAN	
7.201	-3.195	0	14.55	NAN	
7.301	-3.195	0	14.55	NAN	
7.401	-3.21	0	14.55	NAN	
7.501	-3.21	0	14.55	NAN	
7.601	-3.21	0	14.55	NAN	
7.701	-3.21	0	14.55	NAN	
7.801	-3.21	0	14.55	NAN	
7.901	-3.21	0	14.55	NAN	
8.001	-3.21	0	14.55	NAN	
8.101	-3.21	0	14.55	NAN	
8.201	-3.21	0	14.55	NAN	
8.301	-3.21	0	14.55	NAN	
8.401	-3.195	0	14.55	NAN	
8.501	-3.195	0	14.55	NAN	
8.601	-3.195	0	14.55	NAN	
8.701	-3.195	0	14.55	NAN	
8.801	-3.195	0	14.55	NAN	
8.901	-3.195	0	14.55	NAN	
9.001	-3.195	0	14.55	NAN	
9.101	-3.195	0	14.55	NAN	
9.201	-3.195	0	14.55	NAN	
9.301	-3.195	0	14.55	NAN	
9.401	-3.21	0	14.55	NAN	
9.501	-3.21	0	14.55	NAN	
9.601	-3.21	0	14.55	NAN	
9.701	-3.21	0	14.55	NAN	
9.801	-3.21	0	14.55	NAN	
9.901	-3.21	0	14.55	NAN	
10.001	-3.21	0	14.55	NAN	
10.101	-3.21	0	14.55	NAN	
10.201	-3.21	0	14.55	NAN	
10.301	-3.21	0	14.55	NAN	
10.401	-3.21	0	14.55	NAN	
10.501	-3.21	0	14.55	NAN	
10.601	-3.21	0	14.55	NAN	
10.701	-3.21	0	14.55	NAN	
10.801	-3.21	0	14.55	NAN	
10.901	-3.21	0	14.55	NAN	
11.001	-3.21	0	14.55	NAN	
11.101	-3.21	0	14.55	NAN	
11.201	-3.21	0	14.55	NAN	
11.301	-3.21	0	14.55	NAN	
11.401	-3.21	0	14.55	NAN	
11.501	-3.21	0	14.55	NAN	
11.601	-3.21	0	14.55	NAN	
11.701	-3.21	0	14.55	NAN	
11.801	-3.21	0	14.55	NAN	
11.901	-3.21	0	14.55	NAN	
12.001	-3.21	0	14.55	NAN	
12.101	-3.21	0	14.55	NAN	
12.201	-3.21	0	14.55	NAN	
12.301	-3.21	0	14.55	NAN	
12.401	-3.21	0	14.55	NAN	
12.501	-3.21	0	14.55	NAN	
12.601	-3.21	0	14.55	NAN	
12.701	-3.21	0	14.55	NAN	
12.801	-3.21	0	14.55	NAN	
12.901	-3.21	0	14.55	NAN	
13.001	-3.21	0	14.55	NAN	
13.101	-3.21	0	14.55	NAN	
13.201	-3.21	0	14.55	NAN	
13.301	-3.21	0	14.55	NAN	
13.401	-3.21	0	14.55	NAN	
13.501	-3.21	0	14.55	NAN	
13.601	-3.21	0	14.55	NAN	
13.701	-3.21	0	14.55	NAN	
13.801	-3.21	0	14.55	NAN	
13.901	-3.21	0	14.55	NAN	
14.001	-3.21	0	14.55	NAN	
14.101	-3.21	0	14.55	NAN	
14.201	-3.21	0	14.55	NAN	
14.301	-3.21	0	14.55	NAN	
14.401	-3.225	0	14.55	NAN	
14.501	-3.225	0	14.55	NAN	
14.601	-3.225	0	14.55	NAN	
14.701	-3.225	0	14.55	NAN	
14.801	-3.225	0	14.55	NAN	
14.901	-3.225	0	14.55	NAN	
15.001	-3.225	0	14.55	NAN	
15.101	-3.225	0	14.55	NAN	
15.201	-3.225	0	14.55	NAN	
15.301	-3.225	0	14.55	NAN	
15.401	-3.21	0	14.55	NAN	
15.501	-3.21	0	14.55	NAN	
15.601	-3.21	0	14.55	NAN	
15.701	-3.21	0	14.55	NAN	
15.801	-3.21	0	14.55	NAN	
15.901	-3.21	0	14.55	NAN	
16.001	-3.21	0	14.55	NAN	
16.101	-3.21	0	14.55	NAN	
16.201	-3.21	0	14.55	NAN	
16.301	-3.21	0	14.55	NAN	
16.401	-3.225	0	14.55	NAN	
16.501	-3.225	0	14.55	NAN	
16.601	-3.225	0	14.55	NAN	
16.701	-3.225	0	14.55	NAN	
16.801	-3.225	0	14.55	NAN	
16.901	-3.225	0	14.55	NAN	
17.001	-3.225	0	14.55	NAN	
17.101	-3.225	0	14.55	NAN	
17.201	-3.225	0	14.55	NAN	
17.301	-3.225	0	14.55	NAN	
17.401	-3.225	0	14.55	NAN	
17.501	-3.225	0	14.55	NAN	
17.601	-3.225	0	14.55	NAN	
17.701	-3.225	0	14.55	NAN	
17.801	-3.225	0	14.55	NAN	
17.901	-3.225	0	14.55	NAN	
18.001	-3.225	0	14.55	NAN	
18.101	-3.225	0	14.55	NAN	
18.201	-3.225	0	14.55	NAN	
18.301	-3.225	0	14.55	NAN	
18.401	-3.225	0	14.55	NAN	
18.501	-3.225	0	14.55	NAN	
18.601	-3.225	0	14.55	NAN	
18.701	-3.225	0	14.55	NAN	
18.801	-3.225	0	14.55	NAN	
18.901	-3.225	0	14.55	NAN	
19.001	-3.225	0	14.55	NAN	
19.101	-3.225	0	14.55	NAN	
19.201	-3.225	0	14.55	NAN	
19.301	-3.225	0	14.55	NAN	
19.401	-3.225	0	14.55	NAN	
19.501	-3.225	0	14.55	NAN	
19.601	-3.225	0	14.55	NAN	
19.701	-3.225	0	14.55	NAN	
19.801	-3.225	0	14.55	NAN	
19.901	-3.225	0	14.55	NAN	
20.001	-3.225	0	14.55	NAN	
49.601	-3.165	0	14.55	NAN	
49.701	-3.165	0	14.55	NAN	
49.801	-3.165	0	14.55	NAN	
49.901	-3.165	0	14.55	NAN	
50.001	-3.165	0	14.55	NAN	
50.101	-3.165	0	14.55	NAN	
50.201	-3.165	0	14.55	NAN	
50.301	-3.165	0	14.55	NAN	
50.401	-3.165	0	14.55	NAN	
50.501	-3.165	0	14.55	NAN	
50.601	-3.165	0	14.55	NAN	
50.701	-3.165	0	14.4	NAN	
50.801	-3.165	0	14.4	NAN	
50.901	-3.165	0	14.4	NAN	
51.001	-3.165	0	14.4	NAN	
51.101	-3.165	0	14.4	NAN	
51.201	-3.165	0	14.4	NAN	
51.301	-3.165	0	14.4	NAN	
51.401	-3.165	0	14.4	NAN	
51.501	-3.18	0	14.4	NAN	
51.601	-3.18	0	14.4	NAN	
51.701	-3.18	0	14.4	NAN	
51.801	-3.18	0	14.4	NAN	
51.901	-3.18	0	14.4	NAN	
52.001	-3.18	0	14.4	NAN	
52.101	-3.18	0	14.4	NAN	
52.201	-3.18	0	14.4	NAN	
52.301	-3.18	0	14.4	NAN	
52.401	-3.18	0	14.4	NAN	
52.501	-3.18	0	14.4	NAN	
52.601	-3.18	0	14.4	NAN	
52.701	-3.18	0	14.4	NAN	
52.801	-3.18	0	14.4	NAN	
52.901	-3.18	0	14.4	NAN	
53.001	-3.18	0	14.4	NAN	
53.101	-3.18	0	14.4	NAN	
53.201	-3.18	0	14.4	NAN	
53.301	-3.18	0	14.4	NAN	
53.401	-3.18	0	14.4	NAN	
53.501	-3.18	0	14.4	NAN	
53.601	-3.18	0	14.4	NAN	
53.701	-3.18	0	14.4	NAN	
53.801	-3.18	0	14.4	NAN	
53.901	-3.18	0	14.4	NAN	
54.001	-3.18	0	14.4	NAN	
54.101	-3.18	0	14.4	NAN	
54.201	-3.18	0	14.4	NAN	
54.301	-3.18	0	14.4	NAN	
54.401	-3.18	0	14.4	NAN	
54.501	-3.18	0	14.4	NAN	
54.601	-3.18	0	14.4	NAN	
54.701	-3.18	0	14.4	NAN	
54.801	-3.18	0	14.4	NAN	
54.901	-3.18	0	14.4	NAN	
55.001	-3.18	0	14.4	NAN	
55.101	-3.18	0	14.4	NAN	
55.201	-3.18	0	14.4	NAN	
55.301	-3.18	0	14.4	NAN	
55.401	-3.18	0	14.4	NAN	
55.501	-3.195	0	14.4	NAN	
55.601	-3.195	0	14.4	NAN	
55.701	-3.195	0	14.4	NAN	
55.801	-3.195	0	14.4	NAN	
55.901	-3.195	0	14.4	NAN	
56.001	-3.195	0	14.4	NAN	
56.101	-3.195	0	14.4	NAN	
56.201	-3.195	0	14.4	NAN	
56.301	-3.195	0	14.4	NAN	
56.401	-3.195	0	14.4	NAN	
56.501	-3.195	0	14.4	NAN	
56.601	-3.195	0	14.4	NAN	
56.701	-3.195	0	14.4	NAN	
56.801	-3.195	0	14.4	NAN	
56.901	-3.195	0	14.4	NAN	
57.001	-3.195	0	14.4	NAN	
57.101	-3.195	0	14.4	NAN	
57.201	-3.195	0	14.4	NAN	
57.301	-3.195	0	14.4	NAN	
57.401	-3.195	0	14.4	NAN	
57.501	-3.195	0	14.4	NAN	
57.601	-3.195	0	14.4	NAN	
57.701	-3.195	0	14.4	NAN	
57.801	-3.195	0	14.4	NAN	
57.901	-3.195	0	14.4	NAN	
58.001	-3.195	0	14.4	NAN	
58.101	-3.195	0	14.4	NAN	
58.201	-3.195	0	14.4	NAN	
58.301	-3.195	0	14.4	NAN	
58.401	-3.195	0	14.4	NAN	
58.501	-3.18	0	14.4	NAN	
58.601	-3.18	0	14.4	NAN	
58.701	-3.18	0	14.4	NAN	
58.801	-3.18	0	14.4	NAN	
58.901	-3.18	0	14.4	NAN	
59.001	-3.18	0	14.4	NAN	
59.101	-3.18	0	14.4	NAN	
59.201	-3.18	0	14.4	NAN	
59.301	-3.18	0	14.4	NAN	
59.401	-3.18	0	14.4	NAN	
59.501	-3.18	0	14.4	NAN	
59.601	-3.18	0	14.4	NAN	
59.701	-3.18	0	14.4	NAN	
59.801	-3.18	0	14.4	NAN	
59.901	-3.18	0	14.4	NAN	
60.001	-3.18	0	14.4	NAN	
60.101	-3.18	0	14.4	NAN	
60.201	-3.18	0	14.4	NAN	
60.301	-3.18	0	14.4	NAN	
60.401	-3.18	0	14.4	NAN	
60.501	-3.195	0	14.4	NAN	
60.601	-3.195	0	14.4	NAN	
60.701	-3.195	0	14.4	NAN	
60.801	-3.195	0	14.4	NAN	
60.901	-3.195	0	14.4	NAN	
61.001	-3.195	0	14.4	NAN	
61.101	-3.195	0	14.4	NAN	
61.201	-3.195	0	14.4	NAN	
61.301	-3.195	0	14.4	NAN	
61.401	-3.195	0	14.4	NAN	
61.501	-3.195	0	14.4	NAN	
61.601	-3.195	0	14.4	NAN	
61.701	-3.195	0	14.4	NAN	
61.801	-3.195	0	14.4	NAN	
61.901	-3.195	0	14.4	NAN	
62.001	-3.195	0	14.4	NAN	
62.101	-3.195	0	14.4	NAN	
62.201	-3.195	0	14.4	NAN	
62.301	-3.195	0	14.4	NAN	
62.401	-3.195	0	14.4	NAN	
62.501	-3.195	0	14.4	NAN	
62.601	-3.195	0	14.4	NAN	
62.701	-3.195	0	14.4	NAN	
62.801	-3.195	0	14.4	NAN	
62.901	-3.195	0	14.4	NAN	
63.001	-3.195	0	14.4	NAN	
63.101	-3.195	0	14.4	NAN	
63.201	-3.195	0	14.4	NAN	
63.301	-3.195	0	14.4	NAN	
63.401	-3.195	0	14.4	NAN	
63.501	-3.195	0	14.4	NAN	
63.601	-3.195	0	14.4	NAN	
63.701	-3.195	0	14.4	NAN	
63.801	-3.195	0	14.4	NAN	
63.901	-3.195	0	14.4	NAN	
64.001	-3.195	0	14.4	NAN	
64.101	-3.195	0	14.4	NAN	
64.201	-3.195	0	14.4	NAN	
64.301	-3.195	0	14.4	NAN	
64.401	-3.195	0	14.4	NAN	
64.501	-3.195	0	14.4	NAN	
64.601	-3.195	0	14.4	NAN	
64.701	-3.195	0	14.4	NAN	
64.801	-3.195	0	14.4	NAN	
64.901	-3.195	0	14.4	NAN	
65.001	-3.195	0	14.4	NAN	
65.101	-3.195	0	14.4	NAN	
65.201	-3.195	0	14.4	NAN	
65.301	-3.195	0	14.4	NAN	
65.401	-3.195	0	14.4	NAN	
65.501	-3.195	0	14.4	NAN	
65.601	-3.195	0	14.4	NAN	
65.701	-3.195	0	14.4	NAN	
65.801	-3.195	0	14.4	NAN	
65.901	-3.195	0	14.4	NAN	
66.001	-3.195	0	14.4	NAN	
66.101	-3.195	0	14.4	NAN	
66.201	-3.195	0	14.4	NAN	
66.301	-3.195	0	14.4	NAN	
66.401	-3.195	0	14.4	NAN	
66.501	-3.195	0	14.4	NAN	
66.601	-3.195	0	14.4	NAN	
66.701	-3.195	0	14.4	NAN	
66.801	-3.195	0	14.4	NAN	
66.901	-3.195	0	14.4	NAN	
67.001	-3.195	0	14.4	NAN	
67.101	-3.195	0	14.4	NAN	
67.201	-3.195	0	14.4	NAN	
67.301	-3.195	0	14.4	NAN	
67.401	-3.195	0	14.4	NAN	
67.501	-3.195	0	14.4	NAN	
67.601	-3.195	0	14.4	NAN	
67.701	-3.195	0	14.4	NAN	
67.801	-3.195	0	14.4	NAN	
67.901	-3.195	0	14.4	NAN	
68.001	-3.195	0	14.4	NAN	
68.101	-3.195	0	14.4	NAN	
68.201	-3.195	0	14.4	NAN	
68.301	-3.195	0	14.4	NAN	
68.401	-3.195	0	14.4	NAN	
68.501	-3.195	0	14.4	NAN	
68.601	-3.195	0	14.4	NAN	
68.701	-3.195	0	14.4	NAN	
68.801	-3.195	0	14.4	NAN	
68.901	-3.195	0	14.4	NAN	
69.001	-3.195	0	14.4	NAN	
69.101	-3.195	0	14.4	NAN	
69.201	-3.195	0	14.4	NAN	
69.301	-3.195	0	14.4	NAN	
69.401	-3.195	0	14.4	NAN	
69.501	-3.195	0	14.4	NAN	
69.601	-3.195	0	14.4	NAN	
69.701	-3.195	0	14.4	NAN	
69.801	-3.195	0	14.4	NAN	
69.901	-3.195	0	14.4	NAN	
70.001	-3.195	0	14.4	NAN	
70.101	-3.195	0	14.4	NAN	
70.201	-3.195	0	14.4	NAN	
70.301	-3.195	0	14.4	NAN	
70.401	-3.195	0	14.4	NAN	
70.501	-3.195	0	14.4	NAN	
70.601	-3.195	0	14.4	NAN	
70.701	-3.195	0	14.4	NAN	
70.801	-3.195	0	14.4	NAN	
70.901	-3.195	0	14.4	NAN	
71.001	-3.195	0	14.4	NAN	
71.101	-3.195	0	14.4	NAN	
71.201	-3.195	0	14.4	NAN	
71.301	-3.195	0	14.4	NAN	
71.401	-3.195	0	14.4	NAN	
71.501	-3.21	0	14.4	NAN	
71.601	-3.21	0	14.4	NAN	
71.701	-3.21	0	14.4	NAN	
71.801	-3.21	0	14.4	NAN	
71.901	-3.21	0	14.4	NAN	
72.001	-3.21	0	14.4	NAN	
72.101	-3.21	0	14.4	NAN	
72.201	-3.21	0	14.4	NAN	
72.301	-3.21	0	14.4	NAN	
72.401	-3.21	0	14.4	NAN	
72.501	-3.21	0	14.4	NAN	
72.601	-3.21	0	14.4	NAN	
72.701	-3.21	0	14.4	NAN	
72.801	-3.21	0	14.4	NAN	
72.901	-3.21	0	14.4	NAN	
73.001	-3.21	0	14.4	NAN	
73.101	-3.21	0	14.4	NAN	
73.201	-3.21	0	14.4	NAN	
73.301	-3.21	0	14.4	NAN	
73.401	-3.21	0	14.4	NAN	
73.501	-3.21	0	14.4	NAN	
73.601	-3.21	0	14.4	NAN	
73.701	-3.21	0	14.4	NAN	
73.801	-3.21	0	14.4	NAN	
73.901	-3.21	0	14.4	NAN	
74.001	-3.21	0	14.4	NAN	
74.101	-3.21	0	14.4	NAN	
74.201	-3.21	0	14.4	NAN	
74.301	-3.21	0	14.4	NAN	
74.401	-3.21	0	14.4	NAN	
74.501	-3.225	0	14.4	NAN	
74.601	-3.225	0	14.4	NAN	
74.701	-3.225	0	14.4	NAN	
74.801	-3.225	0	14.4	NAN	
74.901	-3.225	0	14.4	NAN	
75.001	-3.225	0	14.4	NAN	
75.101	-3.225	0	14.4	NAN	
75.201	-3.225	0	14.4	NAN	
75.301	-3.225	0	14.4	NAN	
75.401	-3.225	0	14.4	NAN	
75.501	-3.225	0	14.4	NAN	
75.601	-3.225	0	14.4	NAN	
75.701	-3.225	0	14.4	NAN	
75.801	-3.225	0	14.4	NAN	
75.901	-3.225	0	14.4	NAN	
76.001	-3.225	0	14.4	NAN	
76.101	-3.225	0	14.4	NAN	
76.201	-3.225	0	14.4	NAN	
76.301	-3.225	0	14.4	NAN	
76.401	-3.225	0	14.4	NAN	
76.501	-3.225	0	14.4	NAN	
76.601	-3.225	0	14.4	NAN	
76.701	-3.225	0	14.4	NAN	
76.801	-3.225	0	14.4	NAN	
76.901	-3.225	0	14.4	NAN	
77.001	-3.225	0	14.4	NAN	
77.101	-3.225	0	14.4	NAN	
77.201	-3.225	0	14.4	NAN	
77.301	-3.225	0	14.4	NAN	
77.401	-3.225	0	14.4	NAN	
77.501	-3.225	0	14.4	NAN	
77.601	-3.225	0	14.4	NAN	
77.701	-3.225	0	14.4	NAN	
77.801	-3.225	0	14.4	NAN	
77.901	-3.225	0	14.4	NAN	
78.001	-3.225	0	14.4	NAN	
78.101	-3.225	0	14.4	NAN	
78.201	-3.225	0	14.4	NAN	
78.301	-3.225	0	14.4	NAN	
78.401	-3.225	0	14.4	NAN	
78.501	-3.225	0	14.4	NAN	
78.601	-3.225	0	14.4	NAN	
78.701	-3.225	0	14.4	NAN	
78.801	-3.225	0	14.4	NAN	
78.901	-3.225	0	14.4	NAN	
79.001	-3.225	0	14.4	NAN	
79.101	-3.225	0	14.4	NAN	
79.201	-3.225	0	14.4	NAN	
79.301	-3.225	0	14.4	NAN	
79.401	-3.225	0	14.4	NAN	
79.501	-3.225	0	14.4	NAN	
79.601	-3.225	0	14.4	NAN	
79.701	-3.225	0	14.4	NAN	
79.801	-3.225	0	14.4	NAN	
79.901	-3.225	0	14.4	NAN	
80.001	-3.225	0	14.4	NAN	
80.102	-3.225	0	14.4	NAN	
80.201	-3.225	0	14.4	NAN	
80.301	-3.225	0	14.4	NAN	
122.701	-3.15	0	14.7	NAN	
122.801	-3.15	0	14.7	NAN	
122.901	-3.15	0	14.7	NAN	
123.001	-3.15	0	14.7	NAN	
123.101	-3.15	0	14.7	NAN	
123.201	-3.15	0	14.7	NAN	
123.301	-3.15	0	14.7	NAN	
123.401	-3.15	0	14.7	NAN	
123.501	-3.15	0	14.7	NAN	
123.601	-3.15	0	14.7	NAN	
123.701	-3.15	0	14.7	NAN	
123.801	-3.15	0	14.7	NAN	
123.901	-3.15	0	14.7	NAN	
124.001	-3.15	0	14.7	NAN	
124.101	-3.15	0	14.7	NAN	
124.201	-3.15	0	14.7	NAN	
124.301	-3.15	0	14.7	NAN	
124.401	-3.15	0	14.7	NAN	
124.501	-3.15	0	14.7	NAN	
124.601	-3.15	0	14.7	NAN	
124.701	-3.15	0	14.7	NAN	
124.801	-3.15	0	14.7	NAN	
124.901	-3.15	0	14.7	NAN	
125.001	-3.15	0	14.7	NAN	
125.101	-3.15	0	14.7	NAN	
125.201	-3.15	0	14.7	NAN	
125.301	-3.15	0	14.7	NAN	
125.401	-3.15	0	14.7	NAN	
125.501	-3.165	0	14.7	NAN	
125.601	-3.165	0	14.7	NAN	
125.701	-3.165	0	14.7	NAN	
125.801	-3.165	0	14.7	NAN	
125.901	-3.165	0	14.7	NAN	
126.001	-3.165	0	14.7	NAN	
126.101	-3.165	0	14.7	NAN	
126.201	-3.165	0	14.7	NAN	
126.301	-3.165	0	14.7	NAN	
126.401	-3.165	0	14.7	NAN	
126.501	-3.165	0	14.7	NAN	
126.601	-3.165	0	14.7	NAN	
126.701	-3.165	0	14.7	NAN	
126.801	-3.165	0	14.7	NAN	
126.901	-3.165	0	14.7	NAN	
127.001	-3.165	0	14.7	NAN	
127.101	-3.165	0	14.7	NAN	
127.201	-3.165	0	14.7	NAN	
127.301	-3.165	0	14.7	NAN	
127.401	-3.165	0	14.7	NAN	
127.501	-3.165	0	14.7	NAN	
127.601	-3.165	0	14.7	NAN	
127.701	-3.165	0	14.7	NAN	
127.801	-3.165	0	14.7	NAN	
127.901	-3.165	0	14.7	NAN	
128.001	-3.165	0	14.7	NAN	
128.101	-3.165	0	14.7	NAN	
128.201	-3.165	0	14.7	NAN	
128.301	-3.165	0	14.7	NAN	
128.401	-3.165	0	14.7	NAN	
128.501	-3.165	0	14.7	NAN	
128.601	-3.165	0	14.7	NAN	
128.701	-3.165	0	14.7	NAN	
128.801	-3.165	0	14.7	NAN	
128.901	-3.165	0	14.7	NAN	
129.001	-3.165	0	14.7	NAN	
129.101	-3.165	0	14.7	NAN	
129.201	-3.165	0	14.7	NAN	
129.301	-3.165	0	14.7	NAN	
129.401	-3.165	0	14.7	NAN	
129.501	-3.165	0	14.7	NAN	
129.601	-3.165	0	14.7	NAN	
129.701	-3.165	0	14.7	NAN	
129.801	-3.165	0	14.7	NAN	
129.901	-3.165	0	14.7	NAN	
130.001	-3.165	0	14.7	NAN	
130.101	-3.165	0	14.7	NAN	
130.201	-3.165	0	14.7	NAN	
130.301	-3.165	0	14.7	NAN	
130.401	-3.165	0	14.7	NAN	
130.501	-3.18	0	14.7	NAN	
130.601	-3.18	0	14.7	NAN	
130.701	-3.18	0	14.7	NAN	
130.801	-3.18	0	14.7	NAN	
130.901	-3.18	0	14.7	NAN	
131.001	-3.18	0	14.7	NAN	
131.101	-3.18	0	14.7	NAN	
131.201	-3.18	0	14.7	NAN	
131.301	-3.18	0	14.7	NAN	
131.401	-3.18	0	14.7	NAN	
131.501	-3.18	0	14.7	NAN	
131.601	-3.18	0	14.7	NAN	
131.701	-3.18	0	14.7	NAN	
131.801	-3.18	0	14.7	NAN	
131.901	-3.18	0	14.7	NAN	
132.001	-3.18	0	14.7	NAN	
132.101	-3.18	0	14.7	NAN	
132.201	-3.18	0	14.7	NAN	
132.301	-3.18	0	14.7	NAN	
132.401	-3.18	0	14.7	NAN	
132.501	-3.18	0	14.7	NAN	
132.601	-3.18	0	14.7	NAN	
132.701	-3.18	0	14.7	NAN	
132.801	-3.18	0	14.7	NAN	
132.901	-3.18	0	14.7	NAN	
133.001	-3.18	0	14.7	NAN	
133.101	-3.18	0	14.7	NAN	
133.201	-3.18	0	14.7	NAN	
133.301	-3.18	0	14.7	NAN	
133.401	-3.18	0	14.7	NAN	
133.501	-3.18	0	14.7	NAN	
133.601	-3.18	0	14.7	NAN	
133.701	-3.18	0	14.7	NAN	
133.801	-3.18	0	14.7	NAN	
133.901	-3.18	0	14.7	NAN	
134.001	-3.18	0	14.7	NAN	
134.101	-3.18	0	14.7	NAN	
134.201	-3.18	0	14.7	NAN	
134.301	-3.18	0	14.7	NAN	
134.401	-3.18	0	14.7	NAN	
134.501	-3.195	0	14.7	NAN	
134.601	-3.195	0	14.7	NAN	
134.701	-3.195	0	14.7	NAN	
134.801	-3.195	0	14.7	NAN	
134.901	-3.195	0	14.7	NAN	
135.001	-3.195	0	14.7	NAN	
135.101	-3.195	0	14.7	NAN	
135.201	-3.195	0	14.7	NAN	
135.301	-3.195	0	14.7	NAN	
135.401	-3.195	0	14.7	NAN	
135.501	-3.195	0	14.7	NAN	
135.601	-3.195	0	14.7	NAN	
135.701	-3.195	0	14.7	NAN	
135.801	-3.195	0	14.7	NAN	
135.901	-3.195	0	14.7	NAN	
136.001	-3.195	0	14.7	NAN	
136.101	-3.195	0	14.7	NAN	
136.201	-3.195	0	14.7	NAN	
136.301	-3.195	0	14.7	NAN	
136.401	-3.195	0	14.7	NAN	
136.501	-3.195	0	14.7	NAN	
136.601	-3.195	0	14.7	NAN	
136.701	-3.195	0	14.7	NAN	
136.801	-3.195	0	14.7	NAN	
136.901	-3.195	0	14.7	NAN	
137.001	-3.195	0	14.7	NAN	
137.101	-3.195	0	14.7	NAN	
137.201	-3.195	0	14.7	NAN	
137.301	-3.195	0	14.7	NAN	
137.401	-3.195	0	14.7	NAN	
137.501	-3.195	0	14.7	NAN	
137.601	-3.195	0	14.7	NAN	
137.701	-3.195	0	14.7	NAN	
137.801	-3.195	0	14.7	NAN	
137.901	-3.195	0	14.7	NAN	
138.001	-3.195	0	14.7	NAN	
138.101	-3.195	0	14.7	NAN	
138.201	-3.195	0	14.7	NAN	
138.301	-3.195	0	14.7	NAN	
138.401	-3.195	0	14.7	NAN	
138.501	-3.195	0	14.7	NAN	
138.601	-3.195	0	14.7	NAN	
138.701	-3.195	0	14.7	NAN	
138.801	-3.195	0	14.7	NAN	
138.901	-3.195	0	14.7	NAN	
139.001	-3.195	0	14.7	NAN	
139.101	-3.195	0	14.7	NAN	
139.201	-3.195	0	14.7	NAN	
139.301	-3.195	0	14.7	NAN	
139.401	-3.195	0	14.7	NAN	
139.501	-3.195	0	14.7	NAN	
139.601	-3.195	0	14.7	NAN	
139.701	-3.195	0	14.7	NAN	
139.801	-3.195	0	14.7	NAN	
139.901	-3.195	0	14.7	NAN	
140.001	-3.195	0	14.7	NAN	
140.101	-3.195	0	14.7	NAN	
140.201	-3.195	0	14.7	NAN	
140.301	-3.195	0	14.7	NAN	
140.401	-3.195	0	14.7	NAN	
140.501	-3.21	0	14.7	NAN	
140.601	-3.21	0	14.7	NAN	
140.701	-3.21	0	14.7	NAN	
140.801	-3.21	0	14.7	NAN	
140.901	-3.21	0	14.7	NAN	
141.001	-3.21	0	14.7	NAN	
141.101	-3.21	0	14.7	NAN	
141.201	-3.21	0	14.7	NAN	
141.301	-3.21	0	14.7	NAN	
141.401	-3.21	0	14.7	NAN	
141.501	-3.21	0	14.7	NAN	
141.601	-3.21	0	14.7	NAN	
141.701	-3.21	0	14.7	NAN	
141.801	-3.21	0	14.7	NAN	
141.901	-3.21	0	14.7	NAN	
142.001	-3.21	0	14.7	NAN	
142.101	-3.21	0	14.7	NAN	
142.201	-3.21	0	14.7	NAN	
142.301	-3.21	0	14.7	NAN	
142.401	-3.21	0	14.7	NAN	
142.501	-3.21	0	14.7	NAN	
142.601	-3.21	0	14.7	NAN	
142.701	-3.21	0	14.7	NAN	
142.801	-3.21	0	14.7	NAN	
142.901	-3.21	0	14.7	NAN	
143.001	-3.21	0	14.7	NAN	
143.101	-3.21	0	14.7	NAN	
143.201	-3.21	0	14.7	NAN	
143.301	-3.21	0	14.7	NAN	
143.401	-3.21	0	14.7	NAN	
143.501	-3.21	0	14.7	NAN	
143.601	-3.21	0	14.7	NAN	
143.701	-3.21	0	14.7	NAN	
143.801	-3.21	0	14.7	NAN	
143.901	-3.21	0	14.7	NAN	
144.001	-3.21	0	14.7	NAN	
144.101	-3.21	0	14.7	NAN	
144.201	-3.21	0	14.7	NAN	
144.301	-3.21	0	14.7	NAN	
144.401	-3.21	0	14.7	NAN	
144.501	-3.21	0	14.7	NAN	
144.601	-3.21	0	14.7	NAN	
144.701	-3.21	0	14.7	NAN	
144.801	-3.21	0	14.7	NAN	
144.901	-3.21	0	14.7	NAN	
145.001	-3.21	0	14.7	NAN	
145.101	-3.21	0	14.7	NAN	
145.201	-3.21	0	14.7	NAN	
145.301	-3.21	0	14.7	NAN	
145.401	-3.21	0	14.7	NAN	
145.501	-3.225	0	14.7	NAN	
145.601	-3.225	0	14.7	NAN	
145.701	-3.225	0	14.7	NAN	
145.801	-3.225	0	14.7	NAN	
145.901	-3.225	0	14.7	NAN	
146.001	-3.225	0	14.7	NAN	
146.101	-3.225	0	14.7	NAN	
146.201	-3.225	0	14.7	NAN	
146.301	-3.225	0	14.7	NAN	
146.401	-3.225	0	14.7	NAN	
146.501	-3.225	0	14.7	NAN	
146.601	-3.225	0	14.7	NAN	
146.701	-3.225	0	14.7	NAN	
146.801	-3.225	0	14.7	NAN	
146.901	-3.225	0	14.7	NAN	
147.001	-3.225	0	14.7	NAN	
147.101	-3.225	0	14.7	NAN	
147.201	-3.225	0	14.7	NAN	
147.301	-3.225	0	14.7	NAN	
147.401	-3.225	0	14.7	NAN	
147.501	-3.225	0	14.7	NAN	
147.601	-3.225	0	14.7	NAN	
147.701	-3.225	0	14.7	NAN	
147.801	-3.225	0	14.7	NAN	
147.901	-3.225	0	14.7	NAN	
148.001	-3.225	0	14.7	NAN	
148.101	-3.225	0	14.7	NAN	
148.201	-3.225	0	14.7	NAN	
148.301	-3.225	0	14.7	NAN	
148.401	-3.225	0	14.7	NAN	
148.501	-3.225	0	14.7	NAN	
148.601	-3.225	0	14.7	NAN	
148.701	-3.225	0	14.7	NAN	
148.801	-3.225	0	14.7	NAN	
148.901	-3.225	0	14.7	NAN	
149.001	-3.225	0	14.7	NAN	
149.101	-3.225	0	14.7	NAN	
149.201	-3.225	0	14.7	NAN	
149.301	-3.225	0	14.7	NAN	
149.401	-3.225	0	14.7	NAN	
149.501	-3.225	0	14.7	NAN	
149.601	-3.225	0	14.7	NAN	
149.701	-3.225	0	14.7	NAN	
149.801	-3.225	0	14.7	NAN	
149.901	-3.225	0	14.7	NAN	
150.001	-3.225	0	14.7	NAN	
150.101	-3.225	0	14.7	NAN	
150.201	-3.225	0	14.7	NAN	
150.301	-3.225	0	14.7	NAN	
150.401	-3.225	0	14.7	NAN	
150.501	-3.225	0	14.7	NAN	
150.601	-3.225	0	14.7	NAN	
150.701	-3.225	0	14.7	NAN	
150.801	-3.225	0	14.7	NAN	
150.901	-3.225	0	14.7	NAN	
151.001	-3.225	0	14.7	NAN	
151.101	-3.225	0	14.7	NAN	
151.201	-3.225	0	14.7	NAN	
151.301	-3.225	0	14.7	NAN	
151.401	-3.225	0	14.7	NAN	
151.501	-3.225	0	14.7	NAN	
151.601	-3.225	0	14.7	NAN	
151.701	-3.225	0	14.7	NAN	
151.801	-3.225	0	14.7	NAN	
151.901	-3.225	0	14.7	NAN	
152.001	-3.225	0	14.7	NAN	
152.101	-3.225	0	14.7	NAN	
152.201	-3.225	0	14.7	NAN	
152.301	-3.225	0	14.7	NAN	
152.401	-3.225	0	14.7	NAN	
152.501	-3.225	0	14.7	NAN	
152.601	-3.225	0	14.7	NAN	
152.701	-3.225	0	14.7	NAN	
152.801	-3.225	0	14.7	NAN	
152.901	-3.225	0	14.7	NAN	
153.001	-3.225	0	14.7	NAN	
153.101	-3.225	0	14.7	NAN	
153.201	-3.225	0	14.7	NAN	
153.301	-3.225	0	14.7	NAN	
153.401	-3.225	0	14.7	NAN	
153.501	-3.225	0	14.7	NAN	
153.601	-3.225	0	14.7	NAN	
153.701	-3.225	0	14.7	NAN	
153.801	-3.225	0	14.7	NAN	
153.901	-3.225	0	14.7	NAN	
154.001	-3.225	0	14.7	NAN	
154.101	-3.225	0	14.7	NAN	
154.201	-3.225	0	14.7	NAN	
154.301	-3.225	0	14.7	NAN	
154.401	-3.225	0	14.7	NAN	
154.501	-3.225	0	14.7	NAN	
154.601	-3.225	0	14.7	NAN	
154.701	-3.225	0	14.7	NAN	
154.801	-3.225	0	14.7	NAN	
154.901	-3.225	0	14.7	NAN	
155.001	-3.225	0	14.7	NAN	
155.101	-3.225	0	14.7	NAN	
155.201	-3.225	0	14.7	NAN	
155.301	-3.225	0	14.7	NAN	
155.401	-3.225	0	14.7	NAN	
155.501	-3.225	0	14.7	NAN	
155.601	-3.225	0	14.7	NAN	
155.701	-3.225	0	14.7	NAN	
155.801	-3.225	0	14.7	NAN	
155.901	-3.225	0	14.7	NAN	
156.001	-3.225	0	14.7	NAN	
156.101	-3.225	0	14.7	NAN	
156.201	-3.225	0	14.7	NAN	
156.301	-3.225	0	14.7	NAN	
156.402	-3.225	0	14.7	NAN	
156.501	-3.225	0	14.7	NAN	
156.601	-3.225	0	14.7	NAN	
156.701	-3.225	0	14.7	NAN	
156.801	-3.225	0	14.7	NAN	
156.901	-3.225	0	14.7	NAN	
230.001	-3.135	0.0015	14.55	NAN	
230.101	-3.135	0.0015	14.55	NAN	
230.201	-3.135	0.0015	14.55	NAN	
230.301	-3.135	0.0015	14.55	NAN	
230.401	-3.135	0.0015	14.55	NAN	
230.501	-3.135	0.0015	14.55	NAN	
230.601	-3.135	0.0015	14.55	NAN	
230.701	-3.135	0.0015	14.55	NAN	
230.801	-3.135	0.0015	14.55	NAN	
230.901	-3.135	0.0015	14.55	NAN	
231.001	-3.135	0	14.55	NAN	
231.101	-3.135	0	14.55	NAN	
231.201	-3.135	0	14.55	NAN	
231.301	-3.135	0	14.55	NAN	
231.401	-3.135	0	14.55	NAN	
231.501	-3.135	0	14.55	NAN	
231.601	-3.15	0	14.55	NAN	
231.701	-3.15	0	14.55	NAN	
231.801	-3.15	0	14.55	NAN	
231.901	-3.15	0	14.55	NAN	
232.001	-3.15	0	14.55	NAN	
232.101	-3.15	0	14.55	NAN	
232.201	-3.15	0	14.55	NAN	
232.301	-3.15	0	14.55	NAN	
232.401	-3.15	0	14.55	NAN	
232.501	-3.15	0	14.55	NAN	
232.601	-3.15	0	14.55	NAN	
232.701	-3.15	0	14.55	NAN	
232.801	-3.15	0	14.55	NAN	
232.901	-3.15	0	14.55	NAN	
233.001	-3.15	0	14.55	NAN	
233.101	-3.15	0	14.55	NAN	
233.201	-3.15	0	14.55	NAN	
233.301	-3.15	0	14.55	NAN	
233.401	-3.15	0	14.55	NAN	
233.501	-3.15	0	14.55	NAN	
233.601	-3.15	0	14.55	NAN	
233.701	-3.15	0	14.55	NAN	
233.801	-3.15	0	14.55	NAN	
233.901	-3.15	0	14.55	NAN	
234.001	-3.15	0	14.55	NAN	
234.101	-3.15	0	14.55	NAN	
234.201	-3.15	0	14.55	NAN	
234.301	-3.15	0	14.55	NAN	
234.401	-3.15	0	14.55	NAN	
234.501	-3.15	0	14.55	NAN	
234.601	-3.15	0	14.55	NAN	
234.701	-3.15	0	14.55	NAN	
234.801	-3.15	0	14.55	NAN	
234.901	-3.15	0	14.55	NAN	
235.001	-3.15	0	14.55	NAN	
235.101	-3.15	0	14.55	NAN	
235.201	-3.15	0	14.55	NAN	
235.301	-3.15	0	14.55	NAN	
235.401	-3.15	0	14.55	NAN	
235.501	-3.15	0	14.55	NAN	
235.601	-3.165	0	14.55	NAN	
235.701	-3.165	0	14.55	NAN	
235.801	-3.165	0	14.55	NAN	
235.901	-3.165	0	14.55	NAN	
236.001	-3.165	0	14.55	NAN	
236.101	-3.165	0	14.55	NAN	
236.201	-3.165	0	14.55	NAN	
236.301	-3.165	0	14.55	NAN	
236.401	-3.165	0	14.55	NAN	
236.501	-3.165	0	14.55	NAN	
236.601	-3.165	0	14.55	NAN	
236.701	-3.165	0	14.55	NAN	
236.801	-3.165	0	14.55	NAN	
236.901	-3.165	0	14.55	NAN	
237.001	-3.165	0	14.55	NAN	
237.101	-3.165	0	14.55	NAN	
237.201	-3.165	0	14.55	NAN	
237.301	-3.165	0	14.55	NAN	
237.401	-3.165	0	14.55	NAN	
237.501	-3.165	0	14.55	NAN	
237.601	-3.165	0	14.55	NAN	
237.701	-3.165	0	14.55	NAN	
237.801	-3.165	0	14.55	NAN	
237.901	-3.165	0	14.55	NAN	
238.001	-3.165	0	14.55	NAN	
238.101	-3.165	0	14.55	NAN	
238.201	-3.165	0	14.55	NAN	
238.301	-3.165	0	14.55	NAN	
238.401	-3.165	0	14.55	NAN	
238.501	-3.165	0	14.55	NAN	
238.601	-3.165	0	14.55	NAN	
238.701	-3.165	0	14.55	NAN	
238.801	-3.165	0	14.55	NAN	
238.901	-3.165	0	14.55	NAN	
239.001	-3.165	0	14.55	NAN	
239.101	-3.165	0	14.55	NAN	
239.201	-3.165	0	14.55	NAN	
239.301	-3.165	0	14.55	NAN	
239.401	-3.165	0	14.55	NAN	
239.501	-3.165	0	14.55	NAN	
239.601	-3.165	0	14.55	NAN	
239.701	-3.165	0	14.55	NAN	
239.801	-3.165	0	14.55	NAN	
239.901	-3.165	0	14.55	NAN	
240.001	-3.165	0	14.55	NAN	
240.101	-3.165	0	14.55	NAN	
240.201	-3.165	0	14.55	NAN	
240.301	-3.165	0	14.55	NAN	
240.401	-3.165	0	14.55	NAN	
240.501	-3.165	0	14.55	NAN	
240.601	-3.18	0	14.55	NAN	
240.701	-3.18	0	14.55	NAN	
240.801	-3.18	0	14.55	NAN	
240.901	-3.18	0	14.55	NAN	
241.001	-3.18	0	14.55	NAN	
241.101	-3.18	0	14.55	NAN	
241.201	-3.18	0	14.55	NAN	
241.301	-3.18	0	14.55	NAN	
241.401	-3.18	0	14.55	NAN	
241.501	-3.18	0	14.55	NAN	
241.601	-3.18	0	14.55	NAN	
241.701	-3.18	0	14.55	NAN	
241.801	-3.18	0	14.55	NAN	
241.901	-3.18	0	14.55	NAN	
242.001	-3.18	0	14.55	NAN	
242.101	-3.18	0	14.55	NAN	
242.201	-3.18	0	14.55	NAN	
242.301	-3.18	0	14.55	NAN	
242.401	-3.18	0	14.55	NAN	
242.501	-3.18	0	14.55	NAN	
242.601	-3.18	0	14.55	NAN	
242.701	-3.18	0	14.55	NAN	
242.801	-3.18	0	14.55	NAN	
242.901	-3.18	0	14.55	NAN	
243.001	-3.18	0	14.55	NAN	
243.101	-3.18	0	14.55	NAN	
243.201	-3.18	0	14.55	NAN	
243.301	-3.18	0	14.55	NAN	
243.401	-3.18	0	14.55	NAN	
243.501	-3.18	0	14.55	NAN	
243.601	-3.18	0	14.55	NAN	
243.701	-3.18	0	14.55	NAN	
243.801	-3.18	0	14.55	NAN	
243.901	-3.18	0	14.55	NAN	
244.001	-3.18	0	14.55	NAN	
244.101	-3.18	0	14.55	NAN	
244.201	-3.18	0	14.55	NAN	
244.301	-3.18	0	14.55	NAN	
244.401	-3.18	0	14.55	NAN	
244.501	-3.18	0	14.55	NAN	
244.601	-3.195	0	14.55	NAN	
244.701	-3.195	0	14.55	NAN	
244.801	-3.195	0	14.55	NAN	
244.901	-3.195	0	14.55	NAN	
245.001	-3.195	0	14.55	NAN	
245.101	-3.195	0	14.55	NAN	
245.201	-3.195	0	14.55	NAN	
245.301	-3.195	0	14.55	NAN	
245.401	-3.195	0	14.55	NAN	
245.501	-3.195	0	14.55	NAN	
245.601	-3.195	0	14.55	NAN	
245.701	-3.195	0	14.55	NAN	
245.801	-3.195	0	14.55	NAN	
245.901	-3.195	0	14.55	NAN	
246.001	-3.195	0	14.55	NAN	
246.101	-3.195	0	14.55	NAN	
246.201	-3.195	0	14.55	NAN	
246.301	-3.195	0	14.55	NAN	
246.401	-3.195	0	14.55	NAN	
246.501	-3.195	0	14.55	NAN	
246.601	-3.195	0	14.55	NAN	
246.701	-3.195	0	14.55	NAN	
246.801	-3.195	0	14.55	NAN	
246.901	-3.195	0	14.55	NAN	
247.001	-3.195	0	14.55	NAN	
247.101	-3.195	0	14.55	NAN	
247.201	-3.195	0	14.55	NAN	
247.301	-3.195	0	14.55	NAN	
247.401	-3.195	0	14.55	NAN	
247.501	-3.195	0	14.55	NAN	
247.601	-3.195	0	14.55	NAN	
247.701	-3.195	0	14.55	NAN	
247.801	-3.195	0	14.55	NAN	
247.901	-3.195	0	14.55	NAN	
248.001	-3.195	0	14.55	NAN	
248.101	-3.195	0	14.55	NAN	
248.201	-3.195	0	14.55	NAN	
248.301	-3.195	0	14.55	NAN	
248.401	-3.195	0	14.55	NAN	
248.501	-3.195	0	14.55	NAN	
248.601	-3.195	0	14.55	NAN	
248.701	-3.195	0	14.55	NAN	
248.801	-3.195	0	14.55	NAN	
248.901	-3.195	0	14.55	NAN	
249.001	-3.195	0	14.55	NAN	
249.101	-3.195	0	14.55	NAN	
249.201	-3.195	0	14.55	NAN	
249.301	-3.195	0	14.55	NAN	
249.401	-3.195	0	14.55	NAN	
249.501	-3.195	0	14.55	NAN	
249.601	-3.195	0	14.55	NAN	
249.701	-3.195	0	14.55	NAN	
249.801	-3.195	0	14.55	NAN	
249.901	-3.195	0	14.55	NAN	
250.001	-3.195	0	14.55	NAN	
250.101	-3.195	0	14.55	NAN	
250.201	-3.195	0	14.55	NAN	
250.301	-3.195	0	14.55	NAN	
250.401	-3.195	0	14.55	NAN	
250.501	-3.195	0	14.55	NAN	
250.601	-3.195	0	14.55	NAN	
250.701	-3.195	0	14.55	NAN	
250.801	-3.195	0	14.55	NAN	
250.901	-3.195	0	14.55	NAN	
251.001	-3.195	0	14.55	NAN	
251.101	-3.195	0	14.55	NAN	
251.201	-3.195	0	14.55	NAN	
251.301	-3.195	0	14.55	NAN	
251.401	-3.195	0	14.55	NAN	
251.501	-3.195	0	14.55	NAN	
251.601	-3.195	0	14.55	NAN	
251.701	-3.195	0	14.55	NAN	
251.801	-3.195	0	14.55	NAN	
251.901	-3.195	0	14.55	NAN	
252.001	-3.195	0	14.55	NAN	
252.101	-3.195	0	14.55	NAN	
252.201	-3.195	0	14.55	NAN	
252.301	-3.195	0	14.55	NAN	
252.401	-3.195	0	14.55	NAN	
252.501	-3.195	0	14.55	NAN	
252.601	-3.195	0	14.55	NAN	
252.701	-3.195	0	14.55	NAN	
252.801	-3.195	0	14.55	NAN	
252.901	-3.195	0	14.55	NAN	
253.001	-3.195	0	14.4	NAN	
253.101	-3.195	0	14.4	NAN	
253.201	-3.195	0	14.4	NAN	
253.301	-3.195	0	14.4	NAN	
253.401	-3.195	0	14.4	NAN	
253.501	-3.195	0	14.4	NAN	
253.601	-3.195	0	14.4	NAN	
253.701	-3.195	0	14.4	NAN	
253.801	-3.195	0	14.4	NAN	
253.901	-3.195	0	14.4	NAN	
254.001	-3.195	0	14.4	NAN	
254.101	-3.195	0	14.4	NAN	
254.201	-3.195	0	14.4	NAN	
254.301	-3.195	0	14.4	NAN	
254.401	-3.195	0	14.4	NAN	
254.501	-3.195	0	14.4	NAN	
254.601	-3.195	0	14.4	NAN	
254.701	-3.195	0	14.4	NAN	
254.801	-3.195	0	14.4	NAN	
254.901	-3.195	0	14.4	NAN	
255.001	-3.195	0	14.55	NAN	
255.101	-3.195	0	14.55	NAN	
255.201	-3.195	0	14.55	NAN	
255.301	-3.195	0	14.55	NAN	
255.401	-3.195	0	14.55	NAN	
255.501	-3.195	0	14.55	NAN	
255.601	-3.21	0	14.55	NAN	
255.701	-3.21	0	14.55	NAN	
255.801	-3.21	0	14.55	NAN	
255.901	-3.21	0	14.55	NAN	
256.001	-3.21	0	14.4	NAN	
256.101	-3.21	0	14.4	NAN	
256.201	-3.21	0	14.4	NAN	
256.301	-3.21	0	14.4	NAN	
256.401	-3.21	0	14.4	NAN	
256.501	-3.21	0	14.4	NAN	
256.601	-3.21	0	14.4	NAN	
256.701	-3.21	0	14.4	NAN	
256.801	-3.21	0	14.4	NAN	
256.901	-3.21	0	14.4	NAN	
257.001	-3.21	0	14.4	NAN	
257.101	-3.21	0	14.4	NAN	
257.201	-3.21	0	14.4	NAN	
257.301	-3.21	0	14.4	NAN	
257.401	-3.21	0	14.4	NAN	
257.501	-3.21	0	14.4	NAN	
257.601	-3.21	0	14.4	NAN	
257.701	-3.21	0	14.4	NAN	
257.801	-3.21	0	14.4	NAN	
257.901	-3.21	0	14.4	NAN	
258.001	-3.21	0	14.4	NAN	
258.101	-3.21	0	14.4	NAN	
258.201	-3.21	0	14.4	NAN	
258.301	-3.21	0	14.4	NAN	
258.401	-3.21	0	14.4	NAN	
258.501	-3.21	0	14.4	NAN	
258.601	-3.21	0	14.4	NAN	
258.701	-3.21	0	14.4	NAN	
258.805	-3.21	0	14.4	NAN	
258.901	-3.21	0	14.4	NAN	
259.001	-3.21	0	14.4	NAN	
259.101	-3.21	0	14.4	NAN	
259.201	-3.21	0	14.4	NAN	
259.301	-3.21	0	14.4	NAN	
259.401	-3.21	0	14.4	NAN	
259.501	-3.21	0	14.4	NAN	
259.601	-3.21	0	14.4	NAN	
259.701	-3.21	0	14.4	NAN	
259.801	-3.21	0	14.4	NAN	
259.901	-3.21	0	14.4	NAN	
260.001	-3.21	0	14.55	NAN	
260.101	-3.21	0	14.55	NAN	
260.201	-3.21	0	14.55	NAN	
260.301	-3.21	0	14.55	NAN	
260.401	-3.21	0	14.55	NAN	
260.501	-3.21	0	14.55	NAN	
260.601	-3.21	0	14.55	NAN	
260.701	-3.21	0	14.55	NAN	
260.801	-3.21	0	14.55	NAN	
260.901	-3.21	0	14.55	NAN	
261.001	-3.21	0	14.4	NAN	
261.101	-3.21	0	14.4	NAN	
261.201	-3.21	0	14.4	NAN	
261.301	-3.21	0	14.4	NAN	
261.401	-3.21	0	14.4	NAN	
