
22.501	-5.355	1.6455	177.3	NAN	
22.601	-5.355	1.6455	177.6	NAN	
22.701	-5.355	1.6455	177.6	NAN	
22.801	-5.355	1.6455	177.6	NAN	
22.901	-5.355	1.6455	177.6	NAN	
23.001	-5.355	1.6455	177.6	NAN	
23.101	-5.355	1.6455	177.6	NAN	
23.201	-5.355	1.6455	177.6	NAN	
23.301	-5.355	1.6455	177.6	NAN	
23.401	-5.355	1.6455	177.6	NAN	
23.501	-5.355	1.6455	177.6	NAN	
23.601	-5.355	1.644	177.6	NAN	
23.701	-5.355	1.644	177.6	NAN	
23.801	-5.355	1.644	177.6	NAN	
23.901	-5.355	1.644	177.6	NAN	
24.001	-5.355	1.644	177.6	NAN	
24.101	-5.355	1.644	177.6	NAN	
24.201	-5.355	1.644	177.6	NAN	
24.301	-5.355	1.644	177.6	NAN	
24.401	-5.34	1.644	177.6	NAN	
24.501	-5.34	1.644	177.6	NAN	
24.601	-5.34	1.647	177.6	NAN	
24.701	-5.34	1.647	177.6	NAN	
24.801	-5.34	1.647	177.6	NAN	
24.901	-5.34	1.647	177.6	NAN	
25.001	-5.34	1.647	177.6	NAN	
25.101	-5.34	1.647	177.6	NAN	
25.201	-5.34	1.647	177.6	NAN	
25.301	-5.34	1.647	177.6	NAN	
25.401	-5.34	1.647	177.6	NAN	
25.501	-5.34	1.647	177.6	NAN	
25.601	-5.34	1.6455	177.6	NAN	
25.701	-5.34	1.6455	177.6	NAN	
25.801	-5.34	1.6455	177.6	NAN	
25.901	-5.34	1.6455	177.6	NAN	
26.001	-5.34	1.6455	177.6	NAN	
26.101	-5.34	1.6455	177.6	NAN	
26.201	-5.34	1.6455	177.6	NAN	
26.301	-5.34	1.6455	177.6	NAN	
26.401	-5.34	1.6455	177.6	NAN	
26.501	-5.34	1.6455	177.6	NAN	
26.601	-5.34	1.647	177.6	NAN	
26.701	-5.34	1.647	177.6	NAN	
26.801	-5.34	1.647	177.6	NAN	
26.901	-5.34	1.647	177.6	NAN	
27.001	-5.34	1.647	177.6	NAN	
27.101	-5.34	1.647	177.6	NAN	
27.201	-5.34	1.647	177.6	NAN	
27.301	-5.34	1.647	177.6	NAN	
27.401	-5.34	1.647	177.6	NAN	
27.501	-5.34	1.647	177.6	NAN	
27.601	-5.34	1.6455	177.6	NAN	
27.701	-5.34	1.6455	177.6	NAN	
27.801	-5.34	1.6455	177.6	NAN	
27.901	-5.34	1.6455	177.6	NAN	
28.001	-5.34	1.6455	177.6	NAN	
28.101	-5.34	1.6455	177.6	NAN	
28.201	-5.34	1.6455	177.6	NAN	
28.301	-5.34	1.6455	177.6	NAN	
28.401	-5.34	1.6455	177.6	NAN	
28.501	-5.34	1.6455	177.6	NAN	
28.601	-5.34	1.647	177.6	NAN	
28.701	-5.34	1.647	177.6	NAN	
28.801	-5.34	1.647	177.6	NAN	
28.901	-5.34	1.647	177.6	NAN	
29.001	-5.34	1.647	177.6	NAN	
29.101	-5.34	1.647	177.6	NAN	
29.201	-5.34	1.647	177.6	NAN	
29.301	-5.34	1.647	177.6	NAN	
29.401	-5.34	1.647	177.6	NAN	
29.501	-5.325	1.647	177.6	NAN	
29.601	-5.325	1.647	177.6	NAN	
29.701	-5.325	1.647	177.6	NAN	
29.801	-5.325	1.647	177.6	NAN	
29.905	-5.325	1.647	177.6	NAN	
30.001	-5.325	1.647	177.6	NAN	
30.101	-5.325	1.647	177.6	NAN	
30.201	-5.325	1.647	177.6	NAN	
30.301	-5.325	1.647	177.6	NAN	
30.401	-5.325	1.647	177.6	NAN	
30.501	-5.325	1.647	177.6	NAN	
30.601	-5.325	1.6455	177.6	NAN	
30.701	-5.325	1.6455	177.6	NAN	
30.801	-5.325	1.6455	177.6	NAN	
30.901	-5.325	1.6455	177.6	NAN	
31.001	-5.325	1.6455	177.6	NAN	
31.101	-5.325	1.6455	177.6	NAN	
31.201	-5.325	1.6455	177.6	NAN	
31.301	-5.325	1.6455	177.6	NAN	
31.401	-5.325	1.6455	177.6	NAN	
31.501	-5.325	1.6455	177.6	NAN	
31.601	-5.325	1.647	177.6	NAN	
31.701	-5.325	1.647	177.6	NAN	
31.801	-5.325	1.647	177.6	NAN	
31.901	-5.325	1.647	177.6	NAN	
32.001	-5.325	1.647	177.6	NAN	
32.101	-5.325	1.647	177.6	NAN	
32.201	-5.325	1.647	177.6	NAN	
32.301	-5.325	1.647	177.6	NAN	
32.401	-5.325	1.647	177.6	NAN	
32.501	-5.325	1.647	177.6	NAN	
32.601	-5.325	1.6455	177.45	NAN	
32.701	-5.325	1.6455	177.45	NAN	
32.801	-5.325	1.6455	177.45	NAN	
32.901	-5.325	1.6455	177.45	NAN	
33.001	-5.325	1.6455	177.45	NAN	
33.101	-5.325	1.6455	177.45	NAN	
33.201	-5.325	1.6455	177.45	NAN	
33.301	-5.325	1.6455	177.45	NAN	
33.401	-5.325	1.6455	177.45	NAN	
33.501	-5.325	1.6455	177.45	NAN	
33.601	-5.325	1.6425	177.45	NAN	
33.701	-5.325	1.6425	177.45	NAN	
33.801	-5.325	1.6425	177.45	NAN	
33.901	-5.325	1.6425	177.45	NAN	
34.001	-5.325	1.6425	177.45	NAN	
34.101	-5.325	1.6425	177.45	NAN	
34.201	-5.325	1.6425	177.45	NAN	
34.301	-5.325	1.6425	177.45	NAN	
34.401	-5.325	1.6425	177.45	NAN	
34.501	-5.325	1.6425	177.45	NAN	
34.601	-5.325	1.6455	177.45	NAN	
34.701	-5.325	1.6455	177.45	NAN	
34.801	-5.325	1.6455	177.45	NAN	
34.901	-5.325	1.6455	177.45	NAN	
35.001	-5.325	1.6455	177.45	NAN	
35.101	-5.325	1.6455	177.45	NAN	
35.201	-5.325	1.6455	177.45	NAN	
35.301	-5.325	1.6455	177.45	NAN	
35.401	-5.325	1.6455	177.45	NAN	
35.501	-5.325	1.6455	177.45	NAN	
35.601	-5.325	1.644	177.45	NAN	
35.701	-5.325	1.644	177.45	NAN	
35.801	-5.325	1.644	177.45	NAN	
35.901	-5.325	1.644	177.45	NAN	
36.001	-5.325	1.644	177.45	NAN	
36.101	-5.325	1.644	177.45	NAN	
36.201	-5.325	1.644	177.45	NAN	
36.301	-5.325	1.644	177.45	NAN	
36.401	-5.325	1.644	177.45	NAN	
36.501	-5.31	1.644	177.45	NAN	
36.601	-5.31	1.644	177.45	NAN	
36.701	-5.31	1.6425	177.45	NAN	
36.801	-5.31	1.6425	177.45	NAN	
36.901	-5.31	1.6425	177.45	NAN	
37.001	-5.31	1.6425	177.45	NAN	
37.101	-5.31	1.6425	177.45	NAN	
37.201	-5.31	1.6425	177.45	NAN	
37.301	-5.31	1.6425	177.45	NAN	
37.401	-5.31	1.6425	177.45	NAN	
37.501	-5.31	1.6425	177.45	NAN	
37.601	-5.31	1.6425	177.45	NAN	
37.701	-5.31	1.6425	177.45	NAN	
37.801	-5.31	1.6425	177.45	NAN	
37.901	-5.31	1.6425	177.45	NAN	
38.001	-5.31	1.6425	177.45	NAN	
38.101	-5.31	1.6425	177.45	NAN	
38.201	-5.31	1.6425	177.45	NAN	
38.301	-5.31	1.6425	177.45	NAN	
38.401	-5.31	1.6425	177.45	NAN	
38.501	-5.31	1.6425	177.45	NAN	
38.601	-5.31	1.6425	177.45	NAN	
38.701	-5.31	1.6425	177.45	NAN	
38.801	-5.31	1.6425	177.45	NAN	
38.901	-5.31	1.6425	177.45	NAN	
39.001	-5.31	1.6425	177.45	NAN	
39.101	-5.31	1.6425	177.45	NAN	
39.201	-5.31	1.6425	177.45	NAN	
39.301	-5.31	1.6425	177.45	NAN	
39.401	-5.31	1.6425	177.45	NAN	
39.501	-5.31	1.6425	177.45	NAN	
39.601	-5.31	1.6425	177.45	NAN	
39.701	-5.31	1.644	177.3	NAN	
39.801	-5.31	1.644	177.3	NAN	
39.901	-5.31	1.644	177.3	NAN	
40.001	-5.31	1.644	177.3	NAN	
40.101	-5.31	1.644	177.3	NAN	
40.201	-5.31	1.644	177.3	NAN	
40.301	-5.31	1.644	177.3	NAN	
40.401	-5.31	1.644	177.3	NAN	
40.501	-5.31	1.644	177.3	NAN	
40.601	-5.31	1.644	177.3	NAN	
40.701	-5.31	1.6425	177.3	NAN	
40.801	-5.31	1.6425	177.3	NAN	
40.901	-5.31	1.6425	177.3	NAN	
41.001	-5.31	1.6425	177.3	NAN	
41.101	-5.31	1.6425	177.3	NAN	
41.201	-5.31	1.6425	177.3	NAN	
41.301	-5.31	1.6425	177.3	NAN	
41.401	-5.31	1.6425	177.3	NAN	
41.501	-5.31	1.6425	177.3	NAN	
41.601	-5.31	1.6425	177.3	NAN	
41.701	-5.31	1.6425	177.3	NAN	
41.801	-5.31	1.6425	177.3	NAN	
41.901	-5.31	1.6425	177.3	NAN	
42.001	-5.31	1.6425	177.3	NAN	
42.101	-5.31	1.6425	177.3	NAN	
42.201	-5.31	1.6425	177.3	NAN	
42.301	-5.31	1.6425	177.3	NAN	
42.401	-5.31	1.6425	177.3	NAN	
42.501	-5.295	1.6425	177.3	NAN	
42.601	-5.295	1.6425	177.3	NAN	
42.701	-5.295	1.641	177.3	NAN	
42.801	-5.295	1.641	177.3	NAN	
42.901	-5.295	1.641	177.3	NAN	
43.001	-5.295	1.641	177.3	NAN	
43.101	-5.295	1.641	177.3	NAN	
43.201	-5.295	1.641	177.3	NAN	
43.301	-5.295	1.641	177.3	NAN	
43.401	-5.295	1.641	177.3	NAN	
43.501	-5.295	1.641	177.3	NAN	
43.601	-5.295	1.641	177.3	NAN	
43.701	-5.295	1.641	177.3	NAN	
43.801	-5.295	1.641	177.3	NAN	
43.901	-5.295	1.641	177.3	NAN	
44.001	-5.295	1.641	177.3	NAN	
44.101	-5.295	1.641	177.3	NAN	
44.201	-5.295	1.641	177.3	NAN	
44.301	-5.295	1.641	177.3	NAN	
44.401	-5.295	1.641	177.3	NAN	
44.501	-5.295	1.641	177.3	NAN	
44.601	-5.295	1.641	177.3	NAN	
44.701	-5.295	1.6395	177.15	NAN	
44.801	-5.295	1.6395	177.15	NAN	
44.901	-5.295	1.6395	177.15	NAN	
45.001	-5.295	1.6395	177.15	NAN	
45.101	-5.295	1.6395	177.15	NAN	
45.201	-5.295	1.6395	177.15	NAN	
45.301	-5.295	1.6395	177.15	NAN	
45.401	-5.295	1.6395	177.15	NAN	
45.501	-5.28	1.6395	177.15	NAN	
45.601	-5.28	1.6395	177.15	NAN	
45.701	-5.28	1.6395	177.15	NAN	
45.801	-5.28	1.6395	177.15	NAN	
45.901	-5.28	1.6395	177.15	NAN	
46.001	-5.28	1.6395	177.15	NAN	
46.101	-5.28	1.6395	177.15	NAN	
46.201	-5.28	1.6395	177.15	NAN	
82.701	-5.355	1.641	177.3	NAN	
82.801	-5.355	1.641	177.3	NAN	
82.901	-5.355	1.641	177.3	NAN	
83.001	-5.355	1.641	177.3	NAN	
83.101	-5.355	1.641	177.3	NAN	
83.201	-5.355	1.641	177.3	NAN	
83.301	-5.355	1.641	177.3	NAN	
83.401	-5.355	1.641	177.3	NAN	
83.501	-5.355	1.641	177.3	NAN	
83.601	-5.355	1.641	177.3	NAN	
83.701	-5.355	1.6425	177.3	NAN	
83.801	-5.355	1.6425	177.3	NAN	
83.901	-5.355	1.6425	177.3	NAN	
84.001	-5.355	1.6425	177.3	NAN	
84.101	-5.355	1.6425	177.3	NAN	
84.201	-5.355	1.6425	177.3	NAN	
84.301	-5.355	1.6425	177.3	NAN	
84.401	-5.355	1.6425	177.3	NAN	
84.501	-5.34	1.6425	177.3	NAN	
84.601	-5.34	1.6425	177.3	NAN	
84.701	-5.34	1.644	177.3	NAN	
84.801	-5.34	1.644	177.3	NAN	
84.901	-5.34	1.644	177.3	NAN	
85.001	-5.34	1.644	177.3	NAN	
85.101	-5.34	1.644	177.3	NAN	
85.201	-5.34	1.644	177.3	NAN	
85.301	-5.34	1.644	177.3	NAN	
85.401	-5.34	1.644	177.3	NAN	
85.501	-5.34	1.644	177.3	NAN	
85.601	-5.34	1.644	177.3	NAN	
85.701	-5.34	1.6425	177.3	NAN	
85.801	-5.34	1.6425	177.3	NAN	
85.901	-5.34	1.6425	177.3	NAN	
86.001	-5.34	1.6425	177.3	NAN	
86.101	-5.34	1.6425	177.3	NAN	
86.201	-5.34	1.6425	177.3	NAN	
86.301	-5.34	1.6425	177.3	NAN	
86.401	-5.34	1.6425	177.3	NAN	
86.501	-5.34	1.6425	177.3	NAN	
86.601	-5.34	1.6425	177.3	NAN	
86.701	-5.34	1.6395	177.15	NAN	
86.801	-5.34	1.6395	177.15	NAN	
86.901	-5.34	1.6395	177.15	NAN	
87.001	-5.34	1.6395	177.15	NAN	
87.101	-5.34	1.6395	177.15	NAN	
87.201	-5.34	1.6395	177.15	NAN	
87.301	-5.34	1.6395	177.15	NAN	
87.401	-5.34	1.6395	177.15	NAN	
87.501	-5.325	1.6395	177.15	NAN	
87.601	-5.325	1.6395	177.15	NAN	
87.701	-5.325	1.641	177.3	NAN	
87.801	-5.325	1.641	177.3	NAN	
87.901	-5.325	1.641	177.3	NAN	
88.001	-5.325	1.641	177.3	NAN	
88.101	-5.325	1.641	177.3	NAN	
88.201	-5.325	1.641	177.3	NAN	
88.301	-5.325	1.641	177.3	NAN	
88.401	-5.325	1.641	177.3	NAN	
88.501	-5.34	1.641	177.3	NAN	
88.601	-5.34	1.641	177.3	NAN	
88.701	-5.34	1.641	177.3	NAN	
88.801	-5.34	1.641	177.3	NAN	
88.901	-5.34	1.641	177.3	NAN	
89.001	-5.34	1.641	177.3	NAN	
89.101	-5.34	1.641	177.3	NAN	
89.201	-5.34	1.641	177.3	NAN	
89.301	-5.34	1.641	177.3	NAN	
89.401	-5.34	1.641	177.3	NAN	
89.501	-5.325	1.641	177.3	NAN	
89.601	-5.325	1.641	177.3	NAN	
89.701	-5.325	1.641	177.3	NAN	
89.801	-5.325	1.641	177.3	NAN	
89.901	-5.325	1.641	177.3	NAN	
90.001	-5.325	1.641	177.3	NAN	
90.101	-5.325	1.641	177.3	NAN	
90.201	-5.325	1.641	177.3	NAN	
90.301	-5.325	1.641	177.3	NAN	
90.401	-5.325	1.641	177.3	NAN	
90.501	-5.325	1.641	177.3	NAN	
90.601	-5.325	1.641	177.3	NAN	
90.701	-5.325	1.6425	177.3	NAN	
90.801	-5.325	1.6425	177.3	NAN	
90.901	-5.325	1.6425	177.3	NAN	
91.001	-5.325	1.6425	177.3	NAN	
91.101	-5.325	1.6425	177.3	NAN	
91.201	-5.325	1.6425	177.3	NAN	
91.301	-5.325	1.6425	177.3	NAN	
91.401	-5.325	1.6425	177.3	NAN	
91.501	-5.31	1.6425	177.3	NAN	
91.601	-5.31	1.6425	177.3	NAN	
91.701	-5.31	1.641	177.3	NAN	
91.801	-5.31	1.641	177.3	NAN	
91.901	-5.31	1.641	177.3	NAN	
92.001	-5.31	1.641	177.3	NAN	
92.101	-5.31	1.641	177.3	NAN	
92.201	-5.31	1.641	177.3	NAN	
92.301	-5.31	1.641	177.3	NAN	
92.401	-5.31	1.641	177.3	NAN	
92.501	-5.31	1.641	177.3	NAN	
92.601	-5.31	1.641	177.3	NAN	
92.701	-5.31	1.641	177.15	NAN	
92.801	-5.31	1.641	177.15	NAN	
92.901	-5.31	1.641	177.15	NAN	
93.001	-5.31	1.641	177.15	NAN	
93.101	-5.31	1.641	177.15	NAN	
93.201	-5.31	1.641	177.15	NAN	
93.301	-5.31	1.641	177.15	NAN	
93.401	-5.31	1.641	177.15	NAN	
93.501	-5.31	1.641	177.15	NAN	
93.601	-5.31	1.641	177.15	NAN	
93.701	-5.31	1.638	177.15	NAN	
93.801	-5.31	1.638	177.15	NAN	
93.901	-5.31	1.638	177.15	NAN	
94.001	-5.31	1.638	177.15	NAN	
94.101	-5.31	1.638	177.15	NAN	
94.201	-5.31	1.638	177.15	NAN	
94.301	-5.31	1.638	177.15	NAN	
94.401	-5.31	1.638	177.15	NAN	
94.501	-5.31	1.638	177.15	NAN	
94.601	-5.31	1.638	177.15	NAN	
94.701	-5.31	1.638	177.15	NAN	
94.801	-5.31	1.638	177.15	NAN	
94.901	-5.31	1.638	177.15	NAN	
95.001	-5.31	1.638	177.15	NAN	
95.101	-5.31	1.638	177.15	NAN	
95.201	-5.31	1.638	177.15	NAN	
95.301	-5.31	1.638	177.15	NAN	
95.401	-5.31	1.638	177.15	NAN	
95.501	-5.31	1.638	177.15	NAN	
95.601	-5.31	1.638	177.15	NAN	
95.701	-5.31	1.638	177.15	NAN	
95.801	-5.31	1.638	177.15	NAN	
95.901	-5.31	1.638	177.15	NAN	
96.001	-5.31	1.638	177.15	NAN	
96.101	-5.31	1.638	177.15	NAN	
96.201	-5.31	1.638	177.15	NAN	
96.301	-5.31	1.638	177.15	NAN	
96.401	-5.31	1.638	177.15	NAN	
96.501	-5.295	1.638	177.15	NAN	
96.601	-5.295	1.638	177.15	NAN	
96.701	-5.295	1.638	177.15	NAN	
96.801	-5.295	1.638	177.15	NAN	
96.901	-5.295	1.638	177.15	NAN	
97.001	-5.295	1.638	177.15	NAN	
97.101	-5.295	1.638	177.15	NAN	
97.201	-5.295	1.638	177.15	NAN	
97.301	-5.295	1.638	177.15	NAN	
97.401	-5.295	1.638	177.15	NAN	
97.501	-5.295	1.638	177.15	NAN	
97.601	-5.295	1.638	177.15	NAN	
97.701	-5.295	1.638	177.15	NAN	
97.801	-5.295	1.638	177.15	NAN	
97.901	-5.295	1.638	177.15	NAN	
98.001	-5.295	1.638	177.15	NAN	
98.101	-5.295	1.638	177.15	NAN	
98.201	-5.295	1.638	177.15	NAN	
98.301	-5.295	1.638	177.15	NAN	
98.401	-5.295	1.638	177.15	NAN	
98.501	-5.295	1.638	177.15	NAN	
98.601	-5.295	1.638	177.15	NAN	
98.701	-5.295	1.638	177.15	NAN	
98.801	-5.295	1.6395	177.15	NAN	
98.901	-5.295	1.6395	177.15	NAN	
99.001	-5.295	1.6395	177.15	NAN	
99.101	-5.295	1.6395	177.15	NAN	
99.201	-5.295	1.6395	177.15	NAN	
99.301	-5.295	1.6395	177.15	NAN	
99.401	-5.295	1.6395	177.15	NAN	
99.501	-5.295	1.6395	177.15	NAN	
99.601	-5.295	1.6395	177.15	NAN	
99.701	-5.295	1.6395	177.15	NAN	
99.801	-5.295	1.638	177.15	NAN	
99.901	-5.295	1.638	177.15	NAN	
100.001	-5.295	1.638	177.15	NAN	
100.101	-5.295	1.638	177.15	NAN	
100.201	-5.295	1.638	177.15	NAN	
100.301	-5.295	1.638	177.15	NAN	
100.401	-5.295	1.638	177.15	NAN	
100.501	-5.295	1.638	177.15	NAN	
100.601	-5.295	1.638	177.15	NAN	
100.701	-5.295	1.638	177.15	NAN	
100.801	-5.295	1.638	177.15	NAN	
100.901	-5.295	1.638	177.15	NAN	
101.001	-5.295	1.638	177.15	NAN	
101.101	-5.295	1.638	177.15	NAN	
101.201	-5.295	1.638	177.15	NAN	
101.301	-5.295	1.638	177.15	NAN	
101.401	-5.295	1.638	177.15	NAN	
101.501	-5.295	1.638	177.15	NAN	
101.601	-5.295	1.638	177.15	NAN	
101.701	-5.295	1.638	177	NAN	
101.801	-5.295	1.6365	177	NAN	
101.901	-5.295	1.6365	177	NAN	
102.001	-5.295	1.6365	177	NAN	
102.101	-5.295	1.6365	177	NAN	
102.201	-5.295	1.6365	177	NAN	
102.301	-5.295	1.6365	177	NAN	
102.401	-5.295	1.6365	177	NAN	
102.501	-5.28	1.6365	177	NAN	
102.601	-5.28	1.6365	177	NAN	
102.701	-5.28	1.6365	177	NAN	
102.801	-5.28	1.6335	177	NAN	
102.901	-5.28	1.6335	177	NAN	
103.001	-5.28	1.6335	177	NAN	
103.101	-5.28	1.6335	177	NAN	
103.201	-5.28	1.6335	177	NAN	
103.301	-5.28	1.6335	177	NAN	
103.401	-5.28	1.6335	177	NAN	
103.501	-5.28	1.6335	177	NAN	
103.601	-5.28	1.6335	177	NAN	
103.701	-5.28	1.6335	177	NAN	
103.801	-5.28	1.6365	177	NAN	
103.901	-5.28	1.6365	177	NAN	
104.001	-5.28	1.6365	177	NAN	
104.101	-5.28	1.6365	177	NAN	
104.201	-5.28	1.6365	177	NAN	
104.301	-5.28	1.6365	177	NAN	
104.401	-5.28	1.6365	177	NAN	
104.501	-5.28	1.6365	177	NAN	
104.601	-5.28	1.6365	177	NAN	
104.701	-5.28	1.6365	177	NAN	
104.801	-5.28	1.6365	177	NAN	
104.901	-5.28	1.6365	177	NAN	
105.001	-5.28	1.6365	177	NAN	
105.101	-5.28	1.6365	177	NAN	
105.201	-5.28	1.6365	177	NAN	
105.301	-5.28	1.6365	177	NAN	
105.401	-5.28	1.6365	177	NAN	
105.501	-5.28	1.6365	177	NAN	
105.601	-5.28	1.6365	177	NAN	
105.701	-5.28	1.6365	177	NAN	
105.801	-5.28	1.6365	177	NAN	
105.901	-5.28	1.6365	177	NAN	
106.001	-5.28	1.6365	177	NAN	
106.101	-5.28	1.6365	177	NAN	
106.205	-5.28	1.6365	177	NAN	
106.301	-5.28	1.6365	177	NAN	
106.401	-5.28	1.6365	177	NAN	
106.501	-5.28	1.6365	177	NAN	
106.601	-5.28	1.6365	177	NAN	
106.701	-5.28	1.6365	177	NAN	
106.801	-5.28	1.635	177	NAN	
106.901	-5.28	1.635	177	NAN	
107.001	-5.28	1.635	177	NAN	
107.101	-5.28	1.635	177	NAN	
107.201	-5.28	1.635	177	NAN	
107.301	-5.28	1.635	177	NAN	
107.401	-5.28	1.635	177	NAN	
107.501	-5.28	1.635	177	NAN	
107.601	-5.28	1.635	177	NAN	
107.701	-5.28	1.635	177	NAN	
107.801	-5.28	1.638	177	NAN	
107.901	-5.28	1.638	177	NAN	
108.001	-5.28	1.638	177	NAN	
108.101	-5.28	1.638	177	NAN	
108.201	-5.28	1.638	177	NAN	
108.301	-5.28	1.638	177	NAN	
108.401	-5.28	1.638	177	NAN	
108.501	-5.28	1.638	177	NAN	
108.601	-5.28	1.638	177	NAN	
108.701	-5.28	1.638	177	NAN	
108.801	-5.28	1.638	177	NAN	
108.901	-5.28	1.638	177	NAN	
109.001	-5.28	1.638	177	NAN	
109.101	-5.28	1.638	177	NAN	
109.201	-5.28	1.638	177	NAN	
109.301	-5.28	1.638	177	NAN	
109.401	-5.28	1.638	177	NAN	
109.501	-5.28	1.638	177	NAN	
109.601	-5.28	1.638	177	NAN	
109.701	-5.28	1.638	177	NAN	
109.801	-5.28	1.635	177	NAN	
109.901	-5.28	1.635	177	NAN	
110.001	-5.28	1.635	177	NAN	
110.101	-5.28	1.635	177	NAN	
110.201	-5.28	1.635	177	NAN	
110.301	-5.28	1.635	177	NAN	
110.401	-5.28	1.635	177	NAN	
110.501	-5.28	1.635	177	NAN	
110.601	-5.28	1.635	177	NAN	
110.701	-5.28	1.635	177	NAN	
110.801	-5.28	1.635	177	NAN	
110.901	-5.28	1.635	177	NAN	
111.001	-5.28	1.635	177	NAN	
111.101	-5.28	1.635	177	NAN	
111.201	-5.28	1.635	177	NAN	
111.301	-5.28	1.635	177	NAN	
111.401	-5.28	1.635	177	NAN	
111.501	-5.28	1.635	177	NAN	
111.601	-5.28	1.635	177	NAN	
111.701	-5.28	1.635	177	NAN	
111.801	-5.28	1.635	177	NAN	
111.901	-5.28	1.635	177	NAN	
112.001	-5.28	1.635	177	NAN	
112.101	-5.28	1.635	177	NAN	
112.201	-5.28	1.635	177	NAN	
112.301	-5.28	1.635	177	NAN	
112.401	-5.28	1.635	177	NAN	
112.501	-5.295	1.635	177	NAN	
112.601	-5.295	1.635	177	NAN	
112.701	-5.295	1.635	177	NAN	
112.801	-5.295	1.635	177	NAN	
112.901	-5.295	1.635	177	NAN	
113.001	-5.295	1.635	177	NAN	
113.101	-5.295	1.635	177	NAN	
113.201	-5.295	1.635	177	NAN	
113.301	-5.295	1.635	177	NAN	
113.401	-5.295	1.635	177	NAN	
113.501	-5.28	1.635	177	NAN	
113.601	-5.28	1.635	177	NAN	
113.701	-5.28	1.635	177	NAN	
113.801	-5.28	1.6365	177	NAN	
113.901	-5.28	1.6365	177	NAN	
114.001	-5.28	1.6365	177	NAN	
114.101	-5.28	1.6365	177	NAN	
114.201	-5.28	1.6365	177	NAN	
114.301	-5.28	1.6365	177	NAN	
114.401	-5.28	1.6365	177	NAN	
114.501	-5.28	1.6365	177	NAN	
114.601	-5.28	1.6365	177	NAN	
114.701	-5.28	1.6365	177	NAN	
114.801	-5.28	1.6335	176.85	NAN	
114.901	-5.28	1.6335	176.85	NAN	
115.001	-5.28	1.6335	176.85	NAN	
115.101	-5.28	1.6335	176.85	NAN	
115.201	-5.28	1.6335	176.85	NAN	
115.301	-5.28	1.6335	176.85	NAN	
115.401	-5.28	1.6335	176.85	NAN	
115.501	-5.28	1.6335	176.85	NAN	
115.601	-5.28	1.6335	176.85	NAN	
115.701	-5.28	1.6335	176.85	NAN	
115.801	-5.28	1.635	176.85	NAN	
115.901	-5.28	1.635	176.85	NAN	
116.001	-5.28	1.635	176.85	NAN	
116.101	-5.28	1.635	176.85	NAN	
116.201	-5.28	1.635	176.85	NAN	
116.301	-5.28	1.635	176.85	NAN	
116.401	-5.28	1.635	176.85	NAN	
116.501	-5.28	1.635	176.85	NAN	
116.601	-5.28	1.635	176.85	NAN	
116.701	-5.28	1.635	176.85	NAN	
116.801	-5.28	1.635	176.85	NAN	
116.901	-5.28	1.635	176.85	NAN	
117.001	-5.28	1.635	176.85	NAN	
117.101	-5.28	1.635	176.85	NAN	
117.201	-5.28	1.635	176.85	NAN	
117.301	-5.28	1.635	176.85	NAN	
	
162.101	-5.325	1.635	176.85	NAN	
162.201	-5.325	1.635	176.85	NAN	
162.301	-5.325	1.635	176.85	NAN	
162.401	-5.325	1.635	176.85	NAN	
162.501	-5.325	1.635	176.85	NAN	
162.601	-5.325	1.635	176.85	NAN	
162.701	-5.325	1.635	176.85	NAN	
162.801	-5.325	1.635	176.85	NAN	
162.901	-5.325	1.6335	176.85	NAN	
163.001	-5.325	1.6335	176.85	NAN	
163.101	-5.325	1.6335	176.85	NAN	
163.201	-5.325	1.6335	176.85	NAN	
163.301	-5.325	1.6335	176.85	NAN	
163.401	-5.325	1.6335	176.85	NAN	
163.501	-5.325	1.6335	176.85	NAN	
163.601	-5.325	1.6335	176.85	NAN	
163.701	-5.325	1.6335	176.85	NAN	
163.801	-5.325	1.6335	176.85	NAN	
163.901	-5.325	1.6365	176.85	NAN	
164.001	-5.325	1.6365	176.85	NAN	
164.101	-5.325	1.6365	176.85	NAN	
164.201	-5.325	1.6365	176.85	NAN	
164.301	-5.325	1.6365	176.85	NAN	
164.401	-5.325	1.6365	176.85	NAN	
164.501	-5.325	1.6365	176.85	NAN	
164.601	-5.31	1.6365	176.85	NAN	
164.701	-5.31	1.6365	176.85	NAN	
164.801	-5.31	1.6365	176.85	NAN	
164.901	-5.31	1.6365	176.85	NAN	
165.001	-5.31	1.6365	176.85	NAN	
165.101	-5.31	1.6365	176.85	NAN	
165.201	-5.31	1.6365	176.85	NAN	
165.301	-5.31	1.6365	176.85	NAN	
165.401	-5.31	1.6365	176.85	NAN	
165.501	-5.31	1.6365	176.85	NAN	
165.601	-5.31	1.6365	176.85	NAN	
165.701	-5.31	1.6365	176.85	NAN	
165.801	-5.31	1.6365	176.85	NAN	
165.901	-5.31	1.635	176.85	NAN	
166.001	-5.31	1.635	176.85	NAN	
166.101	-5.31	1.635	176.85	NAN	
166.201	-5.31	1.635	176.85	NAN	
166.301	-5.31	1.635	176.85	NAN	
166.401	-5.31	1.635	176.85	NAN	
166.501	-5.31	1.635	176.85	NAN	
166.601	-5.31	1.635	176.85	NAN	
166.701	-5.31	1.635	176.85	NAN	
166.801	-5.31	1.635	176.85	NAN	
166.901	-5.31	1.6335	176.85	NAN	
167.001	-5.31	1.6335	176.85	NAN	
167.101	-5.31	1.6335	176.85	NAN	
167.201	-5.31	1.6335	176.85	NAN	
167.301	-5.31	1.6335	176.85	NAN	
167.401	-5.31	1.6335	176.85	NAN	
167.501	-5.31	1.6335	176.85	NAN	
167.601	-5.31	1.6335	176.85	NAN	
167.701	-5.31	1.6335	176.85	NAN	
167.801	-5.31	1.6335	176.85	NAN	
167.901	-5.31	1.6335	176.85	NAN	
168.001	-5.31	1.6335	176.85	NAN	
168.101	-5.31	1.6335	176.85	NAN	
168.201	-5.31	1.6335	176.85	NAN	
168.301	-5.31	1.6335	176.85	NAN	
168.401	-5.31	1.6335	176.85	NAN	
168.501	-5.31	1.6335	176.85	NAN	
168.601	-5.31	1.6335	176.85	NAN	
168.701	-5.31	1.6335	176.85	NAN	
168.801	-5.31	1.6335	176.85	NAN	
168.901	-5.31	1.6335	176.85	NAN	
169.001	-5.31	1.6335	176.85	NAN	
169.101	-5.31	1.6335	176.85	NAN	
169.201	-5.31	1.6335	176.85	NAN	
169.301	-5.31	1.6335	176.85	NAN	
169.401	-5.31	1.6335	176.85	NAN	
169.501	-5.31	1.6335	176.85	NAN	
169.601	-5.295	1.6335	176.85	NAN	
169.701	-5.295	1.6335	176.85	NAN	
169.801	-5.295	1.6335	176.85	NAN	
169.901	-5.295	1.6335	176.85	NAN	
170.001	-5.295	1.6335	176.85	NAN	
170.101	-5.295	1.6335	176.85	NAN	
170.201	-5.295	1.6335	176.85	NAN	
170.301	-5.295	1.6335	176.85	NAN	
170.401	-5.295	1.6335	176.85	NAN	
170.501	-5.295	1.6335	176.85	NAN	
170.601	-5.31	1.6335	176.85	NAN	
170.701	-5.31	1.6335	176.85	NAN	
170.801	-5.31	1.6335	176.85	NAN	
170.901	-5.31	1.632	176.85	NAN	
171.001	-5.31	1.632	176.85	NAN	
171.101	-5.31	1.632	176.85	NAN	
171.201	-5.31	1.632	176.85	NAN	
171.301	-5.31	1.632	176.85	NAN	
171.401	-5.31	1.632	176.85	NAN	
171.501	-5.31	1.632	176.85	NAN	
171.601	-5.325	1.632	176.85	NAN	
171.701	-5.325	1.632	176.85	NAN	
171.801	-5.325	1.632	176.85	NAN	
171.901	-5.325	1.6335	176.85	NAN	
172.001	-5.325	1.6335	176.85	NAN	
172.101	-5.325	1.6335	176.85	NAN	
172.201	-5.325	1.6335	176.85	NAN	
172.301	-5.325	1.6335	176.85	NAN	
172.401	-5.325	1.6335	176.85	NAN	
172.501	-5.325	1.6335	176.85	NAN	
172.601	-5.325	1.6335	176.85	NAN	
172.701	-5.325	1.6335	176.85	NAN	
172.801	-5.325	1.6335	176.85	NAN	
172.901	-5.325	1.6335	176.85	NAN	
173.001	-5.325	1.6335	176.85	NAN	
173.101	-5.325	1.6335	176.85	NAN	
173.201	-5.325	1.6335	176.85	NAN	
173.301	-5.325	1.6335	176.85	NAN	
173.401	-5.325	1.6335	176.85	NAN	
173.501	-5.325	1.6335	176.85	NAN	
173.601	-5.325	1.6335	176.85	NAN	
173.701	-5.325	1.6335	176.85	NAN	
173.801	-5.325	1.6335	176.85	NAN	
173.901	-5.325	1.6335	176.85	NAN	
174.001	-5.325	1.6335	176.85	NAN	
174.101	-5.325	1.6335	176.85	NAN	
174.201	-5.325	1.6335	176.85	NAN	
174.301	-5.325	1.6335	176.85	NAN	
174.401	-5.325	1.6335	176.85	NAN	
174.501	-5.325	1.6335	176.85	NAN	
174.601	-5.355	1.6335	176.85	NAN	
174.701	-5.355	1.6335	176.85	NAN	
174.801	-5.355	1.6335	176.85	NAN	
174.901	-5.355	1.632	176.7	NAN	
175.001	-5.355	1.632	176.7	NAN	
175.101	-5.355	1.632	176.7	NAN	
175.201	-5.355	1.632	176.7	NAN	
175.301	-5.355	1.632	176.7	NAN	
175.401	-5.355	1.632	176.7	NAN	
175.501	-5.355	1.632	176.7	NAN	
175.601	-5.34	1.632	176.7	NAN	
175.701	-5.34	1.632	176.7	NAN	
175.801	-5.34	1.632	176.7	NAN	
175.901	-5.34	1.6335	176.7	NAN	
176.001	-5.34	1.6335	176.7	NAN	
176.101	-5.34	1.6335	176.7	NAN	
176.201	-5.34	1.6335	176.7	NAN	
176.301	-5.34	1.6335	176.7	NAN	
176.401	-5.34	1.6335	176.7	NAN	
176.501	-5.34	1.6335	176.7	NAN	
176.601	-5.34	1.6335	176.7	NAN	
176.701	-5.34	1.6335	176.7	NAN	
176.801	-5.34	1.6335	176.7	NAN	
176.901	-5.34	1.632	176.7	NAN	
177.001	-5.34	1.632	176.7	NAN	
177.101	-5.34	1.632	176.7	NAN	
177.201	-5.34	1.632	176.7	NAN	
177.301	-5.34	1.632	176.7	NAN	
177.401	-5.34	1.632	176.7	NAN	
177.501	-5.34	1.632	176.7	NAN	
177.601	-5.355	1.632	176.7	NAN	
177.701	-5.355	1.632	176.7	NAN	
177.801	-5.355	1.632	176.7	NAN	
177.901	-5.355	1.6335	176.7	NAN	
178.001	-5.355	1.6335	176.7	NAN	
178.101	-5.355	1.6335	176.7	NAN	
178.201	-5.355	1.6335	176.7	NAN	
178.301	-5.355	1.6335	176.7	NAN	
178.401	-5.355	1.6335	176.7	NAN	
178.501	-5.355	1.6335	176.7	NAN	
178.601	-5.34	1.6335	176.7	NAN	
178.701	-5.34	1.6335	176.7	NAN	
178.801	-5.34	1.6335	176.7	NAN	
178.901	-5.34	1.632	176.7	NAN	
179.001	-5.34	1.632	176.7	NAN	
179.101	-5.34	1.632	176.7	NAN	
179.201	-5.34	1.632	176.7	NAN	
179.301	-5.34	1.632	176.7	NAN	
179.401	-5.34	1.632	176.7	NAN	
179.501	-5.34	1.632	176.7	NAN	
179.601	-5.34	1.632	176.7	NAN	
179.701	-5.34	1.632	176.7	NAN	
179.801	-5.34	1.632	176.7	NAN	
179.901	-5.34	1.6305	176.7	NAN	
180.001	-5.34	1.6305	176.7	NAN	
180.101	-5.34	1.6305	176.7	NAN	
180.201	-5.34	1.6305	176.7	NAN	
180.301	-5.34	1.6305	176.7	NAN	
180.401	-5.34	1.6305	176.7	NAN	
180.501	-5.34	1.6305	176.7	NAN	
180.601	-5.34	1.6305	176.7	NAN	
180.701	-5.34	1.6305	176.7	NAN	
180.801	-5.34	1.6305	176.7	NAN	
180.901	-5.34	1.629	176.7	NAN	
181.001	-5.34	1.629	176.7	NAN	
181.101	-5.34	1.629	176.7	NAN	
181.201	-5.34	1.629	176.7	NAN	
181.301	-5.34	1.629	176.7	NAN	
181.401	-5.34	1.629	176.7	NAN	
181.501	-5.34	1.629	176.7	NAN	
181.601	-5.325	1.629	176.7	NAN	
181.701	-5.325	1.629	176.7	NAN	
181.801	-5.325	1.629	176.7	NAN	
181.901	-5.325	1.6305	176.7	NAN	
182.001	-5.325	1.6305	176.7	NAN	
182.101	-5.325	1.6305	176.7	NAN	
182.201	-5.325	1.6305	176.7	NAN	
182.301	-5.325	1.6305	176.7	NAN	
182.401	-5.325	1.6305	176.7	NAN	
182.505	-5.325	1.6305	176.7	NAN	
182.601	-5.355	1.6305	176.7	NAN	
182.701	-5.355	1.6305	176.7	NAN	
182.801	-5.355	1.6305	176.7	NAN	
182.901	-5.355	1.6305	176.7	NAN	
183.001	-5.355	1.6305	176.7	NAN	
183.101	-5.355	1.6305	176.7	NAN	
183.201	-5.355	1.6305	176.7	NAN	
183.301	-5.355	1.6305	176.7	NAN	
183.401	-5.355	1.6305	176.7	NAN	
183.501	-5.355	1.6305	176.7	NAN	
183.601	-5.355	1.6305	176.7	NAN	
183.701	-5.355	1.6305	176.7	NAN	
183.801	-5.355	1.6305	176.7	NAN	
183.901	-5.355	1.6305	176.7	NAN	
184.001	-5.355	1.6305	176.7	NAN	
184.101	-5.355	1.6305	176.7	NAN	
184.201	-5.355	1.6305	176.7	NAN	
184.301	-5.355	1.6305	176.7	NAN	
184.401	-5.355	1.6305	176.7	NAN	
184.501	-5.355	1.6305	176.7	NAN	
184.601	-5.34	1.6305	176.7	NAN	
184.701	-5.34	1.6305	176.7	NAN	
184.801	-5.34	1.6305	176.7	NAN	
184.901	-5.34	1.629	176.7	NAN	
185.001	-5.34	1.629	176.7	NAN	
185.101	-5.34	1.629	176.7	NAN	
185.201	-5.34	1.629	176.7	NAN	
185.301	-5.34	1.629	176.7	NAN	
185.401	-5.34	1.629	176.7	NAN	
185.501	-5.34	1.629	176.7	NAN	
185.601	-5.325	1.629	176.7	NAN	
185.701	-5.325	1.629	176.7	NAN	
185.801	-5.325	1.629	176.7	NAN	
185.901	-5.325	1.629	176.7	NAN	
186.001	-5.325	1.629	176.7	NAN	
186.101	-5.325	1.629	176.7	NAN	
186.201	-5.325	1.629	176.7	NAN	
186.301	-5.325	1.629	176.7	NAN	
186.401	-5.325	1.629	176.7	NAN	
186.501	-5.325	1.629	176.7	NAN	
186.601	-5.325	1.629	176.7	NAN	
186.701	-5.325	1.629	176.7	NAN	
186.801	-5.325	1.629	176.7	NAN	
186.901	-5.325	1.629	176.55	NAN	
187.001	-5.325	1.629	176.55	NAN	
187.101	-5.325	1.629	176.55	NAN	
187.201	-5.325	1.629	176.55	NAN	
187.301	-5.325	1.629	176.55	NAN	
187.401	-5.325	1.629	176.55	NAN	
187.501	-5.325	1.629	176.55	NAN	
187.601	-5.31	1.629	176.55	NAN	
187.701	-5.31	1.629	176.55	NAN	
187.801	-5.31	1.629	176.55	NAN	
187.901	-5.31	1.6305	176.55	NAN	
188.001	-5.31	1.6305	176.55	NAN	
188.101	-5.31	1.6305	176.55	NAN	
188.201	-5.31	1.6305	176.55	NAN	
188.301	-5.31	1.6305	176.55	NAN	
188.401	-5.31	1.6305	176.55	NAN	
188.501	-5.31	1.6305	176.55	NAN	
188.601	-5.31	1.6305	176.55	NAN	
188.701	-5.31	1.6305	176.55	NAN	
188.801	-5.31	1.6305	176.55	NAN	
188.901	-5.31	1.629	176.55	NAN	
189.001	-5.31	1.629	176.55	NAN	
189.101	-5.31	1.629	176.55	NAN	
189.201	-5.31	1.629	176.55	NAN	
189.301	-5.31	1.629	176.55	NAN	
189.401	-5.31	1.629	176.55	NAN	
189.501	-5.31	1.629	176.55	NAN	
189.601	-5.31	1.629	176.55	NAN	
189.701	-5.31	1.629	176.55	NAN	
189.801	-5.31	1.629	176.55	NAN	
189.901	-5.31	1.6275	176.55	NAN	
190.001	-5.31	1.6275	176.55	NAN	
190.101	-5.31	1.6275	176.55	NAN	
190.201	-5.31	1.6275	176.55	NAN	
190.301	-5.31	1.6275	176.55	NAN	
190.401	-5.31	1.6275	176.55	NAN	
190.501	-5.31	1.6275	176.55	NAN	
190.601	-5.295	1.6275	176.55	NAN	
190.701	-5.295	1.6275	176.55	NAN	
190.801	-5.295	1.6275	176.55	NAN	
190.901	-5.295	1.6275	176.55	NAN	
191.001	-5.295	1.6275	176.55	NAN	
191.101	-5.295	1.6275	176.55	NAN	
191.201	-5.295	1.6275	176.55	NAN	
191.301	-5.295	1.6275	176.55	NAN	
191.401	-5.295	1.6275	176.55	NAN	
191.501	-5.295	1.6275	176.55	NAN	
191.601	-5.295	1.6275	176.55	NAN	
191.701	-5.295	1.6275	176.55	NAN	
191.801	-5.295	1.6275	176.55	NAN	
191.901	-5.295	1.6275	176.55	NAN	
192.001	-5.295	1.6275	176.55	NAN	
192.101	-5.295	1.6275	176.55	NAN	
192.201	-5.295	1.6275	176.55	NAN	
192.301	-5.295	1.6275	176.55	NAN	
192.401	-5.295	1.6275	176.55	NAN	
192.501	-5.295	1.6275	176.55	NAN	
192.601	-5.295	1.6275	176.55	NAN	
192.701	-5.295	1.6275	176.55	NAN	
192.801	-5.295	1.6275	176.55	NAN	
192.901	-5.295	1.6275	176.55	NAN	
193.001	-5.295	1.6275	176.55	NAN	
193.101	-5.295	1.6275	176.55	NAN	
193.201	-5.295	1.6275	176.55	NAN	
193.301	-5.295	1.6275	176.55	NAN	
193.401	-5.295	1.6275	176.55	NAN	
193.501	-5.295	1.6275	176.55	NAN	
193.601	-5.28	1.6275	176.55	NAN	
193.701	-5.28	1.6275	176.55	NAN	
193.801	-5.28	1.6275	176.55	NAN	
193.901	-5.28	1.629	176.55	NAN	
194.001	-5.28	1.629	176.55	NAN	
194.101	-5.28	1.629	176.55	NAN	
194.201	-5.28	1.629	176.55	NAN	
194.301	-5.28	1.629	176.55	NAN	
194.401	-5.28	1.629	176.55	NAN	
194.501	-5.28	1.629	176.55	NAN	
194.601	-5.28	1.629	176.55	NAN	
194.701	-5.28	1.629	176.55	NAN	
194.801	-5.28	1.629	176.55	NAN	
194.901	-5.28	1.626	176.4	NAN	
195.001	-5.28	1.626	176.4	NAN	
195.101	-5.28	1.626	176.4	NAN	
195.201	-5.28	1.626	176.4	NAN	
195.301	-5.28	1.626	176.4	NAN	
195.401	-5.28	1.626	176.4	NAN	
195.501	-5.28	1.626	176.4	NAN	
195.601	-5.28	1.626	176.4	NAN	
195.701	-5.28	1.626	176.4	NAN	
195.801	-5.28	1.626	176.4	NAN	
195.901	-5.28	1.6245	176.4	NAN	
196.001	-5.28	1.6245	176.4	NAN	
196.101	-5.28	1.6245	176.4	NAN	
196.201	-5.28	1.6245	176.4	NAN	
196.301	-5.28	1.6245	176.4	NAN	
196.401	-5.28	1.6245	176.4	NAN	
196.501	-5.28	1.6245	176.4	NAN	
196.601	-5.28	1.6245	176.4	NAN	
196.701	-5.28	1.6245	176.4	NAN	
196.801	-5.28	1.6245	176.4	NAN	
196.901	-5.28	1.626	176.4	NAN	
197.001	-5.28	1.626	176.4	NAN	
197.101	-5.28	1.626	176.4	NAN	
197.201	-5.28	1.626	176.4	NAN	
197.301	-5.28	1.626	176.4	NAN	
197.401	-5.28	1.626	176.4	NAN	
197.501	-5.28	1.626	176.4	NAN	
197.601	-5.28	1.626	176.4	NAN	
197.701	-5.28	1.626	176.4	NAN	
197.801	-5.28	1.626	176.4	NAN	
197.901	-5.28	1.626	176.4	NAN	
198.001	-5.28	1.626	176.4	NAN	
198.101	-5.28	1.626	176.4	NAN	
198.201	-5.28	1.626	176.4	NAN	
198.301	-5.28	1.626	176.4	NAN	
198.401	-5.28	1.626	176.4	NAN	
198.501	-5.28	1.626	176.4	NAN	
198.601	-5.28	1.626	176.4	NAN	
198.701	-5.28	1.626	176.4	NAN	
198.801	-5.28	1.626	176.4	NAN	
198.901	-5.28	1.626	176.4	NAN	
199.001	-5.28	1.626	176.4	NAN	
199.101	-5.28	1.626	176.4	NAN	
199.201	-5.28	1.626	176.4	NAN	
199.301	-5.28	1.626	176.4	NAN	
199.401	-5.28	1.626	176.4	NAN	
199.501	-5.28	1.626	176.4	NAN	
199.601	-5.28	1.626	176.4	NAN	
199.701	-5.28	1.626	176.4	NAN	
199.801	-5.28	1.626	176.4	NAN	
199.901	-5.28	1.6245	176.4	NAN	
200.001	-5.28	1.6245	176.4	NAN	
200.101	-5.28	1.6245	176.4	NAN	
200.201	-5.28	1.6245	176.4	NAN	
200.301	-5.28	1.6245	176.4	NAN	
200.401	-5.28	1.6245	176.4	NAN	
200.501	-5.28	1.6245	176.4	NAN	
200.601	-5.265	1.6245	176.4	NAN	
200.701	-5.265	1.6245	176.4	NAN	
200.801	-5.265	1.6245	176.4	NAN	
200.901	-5.265	1.6245	176.4	NAN	
201.001	-5.265	1.6245	176.4	NAN	
201.101	-5.265	1.6245	176.4	NAN	
201.201	-5.265	1.6245	176.4	NAN	
201.301	-5.265	1.6245	176.4	NAN	
201.401	-5.265	1.6245	176.4	NAN	
201.501	-5.265	1.6245	176.4	NAN	
201.601	-5.265	1.6245	176.4	NAN	
201.701	-5.265	1.6245	176.4	NAN	
201.801	-5.265	1.6245	176.4	NAN	
201.901	-5.265	1.626	176.4	NAN	
202.001	-5.265	1.626	176.4	NAN	
202.101	-5.265	1.626	176.4	NAN	
202.201	-5.265	1.626	176.4	NAN	
202.301	-5.265	1.626	176.4	NAN	
202.401	-5.265	1.626	176.4	NAN	
202.501	-5.265	1.626	176.4	NAN	
202.601	-5.265	1.626	176.4	NAN	
202.701	-5.265	1.626	176.4	NAN	
202.801	-5.265	1.626	176.4	NAN	
202.901	-5.265	1.6245	176.4	NAN	
203.001	-5.265	1.6245	176.4	NAN	
203.101	-5.265	1.6245	176.4	NAN	
203.201	-5.265	1.6245	176.4	NAN	
203.301	-5.265	1.6245	176.4	NAN	
203.401	-5.265	1.6245	176.4	NAN	
203.501	-5.265	1.6245	176.4	NAN	
203.601	-5.28	1.6245	176.4	NAN	
203.701	-5.28	1.6245	176.4	NAN	
203.801	-5.28	1.6245	176.4	NAN	
203.901	-5.28	1.6245	176.4	NAN	
204.001	-5.28	1.6245	176.4	NAN	
204.101	-5.28	1.6245	176.4	NAN	
204.201	-5.28	1.6245	176.4	NAN	
204.301	-5.28	1.6245	176.4	NAN	
204.401	-5.28	1.6245	176.4	NAN	
204.501	-5.28	1.6245	176.4	NAN	
204.601	-5.28	1.6245	176.4	NAN	
204.701	-5.28	1.6245	176.4	NAN	
204.801	-5.28	1.6245	176.4	NAN	
204.901	-5.28	1.623	176.4	NAN	
205.001	-5.28	1.623	176.4	NAN	
205.101	-5.28	1.623	176.4	NAN	
205.201	-5.28	1.623	176.4	NAN	
205.301	-5.28	1.623	176.4	NAN	
205.401	-5.28	1.623	176.4	NAN	
205.501	-5.28	1.623	176.4	NAN	
205.601	-5.28	1.623	176.4	NAN	
205.701	-5.28	1.623	176.4	NAN	
205.801	-5.28	1.623	176.4	NAN	
205.901	-5.28	1.6245	176.4	NAN	
206.001	-5.28	1.6245	176.4	NAN	
206.101	-5.28	1.6245	176.4	NAN	
206.201	-5.28	1.6245	176.4	NAN	
206.301	-5.28	1.6245	176.4	NAN	
206.401	-5.28	1.6245	176.4	NAN	
206.501	-5.28	1.6245	176.4	NAN	
206.601	-5.28	1.6245	176.4	NAN	
206.701	-5.28	1.6245	176.4	NAN	
206.801	-5.28	1.6245	176.4	NAN	
206.901	-5.28	1.623	176.25	NAN	
207.001	-5.28	1.623	176.25	NAN	
207.101	-5.28	1.623	176.25	NAN	
207.201	-5.28	1.623	176.25	NAN	
207.301	-5.28	1.623	176.25	NAN	
207.401	-5.28	1.623	176.25	NAN	
207.501	-5.28	1.623	176.25	NAN	
207.604	-5.28	1.623	176.25	NAN	
207.701	-5.28	1.623	176.25	NAN	
207.801	-5.28	1.623	176.25	NAN	
207.901	-5.28	1.6245	176.25	NAN	
208.001	-5.28	1.6245	176.25	NAN	
208.101	-5.28	1.6245	176.25	NAN	
208.201	-5.28	1.6245	176.25	NAN	
208.301	-5.28	1.6245	176.25	NAN	
208.401	-5.28	1.6245	176.25	NAN	
208.501	-5.28	1.6245	176.25	NAN	
208.601	-5.28	1.6245	176.25	NAN	
208.701	-5.28	1.6245	176.25	NAN	
208.801	-5.28	1.6245	176.25	NAN	
208.901	-5.28	1.623	176.25	NAN	
209.001	-5.28	1.623	176.25	NAN	
209.101	-5.28	1.623	176.25	NAN	
209.201	-5.28	1.623	176.25	NAN	
209.301	-5.28	1.623	176.25	NAN	
209.401	-5.28	1.623	176.25	NAN	
209.501	-5.28	1.623	176.25	NAN	
209.601	-5.265	1.623	176.25	NAN	
209.701	-5.265	1.623	176.25	NAN	
209.801	-5.265	1.623	176.25	NAN	
209.901	-5.265	1.623	176.25	NAN	
210.001	-5.265	1.623	176.25	NAN	
210.101	-5.265	1.623	176.25	NAN	
210.201	-5.265	1.623	176.25	NAN	
210.301	-5.265	1.623	176.25	NAN	
210.401	-5.265	1.623	176.25	NAN	
210.501	-5.265	1.623	176.25	NAN	
210.601	-5.265	1.623	176.25	NAN	
210.701	-5.265	1.623	176.25	NAN	
210.801	-5.265	1.623	176.25	NAN	
210.901	-5.265	1.623	176.25	NAN	
211.001	-5.265	1.623	176.25	NAN	
211.101	-5.265	1.623	176.25	NAN	
211.201	-5.265	1.623	176.25	NAN	
211.301	-5.265	1.623	176.25	NAN	
211.401	-5.265	1.623	176.25	NAN	
211.501	-5.265	1.623	176.25	NAN	
211.601	-5.25	1.623	176.25	NAN	
211.701	-5.25	1.623	176.25	NAN	
211.801	-5.25	1.623	176.25	NAN	
211.901	-5.25	1.623	176.25	NAN	
212.001	-5.25	1.623	176.25	NAN	
212.101	-5.25	1.623	176.25	NAN	
212.201	-5.25	1.623	176.25	NAN	
212.301	-5.25	1.623	176.25	NAN	
212.401	-5.25	1.623	176.25	NAN	
212.501	-5.25	1.623	176.25	NAN	
212.601	-5.235	1.623	176.25	NAN	
212.701	-5.235	1.623	176.25	NAN	
212.801	-5.235	1.623	176.25	NAN	
212.901	-5.235	1.6215	176.25	NAN	
213.001	-5.235	1.6215	176.25	NAN	
213.101	-5.235	1.6215	176.25	NAN	
213.201	-5.235	1.6215	176.25	NAN	
213.301	-5.235	1.6215	176.25	NAN	
213.401	-5.235	1.6215	176.25	NAN	
213.501	-5.235	1.6215	176.25	NAN	
213.601	-5.235	1.6215	176.25	NAN	
213.701	-5.235	1.6215	176.25	NAN	
213.801	-5.235	1.6215	176.25	NAN	
213.901	-5.235	1.6245	176.25	NAN	
214.001	-5.235	1.6245	176.25	NAN	
214.101	-5.235	1.6245	176.25	NAN	
214.201	-5.235	1.6245	176.25	NAN	
214.301	-5.235	1.6245	176.25	NAN	
214.401	-5.235	1.6245	176.25	NAN	
214.501	-5.235	1.6245	176.25	NAN	
214.601	-5.235	1.6245	176.25	NAN	
214.701	-5.235	1.6245	176.25	NAN	
214.801	-5.235	1.6245	176.25	NAN	
214.901	-5.235	1.6215	176.25	NAN	
215.001	-5.235	1.6215	176.25	NAN	
215.101	-5.235	1.6215	176.25	NAN	
215.201	-5.235	1.6215	176.25	NAN	
215.301	-5.235	1.6215	176.25	NAN	
215.401	-5.235	1.6215	176.25	NAN	
215.501	-5.235	1.6215	176.25	NAN	
215.601	-5.235	1.6215	176.25	NAN	
215.701	-5.235	1.6215	176.25	NAN	
215.801	-5.235	1.6215	176.25	NAN	
215.901	-5.235	1.6215	176.25	NAN	
216.001	-5.235	1.6215	176.25	NAN	
216.101	-5.235	1.6215	176.25	NAN	
216.201	-5.235	1.6215	176.25	NAN	
216.301	-5.235	1.6215	176.25	NAN	
216.401	-5.235	1.6215	176.25	NAN	
216.501	-5.235	1.6215	176.25	NAN	
216.601	-5.235	1.6215	176.25	NAN	
216.701	-5.235	1.6215	176.25	NAN	
216.801	-5.235	1.6215	176.25	NAN	
216.901	-5.235	1.623	176.25	NAN	
217.001	-5.235	1.623	176.25	NAN	
217.101	-5.235	1.623	176.25	NAN	
217.201	-5.235	1.623	176.25	NAN	
217.301	-5.235	1.623	176.25	NAN	
217.401	-5.235	1.623	176.25	NAN	
217.501	-5.235	1.623	176.25	NAN	
217.601	-5.22	1.623	176.25	NAN	
217.701	-5.22	1.623	176.25	NAN	
217.801	-5.22	1.623	176.25	NAN	
217.901	-5.22	1.6215	176.25	NAN	
218.001	-5.22	1.6215	176.25	NAN	
218.101	-5.22	1.6215	176.25	NAN	
218.201	-5.22	1.6215	176.25	NAN	
218.301	-5.22	1.6215	176.25	NAN	
218.401	-5.22	1.6215	176.25	NAN	
218.501	-5.22	1.6215	176.25	NAN	
218.601	-5.235	1.6215	176.25	NAN	
218.701	-5.235	1.6215	176.25	NAN	
218.801	-5.235	1.6215	176.25	NAN	
218.901	-5.235	1.6215	176.25	NAN	
219.001	-5.235	1.6215	176.25	NAN	
219.101	-5.235	1.6215	176.25	NAN	
219.201	-5.235	1.6215	176.25	NAN	
219.301	-5.235	1.6215	176.25	NAN	
219.401	-5.235	1.6215	176.25	NAN	
219.501	-5.235	1.6215	176.25	NAN	
219.601	-5.235	1.6215	176.25	NAN	
219.701	-5.235	1.6215	176.25	NAN	
219.801	-5.235	1.6215	176.25	NAN	
219.901	-5.235	1.6215	176.1	NAN	
220.001	-5.235	1.6215	176.1	NAN	
220.101	-5.235	1.6215	176.1	NAN	
220.201	-5.235	1.6215	176.1	NAN	
220.301	-5.235	1.6215	176.1	NAN	
220.401	-5.235	1.6215	176.1	NAN	
220.501	-5.235	1.6215	176.1	NAN	
220.601	-5.235	1.6215	176.1	NAN	
220.701	-5.235	1.6215	176.1	NAN	
220.801	-5.235	1.6215	176.1	NAN	
220.901	-5.235	1.6215	176.1	NAN	
221.001	-5.235	1.62	176.1	NAN	
221.101	-5.235	1.62	176.1	NAN	
221.201	-5.235	1.62	176.1	NAN	
221.301	-5.235	1.62	176.1	NAN	
221.401	-5.235	1.62	176.1	NAN	
221.501	-5.235	1.62	176.1	NAN	
221.601	-5.235	1.62	176.1	NAN	
221.701	-5.235	1.62	176.1	NAN	
221.801	-5.235	1.62	176.1	NAN	
221.901	-5.235	1.62	176.1	NAN	
222.001	-5.235	1.62	176.1	NAN	
222.101	-5.235	1.62	176.1	NAN	
222.201	-5.235	1.62	176.1	NAN	
222.301	-5.235	1.62	176.1	NAN	
222.401	-5.235	1.62	176.1	NAN	
222.501	-5.235	1.62	176.1	NAN	
222.601	-5.25	1.62	176.1	NAN	
222.701	-5.25	1.62	176.1	NAN	
222.801	-5.25	1.62	176.1	NAN	
222.901	-5.25	1.62	176.1	NAN	
223.001	-5.25	1.62	176.1	NAN	
223.101	-5.25	1.62	176.1	NAN	
223.201	-5.25	1.62	176.1	NAN	
223.301	-5.25	1.62	176.1	NAN	
223.401	-5.25	1.62	176.1	NAN	
223.501	-5.25	1.62	176.1	NAN	
223.601	-5.235	1.62	176.1	NAN	
223.701	-5.235	1.62	176.1	NAN	
223.801	-5.235	1.62	176.1	NAN	
223.901	-5.235	1.62	176.1	NAN	
224.001	-5.235	1.62	176.1	NAN	
224.101	-5.235	1.62	176.1	NAN	
224.201	-5.235	1.62	176.1	NAN	
224.301	-5.235	1.62	176.1	NAN	
224.401	-5.235	1.62	176.1	NAN	
224.501	-5.235	1.62	176.1	NAN	
224.601	-5.235	1.62	176.1	NAN	
224.701	-5.235	1.62	176.1	NAN	
224.801	-5.235	1.62	176.1	NAN	
224.901	-5.235	1.62	176.1	NAN	
225.001	-5.235	1.6185	176.1	NAN	
225.101	-5.235	1.6185	176.1	NAN	
225.201	-5.235	1.6185	176.1	NAN	
225.301	-5.235	1.6185	176.1	NAN	
225.401	-5.235	1.6185	176.1	NAN	
225.501	-5.235	1.6185	176.1	NAN	
225.601	-5.25	1.6185	176.1	NAN	
225.701	-5.25	1.6185	176.1	NAN	
225.801	-5.25	1.6185	176.1	NAN	
225.901	-5.25	1.6185	176.1	NAN	
226.001	-5.25	1.62	176.1	NAN	
226.101	-5.25	1.62	176.1	NAN	
226.201	-5.25	1.62	176.1	NAN	
226.301	-5.25	1.62	176.1	NAN	
226.401	-5.25	1.62	176.1	NAN	
226.501	-5.25	1.62	176.1	NAN	
226.601	-5.25	1.62	176.1	NAN	
226.701	-5.25	1.62	176.1	NAN	
226.801	-5.25	1.62	176.1	NAN	
226.901	-5.25	1.62	176.1	NAN	
227.001	-5.25	1.6185	176.1	NAN	
227.101	-5.25	1.6185	176.1	NAN	
227.201	-5.25	1.6185	176.1	NAN	
227.301	-5.25	1.6185	176.1	NAN	
227.401	-5.25	1.6185	176.1	NAN	

