# MIN=0	-30	-3	-300	0	
# MAX=320	30	3	300	5	
# SCALE=100	10	1	100	1	
# DEC=1	2	3	1	3	
# DEF="Zeit" t / s	"Spannung" U_A1 / mV	"Strom" I_A2 / A	"Magn. Flussdichte" B_B2 / mT	"Frequenz" f / Hz	
0	-3.195	0	14.55	NAN	
0.101	-3.195	0	14.55	NAN	
0.201	-3.195	0	14.55	NAN	
0.301	-3.195	0	14.55	NAN	
0.401	-3.195	0	14.55	NAN	
0.501	-3.195	0	14.55	NAN	
0.601	-3.195	0	14.55	NAN	
0.701	-3.195	0	14.55	NAN	
0.801	-3.195	0	14.55	NAN	
0.901	-3.195	0	14.55	NAN	
1.001	-3.195	0	14.55	NAN	
1.101	-3.195	0	14.55	NAN	
1.201	-3.195	0	14.55	NAN	
1.301	-3.195	0	14.55	NAN	
1.401	-3.195	0	14.55	NAN	
1.501	-3.195	0	14.55	NAN	
1.601	-3.195	0	14.55	NAN	
1.701	-3.195	0	14.55	NAN	
1.801	-3.195	0	14.55	NAN	
1.901	-3.195	0	14.55	NAN	
2.001	-3.195	0	14.55	NAN	
2.101	-3.195	0	14.55	NAN	
2.201	-3.195	0	14.55	NAN	
2.301	-3.195	0	14.55	NAN	
2.401	-3.195	0	14.55	NAN	
2.501	-3.195	0	14.55	NAN	
2.601	-3.195	0	14.55	NAN	
2.701	-3.195	0	14.55	NAN	
2.801	-3.195	0	14.55	NAN	
2.901	-3.195	0	14.55	NAN	
3.001	-3.195	0	14.55	NAN	
3.101	-3.195	0	14.55	NAN	
3.201	-3.195	0	14.55	NAN	
3.301	-3.195	0	14.55	NAN	
3.401	-3.195	0	14.55	NAN	
3.501	-3.195	0	14.55	NAN	
3.601	-3.195	0	14.55	NAN	
3.701	-3.195	0	14.55	NAN	
3.801	-3.195	0	14.55	NAN	
3.901	-3.195	0	14.55	NAN	
4.001	-3.195	0	14.55	NAN	
4.101	-3.195	0	14.55	NAN	
4.201	-3.195	0	14.55	NAN	
4.301	-3.195	0	14.55	NAN	
4.401	-3.195	0	14.55	NAN	
4.501	-3.195	0	14.55	NAN	
4.601	-3.195	0	14.55	NAN	
4.701	-3.195	0	14.55	NAN	
4.801	-3.195	0	14.55	NAN	
4.901	-3.195	0	14.55	NAN	
5.001	-3.195	0	14.55	NAN	
5.101	-3.195	0	14.55	NAN	
5.201	-3.195	0	14.55	NAN	
5.301	-3.195	0	14.55	NAN	
5.401	-3.195	0	14.55	NAN	
5.501	-3.195	0	14.55	NAN	
5.601	-3.195	-0.0015	14.55	NAN	
5.701	-3.195	-0.0015	14.55	NAN	
5.801	-3.195	-0.0015	14.55	NAN	
5.901	-3.195	-0.0015	14.55	NAN	
6.001	-3.195	-0.0015	14.55	NAN	
6.101	-3.195	-0.0015	14.55	NAN	
6.201	-3.195	-0.0015	14.55	NAN	
6.301	-3.195	-0.0015	14.55	NAN	
6.401	-3.195	-0.0015	14.55	NAN	
6.501	-3.195	-0.0015	14.55	NAN	
6.601	-3.195	0	14.55	NAN	
6.701	-3.195	0	14.55	NAN	
6.801	-3.195	0	14.55	NAN	
6.901	-3.195	0	14.55	NAN	
7.001	-3.195	0	14.55	NAN	
7.101	-3.195	0	14.55	NAN	
7.201	-3.195	0	14.55	NAN	
7.301	-3.195	0	14.55	NAN	
7.401	-3.21	0	14.55	NAN	
7.501	-3.21	0	14.55	NAN	
7.601	-3.21	0	14.55	NAN	
7.701	-3.21	0	14.55	NAN	
7.801	-3.21	0	14.55	NAN	
7.901	-3.21	0	14.55	NAN	
8.001	-3.21	0	14.55	NAN	
8.101	-3.21	0	14.55	NAN	
8.201	-3.21	0	14.55	NAN	
8.301	-3.21	0	14.55	NAN	
8.401	-3.195	0	14.55	NAN	
8.501	-3.195	0	14.55	NAN	
8.601	-3.195	0	14.55	NAN	
8.701	-3.195	0	14.55	NAN	
8.801	-3.195	0	14.55	NAN	
8.901	-3.195	0	14.55	NAN	
9.001	-3.195	0	14.55	NAN	
9.101	-3.195	0	14.55	NAN	
9.201	-3.195	0	14.55	NAN	
9.301	-3.195	0	14.55	NAN	
9.401	-3.21	0	14.55	NAN	
9.501	-3.21	0	14.55	NAN	
9.601	-3.21	0	14.55	NAN	
9.701	-3.21	0	14.55	NAN	
9.801	-3.21	0	14.55	NAN	
9.901	-3.21	0	14.55	NAN	
10.001	-3.21	0	14.55	NAN	
10.101	-3.21	0	14.55	NAN	
10.201	-3.21	0	14.55	NAN	
10.301	-3.21	0	14.55	NAN	
10.401	-3.21	0	14.55	NAN	
10.501	-3.21	0	14.55	NAN	
10.601	-3.21	0	14.55	NAN	
10.701	-3.21	0	14.55	NAN	
10.801	-3.21	0	14.55	NAN	
10.901	-3.21	0	14.55	NAN	
11.001	-3.21	0	14.55	NAN	
11.101	-3.21	0	14.55	NAN	
11.201	-3.21	0	14.55	NAN	
11.301	-3.21	0	14.55	NAN	
11.401	-3.21	0	14.55	NAN	
11.501	-3.21	0	14.55	NAN	
11.601	-3.21	0	14.55	NAN	
11.701	-3.21	0	14.55	NAN	
11.801	-3.21	0	14.55	NAN	
11.901	-3.21	0	14.55	NAN	
12.001	-3.21	0	14.55	NAN	
12.101	-3.21	0	14.55	NAN	
12.201	-3.21	0	14.55	NAN	
12.301	-3.21	0	14.55	NAN	
12.401	-3.21	0	14.55	NAN	
12.501	-3.21	0	14.55	NAN	
12.601	-3.21	0	14.55	NAN	
12.701	-3.21	0	14.55	NAN	
12.801	-3.21	0	14.55	NAN	
12.901	-3.21	0	14.55	NAN	
13.001	-3.21	0	14.55	NAN	
13.101	-3.21	0	14.55	NAN	
13.201	-3.21	0	14.55	NAN	
13.301	-3.21	0	14.55	NAN	
13.401	-3.21	0	14.55	NAN	
13.501	-3.21	0	14.55	NAN	
13.601	-3.21	0	14.55	NAN	
13.701	-3.21	0	14.55	NAN	
13.801	-3.21	0	14.55	NAN	
13.901	-3.21	0	14.55	NAN	
14.001	-3.21	0	14.55	NAN	
14.101	-3.21	0	14.55	NAN	
14.201	-3.21	0	14.55	NAN	
14.301	-3.21	0	14.55	NAN	
14.401	-3.225	0	14.55	NAN	
14.501	-3.225	0	14.55	NAN	
14.601	-3.225	0	14.55	NAN	
14.701	-3.225	0	14.55	NAN	
14.801	-3.225	0	14.55	NAN	
14.901	-3.225	0	14.55	NAN	
15.001	-3.225	0	14.55	NAN	
15.101	-3.225	0	14.55	NAN	
15.201	-3.225	0	14.55	NAN	
15.301	-3.225	0	14.55	NAN	
15.401	-3.21	0	14.55	NAN	
15.501	-3.21	0	14.55	NAN	
15.601	-3.21	0	14.55	NAN	
15.701	-3.21	0	14.55	NAN	
15.801	-3.21	0	14.55	NAN	
15.901	-3.21	0	14.55	NAN	
16.001	-3.21	0	14.55	NAN	
16.101	-3.21	0	14.55	NAN	
16.201	-3.21	0	14.55	NAN	
16.301	-3.21	0	14.55	NAN	
16.401	-3.225	0	14.55	NAN	
16.501	-3.225	0	14.55	NAN	
16.601	-3.225	0	14.55	NAN	
16.701	-3.225	0	14.55	NAN	
16.801	-3.225	0	14.55	NAN	
16.901	-3.225	0	14.55	NAN	
17.001	-3.225	0	14.55	NAN	
17.101	-3.225	0	14.55	NAN	
17.201	-3.225	0	14.55	NAN	
17.301	-3.225	0	14.55	NAN	
17.401	-3.225	0	14.55	NAN	
17.501	-3.225	0	14.55	NAN	
17.601	-3.225	0	14.55	NAN	
17.701	-3.225	0	14.55	NAN	
17.801	-3.225	0	14.55	NAN	
17.901	-3.225	0	14.55	NAN	
18.001	-3.225	0	14.55	NAN	
18.101	-3.225	0	14.55	NAN	
18.201	-3.225	0	14.55	NAN	
18.301	-3.225	0	14.55	NAN	
18.401	-3.225	0	14.55	NAN	
18.501	-3.225	0	14.55	NAN	
18.601	-3.225	0	14.55	NAN	
18.701	-3.225	0	14.55	NAN	
18.801	-3.225	0	14.55	NAN	
18.901	-3.225	0	14.55	NAN	
19.001	-3.225	0	14.55	NAN	
19.101	-3.225	0	14.55	NAN	
19.201	-3.225	0	14.55	NAN	
19.301	-3.225	0	14.55	NAN	
19.401	-3.225	0	14.55	NAN	
19.501	-3.225	0	14.55	NAN	
19.601	-3.225	0	14.55	NAN	
19.701	-3.225	0	14.55	NAN	
19.801	-3.225	0	14.55	NAN	
19.901	-3.225	0	14.55	NAN	
20.001	-3.225	0	14.55	NAN	
20.101	-3.225	0	14.55	NAN	
20.201	-3.225	0	14.55	NAN	
20.301	-3.225	0	14.55	NAN	
20.401	-3.87	0	14.55	NAN	
20.501	-3.87	0	14.55	NAN	
20.601	-3.87	0.3645	56.85	NAN	
20.701	-3.87	0.3645	56.85	NAN	
20.801	-3.87	0.3645	56.85	NAN	
20.901	-3.87	0.3645	56.85	NAN	
21.001	-3.87	0.3645	56.85	NAN	
21.101	-3.87	0.3645	56.85	NAN	
21.201	-3.87	0.3645	56.85	NAN	
21.301	-3.87	0.3645	56.85	NAN	
21.401	-5.565	0.3645	56.85	NAN	
21.501	-5.565	0.3645	56.85	NAN	
21.601	-5.565	1.6455	177.3	NAN	
21.701	-5.565	1.6455	177.3	NAN	
21.801	-5.565	1.6455	177.3	NAN	
21.901	-5.565	1.6455	177.3	NAN	
22.001	-5.565	1.6455	177.3	NAN	
22.101	-5.565	1.6455	177.3	NAN	
22.201	-5.565	1.6455	177.3	NAN	
22.301	-5.565	1.6455	177.3	NAN	
22.401	-5.355	1.6455	177.3	NAN	
22.501	-5.355	1.6455	177.3	NAN	
22.601	-5.355	1.6455	177.6	NAN	
22.701	-5.355	1.6455	177.6	NAN	
22.801	-5.355	1.6455	177.6	NAN	
22.901	-5.355	1.6455	177.6	NAN	
23.001	-5.355	1.6455	177.6	NAN	
23.101	-5.355	1.6455	177.6	NAN	
23.201	-5.355	1.6455	177.6	NAN	
23.301	-5.355	1.6455	177.6	NAN	
23.401	-5.355	1.6455	177.6	NAN	
23.501	-5.355	1.6455	177.6	NAN	
23.601	-5.355	1.644	177.6	NAN	
23.701	-5.355	1.644	177.6	NAN	
23.801	-5.355	1.644	177.6	NAN	
23.901	-5.355	1.644	177.6	NAN	
24.001	-5.355	1.644	177.6	NAN	
24.101	-5.355	1.644	177.6	NAN	
24.201	-5.355	1.644	177.6	NAN	
24.301	-5.355	1.644	177.6	NAN	
24.401	-5.34	1.644	177.6	NAN	
24.501	-5.34	1.644	177.6	NAN	
24.601	-5.34	1.647	177.6	NAN	
24.701	-5.34	1.647	177.6	NAN	
24.801	-5.34	1.647	177.6	NAN	
24.901	-5.34	1.647	177.6	NAN	
25.001	-5.34	1.647	177.6	NAN	
25.101	-5.34	1.647	177.6	NAN	
25.201	-5.34	1.647	177.6	NAN	
25.301	-5.34	1.647	177.6	NAN	
25.401	-5.34	1.647	177.6	NAN	
25.501	-5.34	1.647	177.6	NAN	
25.601	-5.34	1.6455	177.6	NAN	
25.701	-5.34	1.6455	177.6	NAN	
25.801	-5.34	1.6455	177.6	NAN	
25.901	-5.34	1.6455	177.6	NAN	
26.001	-5.34	1.6455	177.6	NAN	
26.101	-5.34	1.6455	177.6	NAN	
26.201	-5.34	1.6455	177.6	NAN	
26.301	-5.34	1.6455	177.6	NAN	
26.401	-5.34	1.6455	177.6	NAN	
26.501	-5.34	1.6455	177.6	NAN	
26.601	-5.34	1.647	177.6	NAN	
26.701	-5.34	1.647	177.6	NAN	
26.801	-5.34	1.647	177.6	NAN	
26.901	-5.34	1.647	177.6	NAN	
27.001	-5.34	1.647	177.6	NAN	
27.101	-5.34	1.647	177.6	NAN	
27.201	-5.34	1.647	177.6	NAN	
27.301	-5.34	1.647	177.6	NAN	
27.401	-5.34	1.647	177.6	NAN	
27.501	-5.34	1.647	177.6	NAN	
27.601	-5.34	1.6455	177.6	NAN	
27.701	-5.34	1.6455	177.6	NAN	
27.801	-5.34	1.6455	177.6	NAN	
27.901	-5.34	1.6455	177.6	NAN	
28.001	-5.34	1.6455	177.6	NAN	
28.101	-5.34	1.6455	177.6	NAN	
28.201	-5.34	1.6455	177.6	NAN	
28.301	-5.34	1.6455	177.6	NAN	
28.401	-5.34	1.6455	177.6	NAN	
28.501	-5.34	1.6455	177.6	NAN	
28.601	-5.34	1.647	177.6	NAN	
28.701	-5.34	1.647	177.6	NAN	
28.801	-5.34	1.647	177.6	NAN	
28.901	-5.34	1.647	177.6	NAN	
29.001	-5.34	1.647	177.6	NAN	
29.101	-5.34	1.647	177.6	NAN	
29.201	-5.34	1.647	177.6	NAN	
29.301	-5.34	1.647	177.6	NAN	
29.401	-5.34	1.647	177.6	NAN	
29.501	-5.325	1.647	177.6	NAN	
29.601	-5.325	1.647	177.6	NAN	
29.701	-5.325	1.647	177.6	NAN	
29.801	-5.325	1.647	177.6	NAN	
29.905	-5.325	1.647	177.6	NAN	
30.001	-5.325	1.647	177.6	NAN	
30.101	-5.325	1.647	177.6	NAN	
30.201	-5.325	1.647	177.6	NAN	
30.301	-5.325	1.647	177.6	NAN	
30.401	-5.325	1.647	177.6	NAN	
30.501	-5.325	1.647	177.6	NAN	
30.601	-5.325	1.6455	177.6	NAN	
30.701	-5.325	1.6455	177.6	NAN	
30.801	-5.325	1.6455	177.6	NAN	
30.901	-5.325	1.6455	177.6	NAN	
31.001	-5.325	1.6455	177.6	NAN	
31.101	-5.325	1.6455	177.6	NAN	
31.201	-5.325	1.6455	177.6	NAN	
31.301	-5.325	1.6455	177.6	NAN	
31.401	-5.325	1.6455	177.6	NAN	
31.501	-5.325	1.6455	177.6	NAN	
31.601	-5.325	1.647	177.6	NAN	
31.701	-5.325	1.647	177.6	NAN	
31.801	-5.325	1.647	177.6	NAN	
31.901	-5.325	1.647	177.6	NAN	
32.001	-5.325	1.647	177.6	NAN	
32.101	-5.325	1.647	177.6	NAN	
32.201	-5.325	1.647	177.6	NAN	
32.301	-5.325	1.647	177.6	NAN	
32.401	-5.325	1.647	177.6	NAN	
32.501	-5.325	1.647	177.6	NAN	
32.601	-5.325	1.6455	177.45	NAN	
32.701	-5.325	1.6455	177.45	NAN	
32.801	-5.325	1.6455	177.45	NAN	
32.901	-5.325	1.6455	177.45	NAN	
33.001	-5.325	1.6455	177.45	NAN	
33.101	-5.325	1.6455	177.45	NAN	
33.201	-5.325	1.6455	177.45	NAN	
33.301	-5.325	1.6455	177.45	NAN	
33.401	-5.325	1.6455	177.45	NAN	
33.501	-5.325	1.6455	177.45	NAN	
33.601	-5.325	1.6425	177.45	NAN	
33.701	-5.325	1.6425	177.45	NAN	
33.801	-5.325	1.6425	177.45	NAN	
33.901	-5.325	1.6425	177.45	NAN	
34.001	-5.325	1.6425	177.45	NAN	
34.101	-5.325	1.6425	177.45	NAN	
34.201	-5.325	1.6425	177.45	NAN	
34.301	-5.325	1.6425	177.45	NAN	
34.401	-5.325	1.6425	177.45	NAN	
34.501	-5.325	1.6425	177.45	NAN	
34.601	-5.325	1.6455	177.45	NAN	
34.701	-5.325	1.6455	177.45	NAN	
34.801	-5.325	1.6455	177.45	NAN	
34.901	-5.325	1.6455	177.45	NAN	
35.001	-5.325	1.6455	177.45	NAN	
35.101	-5.325	1.6455	177.45	NAN	
35.201	-5.325	1.6455	177.45	NAN	
35.301	-5.325	1.6455	177.45	NAN	
35.401	-5.325	1.6455	177.45	NAN	
35.501	-5.325	1.6455	177.45	NAN	
35.601	-5.325	1.644	177.45	NAN	
35.701	-5.325	1.644	177.45	NAN	
35.801	-5.325	1.644	177.45	NAN	
35.901	-5.325	1.644	177.45	NAN	
36.001	-5.325	1.644	177.45	NAN	
36.101	-5.325	1.644	177.45	NAN	
36.201	-5.325	1.644	177.45	NAN	
36.301	-5.325	1.644	177.45	NAN	
36.401	-5.325	1.644	177.45	NAN	
36.501	-5.31	1.644	177.45	NAN	
36.601	-5.31	1.644	177.45	NAN	
36.701	-5.31	1.6425	177.45	NAN	
36.801	-5.31	1.6425	177.45	NAN	
36.901	-5.31	1.6425	177.45	NAN	
37.001	-5.31	1.6425	177.45	NAN	
37.101	-5.31	1.6425	177.45	NAN	
37.201	-5.31	1.6425	177.45	NAN	
37.301	-5.31	1.6425	177.45	NAN	
37.401	-5.31	1.6425	177.45	NAN	
37.501	-5.31	1.6425	177.45	NAN	
37.601	-5.31	1.6425	177.45	NAN	
37.701	-5.31	1.6425	177.45	NAN	
37.801	-5.31	1.6425	177.45	NAN	
37.901	-5.31	1.6425	177.45	NAN	
38.001	-5.31	1.6425	177.45	NAN	
38.101	-5.31	1.6425	177.45	NAN	
38.201	-5.31	1.6425	177.45	NAN	
38.301	-5.31	1.6425	177.45	NAN	
38.401	-5.31	1.6425	177.45	NAN	
38.501	-5.31	1.6425	177.45	NAN	
38.601	-5.31	1.6425	177.45	NAN	
38.701	-5.31	1.6425	177.45	NAN	
38.801	-5.31	1.6425	177.45	NAN	
38.901	-5.31	1.6425	177.45	NAN	
39.001	-5.31	1.6425	177.45	NAN	
39.101	-5.31	1.6425	177.45	NAN	
39.201	-5.31	1.6425	177.45	NAN	
39.301	-5.31	1.6425	177.45	NAN	
39.401	-5.31	1.6425	177.45	NAN	
39.501	-5.31	1.6425	177.45	NAN	
39.601	-5.31	1.6425	177.45	NAN	
39.701	-5.31	1.644	177.3	NAN	
39.801	-5.31	1.644	177.3	NAN	
39.901	-5.31	1.644	177.3	NAN	
40.001	-5.31	1.644	177.3	NAN	
40.101	-5.31	1.644	177.3	NAN	
40.201	-5.31	1.644	177.3	NAN	
40.301	-5.31	1.644	177.3	NAN	
40.401	-5.31	1.644	177.3	NAN	
40.501	-5.31	1.644	177.3	NAN	
40.601	-5.31	1.644	177.3	NAN	
40.701	-5.31	1.6425	177.3	NAN	
40.801	-5.31	1.6425	177.3	NAN	
40.901	-5.31	1.6425	177.3	NAN	
41.001	-5.31	1.6425	177.3	NAN	
41.101	-5.31	1.6425	177.3	NAN	
41.201	-5.31	1.6425	177.3	NAN	
41.301	-5.31	1.6425	177.3	NAN	
41.401	-5.31	1.6425	177.3	NAN	
41.501	-5.31	1.6425	177.3	NAN	
41.601	-5.31	1.6425	177.3	NAN	
41.701	-5.31	1.6425	177.3	NAN	
41.801	-5.31	1.6425	177.3	NAN	
41.901	-5.31	1.6425	177.3	NAN	
42.001	-5.31	1.6425	177.3	NAN	
42.101	-5.31	1.6425	177.3	NAN	
42.201	-5.31	1.6425	177.3	NAN	
42.301	-5.31	1.6425	177.3	NAN	
42.401	-5.31	1.6425	177.3	NAN	
42.501	-5.295	1.6425	177.3	NAN	
42.601	-5.295	1.6425	177.3	NAN	
42.701	-5.295	1.641	177.3	NAN	
42.801	-5.295	1.641	177.3	NAN	
42.901	-5.295	1.641	177.3	NAN	
43.001	-5.295	1.641	177.3	NAN	
43.101	-5.295	1.641	177.3	NAN	
43.201	-5.295	1.641	177.3	NAN	
43.301	-5.295	1.641	177.3	NAN	
43.401	-5.295	1.641	177.3	NAN	
43.501	-5.295	1.641	177.3	NAN	
43.601	-5.295	1.641	177.3	NAN	
43.701	-5.295	1.641	177.3	NAN	
43.801	-5.295	1.641	177.3	NAN	
43.901	-5.295	1.641	177.3	NAN	
44.001	-5.295	1.641	177.3	NAN	
44.101	-5.295	1.641	177.3	NAN	
44.201	-5.295	1.641	177.3	NAN	
44.301	-5.295	1.641	177.3	NAN	
44.401	-5.295	1.641	177.3	NAN	
44.501	-5.295	1.641	177.3	NAN	
44.601	-5.295	1.641	177.3	NAN	
44.701	-5.295	1.6395	177.15	NAN	
44.801	-5.295	1.6395	177.15	NAN	
44.901	-5.295	1.6395	177.15	NAN	
45.001	-5.295	1.6395	177.15	NAN	
45.101	-5.295	1.6395	177.15	NAN	
45.201	-5.295	1.6395	177.15	NAN	
45.301	-5.295	1.6395	177.15	NAN	
45.401	-5.295	1.6395	177.15	NAN	
45.501	-5.28	1.6395	177.15	NAN	
45.601	-5.28	1.6395	177.15	NAN	
45.701	-5.28	1.6395	177.15	NAN	
45.801	-5.28	1.6395	177.15	NAN	
45.901	-5.28	1.6395	177.15	NAN	
46.001	-5.28	1.6395	177.15	NAN	
46.101	-5.28	1.6395	177.15	NAN	
46.201	-5.28	1.6395	177.15	NAN	
46.301	-5.28	1.6395	177.15	NAN	
46.401	-5.28	1.6395	177.15	NAN	
46.501	-5.01	1.6395	177.15	NAN	
46.601	-5.01	1.6395	177.15	NAN	
46.701	-5.01	1.26	155.25	NAN	
46.801	-5.01	1.26	155.25	NAN	
46.901	-5.01	1.26	155.25	NAN	
47.001	-5.01	1.26	155.25	NAN	
47.101	-5.01	1.26	155.25	NAN	
47.201	-5.01	1.26	155.25	NAN	
47.301	-5.01	1.26	155.25	NAN	
47.401	-5.01	1.26	155.25	NAN	
47.501	-3.15	1.26	155.25	NAN	
47.601	-3.15	1.26	155.25	NAN	
47.701	-3.15	0.1215	32.7	NAN	
47.801	-3.15	0.1215	32.7	NAN	
47.901	-3.15	0.1215	32.7	NAN	
48.001	-3.15	0.1215	32.7	NAN	
48.101	-3.15	0.1215	32.7	NAN	
48.201	-3.15	0.1215	32.7	NAN	
48.301	-3.15	0.1215	32.7	NAN	
48.401	-3.15	0.1215	32.7	NAN	
48.501	-3.165	0.1215	32.7	NAN	
48.601	-3.165	0.1215	32.7	NAN	
48.701	-3.165	0	14.55	NAN	
48.801	-3.165	0	14.55	NAN	
48.901	-3.165	0	14.55	NAN	
49.001	-3.165	0	14.55	NAN	
49.101	-3.165	0	14.55	NAN	
49.201	-3.165	0	14.55	NAN	
49.301	-3.165	0	14.55	NAN	
49.401	-3.165	0	14.55	NAN	
49.501	-3.165	0	14.55	NAN	
49.601	-3.165	0	14.55	NAN	
49.701	-3.165	0	14.55	NAN	
49.801	-3.165	0	14.55	NAN	
49.901	-3.165	0	14.55	NAN	
50.001	-3.165	0	14.55	NAN	
50.101	-3.165	0	14.55	NAN	
50.201	-3.165	0	14.55	NAN	
50.301	-3.165	0	14.55	NAN	
50.401	-3.165	0	14.55	NAN	
50.501	-3.165	0	14.55	NAN	
50.601	-3.165	0	14.55	NAN	
50.701	-3.165	0	14.4	NAN	
50.801	-3.165	0	14.4	NAN	
50.901	-3.165	0	14.4	NAN	
51.001	-3.165	0	14.4	NAN	
51.101	-3.165	0	14.4	NAN	
51.201	-3.165	0	14.4	NAN	
51.301	-3.165	0	14.4	NAN	
51.401	-3.165	0	14.4	NAN	
51.501	-3.18	0	14.4	NAN	
51.601	-3.18	0	14.4	NAN	
51.701	-3.18	0	14.4	NAN	
51.801	-3.18	0	14.4	NAN	
51.901	-3.18	0	14.4	NAN	
52.001	-3.18	0	14.4	NAN	
52.101	-3.18	0	14.4	NAN	
52.201	-3.18	0	14.4	NAN	
52.301	-3.18	0	14.4	NAN	
52.401	-3.18	0	14.4	NAN	
52.501	-3.18	0	14.4	NAN	
52.601	-3.18	0	14.4	NAN	
52.701	-3.18	0	14.4	NAN	
52.801	-3.18	0	14.4	NAN	
52.901	-3.18	0	14.4	NAN	
53.001	-3.18	0	14.4	NAN	
53.101	-3.18	0	14.4	NAN	
53.201	-3.18	0	14.4	NAN	
53.301	-3.18	0	14.4	NAN	
53.401	-3.18	0	14.4	NAN	
53.501	-3.18	0	14.4	NAN	
53.601	-3.18	0	14.4	NAN	
53.701	-3.18	0	14.4	NAN	
53.801	-3.18	0	14.4	NAN	
53.901	-3.18	0	14.4	NAN	
54.001	-3.18	0	14.4	NAN	
54.101	-3.18	0	14.4	NAN	
54.201	-3.18	0	14.4	NAN	
54.301	-3.18	0	14.4	NAN	
54.401	-3.18	0	14.4	NAN	
54.501	-3.18	0	14.4	NAN	
54.601	-3.18	0	14.4	NAN	
54.701	-3.18	0	14.4	NAN	
54.801	-3.18	0	14.4	NAN	
54.901	-3.18	0	14.4	NAN	
55.001	-3.18	0	14.4	NAN	
55.101	-3.18	0	14.4	NAN	
55.201	-3.18	0	14.4	NAN	
55.301	-3.18	0	14.4	NAN	
55.401	-3.18	0	14.4	NAN	
55.501	-3.195	0	14.4	NAN	
55.601	-3.195	0	14.4	NAN	
55.701	-3.195	0	14.4	NAN	
55.801	-3.195	0	14.4	NAN	
55.901	-3.195	0	14.4	NAN	
56.001	-3.195	0	14.4	NAN	
56.101	-3.195	0	14.4	NAN	
56.201	-3.195	0	14.4	NAN	
56.301	-3.195	0	14.4	NAN	
56.401	-3.195	0	14.4	NAN	
56.501	-3.195	0	14.4	NAN	
56.601	-3.195	0	14.4	NAN	
56.701	-3.195	0	14.4	NAN	
56.801	-3.195	0	14.4	NAN	
56.901	-3.195	0	14.4	NAN	
57.001	-3.195	0	14.4	NAN	
57.101	-3.195	0	14.4	NAN	
57.201	-3.195	0	14.4	NAN	
57.301	-3.195	0	14.4	NAN	
57.401	-3.195	0	14.4	NAN	
57.501	-3.195	0	14.4	NAN	
57.601	-3.195	0	14.4	NAN	
57.701	-3.195	0	14.4	NAN	
57.801	-3.195	0	14.4	NAN	
57.901	-3.195	0	14.4	NAN	
58.001	-3.195	0	14.4	NAN	
58.101	-3.195	0	14.4	NAN	
58.201	-3.195	0	14.4	NAN	
58.301	-3.195	0	14.4	NAN	
58.401	-3.195	0	14.4	NAN	
58.501	-3.18	0	14.4	NAN	
58.601	-3.18	0	14.4	NAN	
58.701	-3.18	0	14.4	NAN	
58.801	-3.18	0	14.4	NAN	
58.901	-3.18	0	14.4	NAN	
59.001	-3.18	0	14.4	NAN	
59.101	-3.18	0	14.4	NAN	
59.201	-3.18	0	14.4	NAN	
59.301	-3.18	0	14.4	NAN	
59.401	-3.18	0	14.4	NAN	
59.501	-3.18	0	14.4	NAN	
59.601	-3.18	0	14.4	NAN	
59.701	-3.18	0	14.4	NAN	
59.801	-3.18	0	14.4	NAN	
59.901	-3.18	0	14.4	NAN	
60.001	-3.18	0	14.4	NAN	
60.101	-3.18	0	14.4	NAN	
60.201	-3.18	0	14.4	NAN	
60.301	-3.18	0	14.4	NAN	
60.401	-3.18	0	14.4	NAN	
60.501	-3.195	0	14.4	NAN	
60.601	-3.195	0	14.4	NAN	
60.701	-3.195	0	14.4	NAN	
60.801	-3.195	0	14.4	NAN	
60.901	-3.195	0	14.4	NAN	
61.001	-3.195	0	14.4	NAN	
61.101	-3.195	0	14.4	NAN	
61.201	-3.195	0	14.4	NAN	
61.301	-3.195	0	14.4	NAN	
61.401	-3.195	0	14.4	NAN	
61.501	-3.195	0	14.4	NAN	
61.601	-3.195	0	14.4	NAN	
61.701	-3.195	0	14.4	NAN	
61.801	-3.195	0	14.4	NAN	
61.901	-3.195	0	14.4	NAN	
62.001	-3.195	0	14.4	NAN	
62.101	-3.195	0	14.4	NAN	
62.201	-3.195	0	14.4	NAN	
62.301	-3.195	0	14.4	NAN	
62.401	-3.195	0	14.4	NAN	
62.501	-3.195	0	14.4	NAN	
62.601	-3.195	0	14.4	NAN	
62.701	-3.195	0	14.4	NAN	
62.801	-3.195	0	14.4	NAN	
62.901	-3.195	0	14.4	NAN	
63.001	-3.195	0	14.4	NAN	
63.101	-3.195	0	14.4	NAN	
63.201	-3.195	0	14.4	NAN	
63.301	-3.195	0	14.4	NAN	
63.401	-3.195	0	14.4	NAN	
63.501	-3.195	0	14.4	NAN	
63.601	-3.195	0	14.4	NAN	
63.701	-3.195	0	14.4	NAN	
63.801	-3.195	0	14.4	NAN	
63.901	-3.195	0	14.4	NAN	
64.001	-3.195	0	14.4	NAN	
64.101	-3.195	0	14.4	NAN	
64.201	-3.195	0	14.4	NAN	
64.301	-3.195	0	14.4	NAN	
64.401	-3.195	0	14.4	NAN	
64.501	-3.195	0	14.4	NAN	
64.601	-3.195	0	14.4	NAN	
64.701	-3.195	0	14.4	NAN	
64.801	-3.195	0	14.4	NAN	
64.901	-3.195	0	14.4	NAN	
65.001	-3.195	0	14.4	NAN	
65.101	-3.195	0	14.4	NAN	
65.201	-3.195	0	14.4	NAN	
65.301	-3.195	0	14.4	NAN	
65.401	-3.195	0	14.4	NAN	
65.501	-3.195	0	14.4	NAN	
65.601	-3.195	0	14.4	NAN	
65.701	-3.195	0	14.4	NAN	
65.801	-3.195	0	14.4	NAN	
65.901	-3.195	0	14.4	NAN	
66.001	-3.195	0	14.4	NAN	
66.101	-3.195	0	14.4	NAN	
66.201	-3.195	0	14.4	NAN	
66.301	-3.195	0	14.4	NAN	
66.401	-3.195	0	14.4	NAN	
66.501	-3.195	0	14.4	NAN	
66.601	-3.195	0	14.4	NAN	
66.701	-3.195	0	14.4	NAN	
66.801	-3.195	0	14.4	NAN	
66.901	-3.195	0	14.4	NAN	
67.001	-3.195	0	14.4	NAN	
67.101	-3.195	0	14.4	NAN	
67.201	-3.195	0	14.4	NAN	
67.301	-3.195	0	14.4	NAN	
67.401	-3.195	0	14.4	NAN	
67.501	-3.195	0	14.4	NAN	
67.601	-3.195	0	14.4	NAN	
67.701	-3.195	0	14.4	NAN	
67.801	-3.195	0	14.4	NAN	
67.901	-3.195	0	14.4	NAN	
68.001	-3.195	0	14.4	NAN	
68.101	-3.195	0	14.4	NAN	
68.201	-3.195	0	14.4	NAN	
68.301	-3.195	0	14.4	NAN	
68.401	-3.195	0	14.4	NAN	
68.501	-3.195	0	14.4	NAN	
68.601	-3.195	0	14.4	NAN	
68.701	-3.195	0	14.4	NAN	
68.801	-3.195	0	14.4	NAN	
68.901	-3.195	0	14.4	NAN	
69.001	-3.195	0	14.4	NAN	
69.101	-3.195	0	14.4	NAN	
69.201	-3.195	0	14.4	NAN	
69.301	-3.195	0	14.4	NAN	
69.401	-3.195	0	14.4	NAN	
69.501	-3.195	0	14.4	NAN	
69.601	-3.195	0	14.4	NAN	
69.701	-3.195	0	14.4	NAN	
69.801	-3.195	0	14.4	NAN	
69.901	-3.195	0	14.4	NAN	
70.001	-3.195	0	14.4	NAN	
70.101	-3.195	0	14.4	NAN	
70.201	-3.195	0	14.4	NAN	
70.301	-3.195	0	14.4	NAN	
70.401	-3.195	0	14.4	NAN	
70.501	-3.195	0	14.4	NAN	
70.601	-3.195	0	14.4	NAN	
70.701	-3.195	0	14.4	NAN	
70.801	-3.195	0	14.4	NAN	
70.901	-3.195	0	14.4	NAN	
71.001	-3.195	0	14.4	NAN	
71.101	-3.195	0	14.4	NAN	
71.201	-3.195	0	14.4	NAN	
71.301	-3.195	0	14.4	NAN	
71.401	-3.195	0	14.4	NAN	
71.501	-3.21	0	14.4	NAN	
71.601	-3.21	0	14.4	NAN	
71.701	-3.21	0	14.4	NAN	
71.801	-3.21	0	14.4	NAN	
71.901	-3.21	0	14.4	NAN	
72.001	-3.21	0	14.4	NAN	
72.101	-3.21	0	14.4	NAN	
72.201	-3.21	0	14.4	NAN	
72.301	-3.21	0	14.4	NAN	
72.401	-3.21	0	14.4	NAN	
72.501	-3.21	0	14.4	NAN	
72.601	-3.21	0	14.4	NAN	
72.701	-3.21	0	14.4	NAN	
72.801	-3.21	0	14.4	NAN	
72.901	-3.21	0	14.4	NAN	
73.001	-3.21	0	14.4	NAN	
73.101	-3.21	0	14.4	NAN	
73.201	-3.21	0	14.4	NAN	
73.301	-3.21	0	14.4	NAN	
73.401	-3.21	0	14.4	NAN	
73.501	-3.21	0	14.4	NAN	
73.601	-3.21	0	14.4	NAN	
73.701	-3.21	0	14.4	NAN	
73.801	-3.21	0	14.4	NAN	
73.901	-3.21	0	14.4	NAN	
74.001	-3.21	0	14.4	NAN	
74.101	-3.21	0	14.4	NAN	
74.201	-3.21	0	14.4	NAN	
74.301	-3.21	0	14.4	NAN	
74.401	-3.21	0	14.4	NAN	
74.501	-3.225	0	14.4	NAN	
74.601	-3.225	0	14.4	NAN	
74.701	-3.225	0	14.4	NAN	
74.801	-3.225	0	14.4	NAN	
74.901	-3.225	0	14.4	NAN	
75.001	-3.225	0	14.4	NAN	
75.101	-3.225	0	14.4	NAN	
75.201	-3.225	0	14.4	NAN	
75.301	-3.225	0	14.4	NAN	
75.401	-3.225	0	14.4	NAN	
75.501	-3.225	0	14.4	NAN	
75.601	-3.225	0	14.4	NAN	
75.701	-3.225	0	14.4	NAN	
75.801	-3.225	0	14.4	NAN	
75.901	-3.225	0	14.4	NAN	
76.001	-3.225	0	14.4	NAN	
76.101	-3.225	0	14.4	NAN	
76.201	-3.225	0	14.4	NAN	
76.301	-3.225	0	14.4	NAN	
76.401	-3.225	0	14.4	NAN	
76.501	-3.225	0	14.4	NAN	
76.601	-3.225	0	14.4	NAN	
76.701	-3.225	0	14.4	NAN	
76.801	-3.225	0	14.4	NAN	
76.901	-3.225	0	14.4	NAN	
77.001	-3.225	0	14.4	NAN	
77.101	-3.225	0	14.4	NAN	
77.201	-3.225	0	14.4	NAN	
77.301	-3.225	0	14.4	NAN	
77.401	-3.225	0	14.4	NAN	
77.501	-3.225	0	14.4	NAN	
77.601	-3.225	0	14.4	NAN	
77.701	-3.225	0	14.4	NAN	
77.801	-3.225	0	14.4	NAN	
77.901	-3.225	0	14.4	NAN	
78.001	-3.225	0	14.4	NAN	
78.101	-3.225	0	14.4	NAN	
78.201	-3.225	0	14.4	NAN	
78.301	-3.225	0	14.4	NAN	
78.401	-3.225	0	14.4	NAN	
78.501	-3.225	0	14.4	NAN	
78.601	-3.225	0	14.4	NAN	
78.701	-3.225	0	14.4	NAN	
78.801	-3.225	0	14.4	NAN	
78.901	-3.225	0	14.4	NAN	
79.001	-3.225	0	14.4	NAN	
79.101	-3.225	0	14.4	NAN	
79.201	-3.225	0	14.4	NAN	
79.301	-3.225	0	14.4	NAN	
79.401	-3.225	0	14.4	NAN	
79.501	-3.225	0	14.4	NAN	
79.601	-3.225	0	14.4	NAN	
79.701	-3.225	0	14.4	NAN	
79.801	-3.225	0	14.4	NAN	
79.901	-3.225	0	14.4	NAN	
80.001	-3.225	0	14.4	NAN	
80.102	-3.225	0	14.4	NAN	
80.201	-3.225	0	14.4	NAN	
80.301	-3.225	0	14.4	NAN	
80.401	-3.225	0	14.4	NAN	
80.501	-3.24	0	14.4	NAN	
80.601	-3.24	0	14.4	NAN	
80.701	-3.24	0.0015	14.4	NAN	
80.801	-3.24	0.0015	14.4	NAN	
80.901	-3.24	0.0015	14.4	NAN	
81.001	-3.24	0.0015	14.4	NAN	
81.101	-3.24	0.0015	14.4	NAN	
81.201	-3.24	0.0015	14.4	NAN	
81.301	-3.24	0.0015	14.4	NAN	
81.401	-3.24	0.0015	14.4	NAN	
81.501	-5.16	0.0015	14.4	NAN	
81.601	-5.16	0.0015	14.4	NAN	
81.701	-5.16	1.275	147.15	NAN	
81.801	-5.16	1.275	147.15	NAN	
81.901	-5.16	1.275	147.15	NAN	
82.001	-5.16	1.275	147.15	NAN	
82.101	-5.16	1.275	147.15	NAN	
82.201	-5.16	1.275	147.15	NAN	
82.301	-5.16	1.275	147.15	NAN	
82.401	-5.16	1.275	147.15	NAN	
82.501	-5.355	1.275	147.15	NAN	
82.601	-5.355	1.275	147.15	NAN	
82.701	-5.355	1.641	177.3	NAN	
82.801	-5.355	1.641	177.3	NAN	
82.901	-5.355	1.641	177.3	NAN	
83.001	-5.355	1.641	177.3	NAN	
83.101	-5.355	1.641	177.3	NAN	
83.201	-5.355	1.641	177.3	NAN	
83.301	-5.355	1.641	177.3	NAN	
83.401	-5.355	1.641	177.3	NAN	
83.501	-5.355	1.641	177.3	NAN	
83.601	-5.355	1.641	177.3	NAN	
83.701	-5.355	1.6425	177.3	NAN	
83.801	-5.355	1.6425	177.3	NAN	
83.901	-5.355	1.6425	177.3	NAN	
84.001	-5.355	1.6425	177.3	NAN	
84.101	-5.355	1.6425	177.3	NAN	
84.201	-5.355	1.6425	177.3	NAN	
84.301	-5.355	1.6425	177.3	NAN	
84.401	-5.355	1.6425	177.3	NAN	
84.501	-5.34	1.6425	177.3	NAN	
84.601	-5.34	1.6425	177.3	NAN	
84.701	-5.34	1.644	177.3	NAN	
84.801	-5.34	1.644	177.3	NAN	
84.901	-5.34	1.644	177.3	NAN	
85.001	-5.34	1.644	177.3	NAN	
85.101	-5.34	1.644	177.3	NAN	
85.201	-5.34	1.644	177.3	NAN	
85.301	-5.34	1.644	177.3	NAN	
85.401	-5.34	1.644	177.3	NAN	
85.501	-5.34	1.644	177.3	NAN	
85.601	-5.34	1.644	177.3	NAN	
85.701	-5.34	1.6425	177.3	NAN	
85.801	-5.34	1.6425	177.3	NAN	
85.901	-5.34	1.6425	177.3	NAN	
86.001	-5.34	1.6425	177.3	NAN	
86.101	-5.34	1.6425	177.3	NAN	
86.201	-5.34	1.6425	177.3	NAN	
86.301	-5.34	1.6425	177.3	NAN	
86.401	-5.34	1.6425	177.3	NAN	
86.501	-5.34	1.6425	177.3	NAN	
86.601	-5.34	1.6425	177.3	NAN	
86.701	-5.34	1.6395	177.15	NAN	
86.801	-5.34	1.6395	177.15	NAN	
86.901	-5.34	1.6395	177.15	NAN	
87.001	-5.34	1.6395	177.15	NAN	
87.101	-5.34	1.6395	177.15	NAN	
87.201	-5.34	1.6395	177.15	NAN	
87.301	-5.34	1.6395	177.15	NAN	
87.401	-5.34	1.6395	177.15	NAN	
87.501	-5.325	1.6395	177.15	NAN	
87.601	-5.325	1.6395	177.15	NAN	
87.701	-5.325	1.641	177.3	NAN	
87.801	-5.325	1.641	177.3	NAN	
87.901	-5.325	1.641	177.3	NAN	
88.001	-5.325	1.641	177.3	NAN	
88.101	-5.325	1.641	177.3	NAN	
88.201	-5.325	1.641	177.3	NAN	
88.301	-5.325	1.641	177.3	NAN	
88.401	-5.325	1.641	177.3	NAN	
88.501	-5.34	1.641	177.3	NAN	
88.601	-5.34	1.641	177.3	NAN	
88.701	-5.34	1.641	177.3	NAN	
88.801	-5.34	1.641	177.3	NAN	
88.901	-5.34	1.641	177.3	NAN	
89.001	-5.34	1.641	177.3	NAN	
89.101	-5.34	1.641	177.3	NAN	
89.201	-5.34	1.641	177.3	NAN	
89.301	-5.34	1.641	177.3	NAN	
89.401	-5.34	1.641	177.3	NAN	
89.501	-5.325	1.641	177.3	NAN	
89.601	-5.325	1.641	177.3	NAN	
89.701	-5.325	1.641	177.3	NAN	
89.801	-5.325	1.641	177.3	NAN	
89.901	-5.325	1.641	177.3	NAN	
90.001	-5.325	1.641	177.3	NAN	
90.101	-5.325	1.641	177.3	NAN	
90.201	-5.325	1.641	177.3	NAN	
90.301	-5.325	1.641	177.3	NAN	
90.401	-5.325	1.641	177.3	NAN	
90.501	-5.325	1.641	177.3	NAN	
90.601	-5.325	1.641	177.3	NAN	
90.701	-5.325	1.6425	177.3	NAN	
90.801	-5.325	1.6425	177.3	NAN	
90.901	-5.325	1.6425	177.3	NAN	
91.001	-5.325	1.6425	177.3	NAN	
91.101	-5.325	1.6425	177.3	NAN	
91.201	-5.325	1.6425	177.3	NAN	
91.301	-5.325	1.6425	177.3	NAN	
91.401	-5.325	1.6425	177.3	NAN	
91.501	-5.31	1.6425	177.3	NAN	
91.601	-5.31	1.6425	177.3	NAN	
91.701	-5.31	1.641	177.3	NAN	
91.801	-5.31	1.641	177.3	NAN	
91.901	-5.31	1.641	177.3	NAN	
92.001	-5.31	1.641	177.3	NAN	
92.101	-5.31	1.641	177.3	NAN	
92.201	-5.31	1.641	177.3	NAN	
92.301	-5.31	1.641	177.3	NAN	
92.401	-5.31	1.641	177.3	NAN	
92.501	-5.31	1.641	177.3	NAN	
92.601	-5.31	1.641	177.3	NAN	
92.701	-5.31	1.641	177.15	NAN	
92.801	-5.31	1.641	177.15	NAN	
92.901	-5.31	1.641	177.15	NAN	
93.001	-5.31	1.641	177.15	NAN	
93.101	-5.31	1.641	177.15	NAN	
93.201	-5.31	1.641	177.15	NAN	
93.301	-5.31	1.641	177.15	NAN	
93.401	-5.31	1.641	177.15	NAN	
93.501	-5.31	1.641	177.15	NAN	
93.601	-5.31	1.641	177.15	NAN	
93.701	-5.31	1.638	177.15	NAN	
93.801	-5.31	1.638	177.15	NAN	
93.901	-5.31	1.638	177.15	NAN	
94.001	-5.31	1.638	177.15	NAN	
94.101	-5.31	1.638	177.15	NAN	
94.201	-5.31	1.638	177.15	NAN	
94.301	-5.31	1.638	177.15	NAN	
94.401	-5.31	1.638	177.15	NAN	
94.501	-5.31	1.638	177.15	NAN	
94.601	-5.31	1.638	177.15	NAN	
94.701	-5.31	1.638	177.15	NAN	
94.801	-5.31	1.638	177.15	NAN	
94.901	-5.31	1.638	177.15	NAN	
95.001	-5.31	1.638	177.15	NAN	
95.101	-5.31	1.638	177.15	NAN	
95.201	-5.31	1.638	177.15	NAN	
95.301	-5.31	1.638	177.15	NAN	
95.401	-5.31	1.638	177.15	NAN	
95.501	-5.31	1.638	177.15	NAN	
95.601	-5.31	1.638	177.15	NAN	
95.701	-5.31	1.638	177.15	NAN	
95.801	-5.31	1.638	177.15	NAN	
95.901	-5.31	1.638	177.15	NAN	
96.001	-5.31	1.638	177.15	NAN	
96.101	-5.31	1.638	177.15	NAN	
96.201	-5.31	1.638	177.15	NAN	
96.301	-5.31	1.638	177.15	NAN	
96.401	-5.31	1.638	177.15	NAN	
96.501	-5.295	1.638	177.15	NAN	
96.601	-5.295	1.638	177.15	NAN	
96.701	-5.295	1.638	177.15	NAN	
96.801	-5.295	1.638	177.15	NAN	
96.901	-5.295	1.638	177.15	NAN	
97.001	-5.295	1.638	177.15	NAN	
97.101	-5.295	1.638	177.15	NAN	
97.201	-5.295	1.638	177.15	NAN	
97.301	-5.295	1.638	177.15	NAN	
97.401	-5.295	1.638	177.15	NAN	
97.501	-5.295	1.638	177.15	NAN	
97.601	-5.295	1.638	177.15	NAN	
97.701	-5.295	1.638	177.15	NAN	
97.801	-5.295	1.638	177.15	NAN	
97.901	-5.295	1.638	177.15	NAN	
98.001	-5.295	1.638	177.15	NAN	
98.101	-5.295	1.638	177.15	NAN	
98.201	-5.295	1.638	177.15	NAN	
98.301	-5.295	1.638	177.15	NAN	
98.401	-5.295	1.638	177.15	NAN	
98.501	-5.295	1.638	177.15	NAN	
98.601	-5.295	1.638	177.15	NAN	
98.701	-5.295	1.638	177.15	NAN	
98.801	-5.295	1.6395	177.15	NAN	
98.901	-5.295	1.6395	177.15	NAN	
99.001	-5.295	1.6395	177.15	NAN	
99.101	-5.295	1.6395	177.15	NAN	
99.201	-5.295	1.6395	177.15	NAN	
99.301	-5.295	1.6395	177.15	NAN	
99.401	-5.295	1.6395	177.15	NAN	
99.501	-5.295	1.6395	177.15	NAN	
99.601	-5.295	1.6395	177.15	NAN	
99.701	-5.295	1.6395	177.15	NAN	
99.801	-5.295	1.638	177.15	NAN	
99.901	-5.295	1.638	177.15	NAN	
100.001	-5.295	1.638	177.15	NAN	
100.101	-5.295	1.638	177.15	NAN	
100.201	-5.295	1.638	177.15	NAN	
100.301	-5.295	1.638	177.15	NAN	
100.401	-5.295	1.638	177.15	NAN	
100.501	-5.295	1.638	177.15	NAN	
100.601	-5.295	1.638	177.15	NAN	
100.701	-5.295	1.638	177.15	NAN	
100.801	-5.295	1.638	177.15	NAN	
100.901	-5.295	1.638	177.15	NAN	
101.001	-5.295	1.638	177.15	NAN	
101.101	-5.295	1.638	177.15	NAN	
101.201	-5.295	1.638	177.15	NAN	
101.301	-5.295	1.638	177.15	NAN	
101.401	-5.295	1.638	177.15	NAN	
101.501	-5.295	1.638	177.15	NAN	
101.601	-5.295	1.638	177.15	NAN	
101.701	-5.295	1.638	177	NAN	
101.801	-5.295	1.6365	177	NAN	
101.901	-5.295	1.6365	177	NAN	
102.001	-5.295	1.6365	177	NAN	
102.101	-5.295	1.6365	177	NAN	
102.201	-5.295	1.6365	177	NAN	
102.301	-5.295	1.6365	177	NAN	
102.401	-5.295	1.6365	177	NAN	
102.501	-5.28	1.6365	177	NAN	
102.601	-5.28	1.6365	177	NAN	
102.701	-5.28	1.6365	177	NAN	
102.801	-5.28	1.6335	177	NAN	
102.901	-5.28	1.6335	177	NAN	
103.001	-5.28	1.6335	177	NAN	
103.101	-5.28	1.6335	177	NAN	
103.201	-5.28	1.6335	177	NAN	
103.301	-5.28	1.6335	177	NAN	
103.401	-5.28	1.6335	177	NAN	
103.501	-5.28	1.6335	177	NAN	
103.601	-5.28	1.6335	177	NAN	
103.701	-5.28	1.6335	177	NAN	
103.801	-5.28	1.6365	177	NAN	
103.901	-5.28	1.6365	177	NAN	
104.001	-5.28	1.6365	177	NAN	
104.101	-5.28	1.6365	177	NAN	
104.201	-5.28	1.6365	177	NAN	
104.301	-5.28	1.6365	177	NAN	
104.401	-5.28	1.6365	177	NAN	
104.501	-5.28	1.6365	177	NAN	
104.601	-5.28	1.6365	177	NAN	
104.701	-5.28	1.6365	177	NAN	
104.801	-5.28	1.6365	177	NAN	
104.901	-5.28	1.6365	177	NAN	
105.001	-5.28	1.6365	177	NAN	
105.101	-5.28	1.6365	177	NAN	
105.201	-5.28	1.6365	177	NAN	
105.301	-5.28	1.6365	177	NAN	
105.401	-5.28	1.6365	177	NAN	
105.501	-5.28	1.6365	177	NAN	
105.601	-5.28	1.6365	177	NAN	
105.701	-5.28	1.6365	177	NAN	
105.801	-5.28	1.6365	177	NAN	
105.901	-5.28	1.6365	177	NAN	
106.001	-5.28	1.6365	177	NAN	
106.101	-5.28	1.6365	177	NAN	
106.205	-5.28	1.6365	177	NAN	
106.301	-5.28	1.6365	177	NAN	
106.401	-5.28	1.6365	177	NAN	
106.501	-5.28	1.6365	177	NAN	
106.601	-5.28	1.6365	177	NAN	
106.701	-5.28	1.6365	177	NAN	
106.801	-5.28	1.635	177	NAN	
106.901	-5.28	1.635	177	NAN	
107.001	-5.28	1.635	177	NAN	
107.101	-5.28	1.635	177	NAN	
107.201	-5.28	1.635	177	NAN	
107.301	-5.28	1.635	177	NAN	
107.401	-5.28	1.635	177	NAN	
107.501	-5.28	1.635	177	NAN	
107.601	-5.28	1.635	177	NAN	
107.701	-5.28	1.635	177	NAN	
107.801	-5.28	1.638	177	NAN	
107.901	-5.28	1.638	177	NAN	
108.001	-5.28	1.638	177	NAN	
108.101	-5.28	1.638	177	NAN	
108.201	-5.28	1.638	177	NAN	
108.301	-5.28	1.638	177	NAN	
108.401	-5.28	1.638	177	NAN	
108.501	-5.28	1.638	177	NAN	
108.601	-5.28	1.638	177	NAN	
108.701	-5.28	1.638	177	NAN	
108.801	-5.28	1.638	177	NAN	
108.901	-5.28	1.638	177	NAN	
109.001	-5.28	1.638	177	NAN	
109.101	-5.28	1.638	177	NAN	
109.201	-5.28	1.638	177	NAN	
109.301	-5.28	1.638	177	NAN	
109.401	-5.28	1.638	177	NAN	
109.501	-5.28	1.638	177	NAN	
109.601	-5.28	1.638	177	NAN	
109.701	-5.28	1.638	177	NAN	
109.801	-5.28	1.635	177	NAN	
109.901	-5.28	1.635	177	NAN	
110.001	-5.28	1.635	177	NAN	
110.101	-5.28	1.635	177	NAN	
110.201	-5.28	1.635	177	NAN	
110.301	-5.28	1.635	177	NAN	
110.401	-5.28	1.635	177	NAN	
110.501	-5.28	1.635	177	NAN	
110.601	-5.28	1.635	177	NAN	
110.701	-5.28	1.635	177	NAN	
110.801	-5.28	1.635	177	NAN	
110.901	-5.28	1.635	177	NAN	
111.001	-5.28	1.635	177	NAN	
111.101	-5.28	1.635	177	NAN	
111.201	-5.28	1.635	177	NAN	
111.301	-5.28	1.635	177	NAN	
111.401	-5.28	1.635	177	NAN	
111.501	-5.28	1.635	177	NAN	
111.601	-5.28	1.635	177	NAN	
111.701	-5.28	1.635	177	NAN	
111.801	-5.28	1.635	177	NAN	
111.901	-5.28	1.635	177	NAN	
112.001	-5.28	1.635	177	NAN	
112.101	-5.28	1.635	177	NAN	
112.201	-5.28	1.635	177	NAN	
112.301	-5.28	1.635	177	NAN	
112.401	-5.28	1.635	177	NAN	
112.501	-5.295	1.635	177	NAN	
112.601	-5.295	1.635	177	NAN	
112.701	-5.295	1.635	177	NAN	
112.801	-5.295	1.635	177	NAN	
112.901	-5.295	1.635	177	NAN	
113.001	-5.295	1.635	177	NAN	
113.101	-5.295	1.635	177	NAN	
113.201	-5.295	1.635	177	NAN	
113.301	-5.295	1.635	177	NAN	
113.401	-5.295	1.635	177	NAN	
113.501	-5.28	1.635	177	NAN	
113.601	-5.28	1.635	177	NAN	
113.701	-5.28	1.635	177	NAN	
113.801	-5.28	1.6365	177	NAN	
113.901	-5.28	1.6365	177	NAN	
114.001	-5.28	1.6365	177	NAN	
114.101	-5.28	1.6365	177	NAN	
114.201	-5.28	1.6365	177	NAN	
114.301	-5.28	1.6365	177	NAN	
114.401	-5.28	1.6365	177	NAN	
114.501	-5.28	1.6365	177	NAN	
114.601	-5.28	1.6365	177	NAN	
114.701	-5.28	1.6365	177	NAN	
114.801	-5.28	1.6335	176.85	NAN	
114.901	-5.28	1.6335	176.85	NAN	
115.001	-5.28	1.6335	176.85	NAN	
115.101	-5.28	1.6335	176.85	NAN	
115.201	-5.28	1.6335	176.85	NAN	
115.301	-5.28	1.6335	176.85	NAN	
115.401	-5.28	1.6335	176.85	NAN	
115.501	-5.28	1.6335	176.85	NAN	
115.601	-5.28	1.6335	176.85	NAN	
115.701	-5.28	1.6335	176.85	NAN	
115.801	-5.28	1.635	176.85	NAN	
115.901	-5.28	1.635	176.85	NAN	
116.001	-5.28	1.635	176.85	NAN	
116.101	-5.28	1.635	176.85	NAN	
116.201	-5.28	1.635	176.85	NAN	
116.301	-5.28	1.635	176.85	NAN	
116.401	-5.28	1.635	176.85	NAN	
116.501	-5.28	1.635	176.85	NAN	
116.601	-5.28	1.635	176.85	NAN	
116.701	-5.28	1.635	176.85	NAN	
116.801	-5.28	1.635	176.85	NAN	
116.901	-5.28	1.635	176.85	NAN	
117.001	-5.28	1.635	176.85	NAN	
117.101	-5.28	1.635	176.85	NAN	
117.201	-5.28	1.635	176.85	NAN	
117.301	-5.28	1.635	176.85	NAN	
117.401	-5.28	1.635	176.85	NAN	
117.501	-5.265	1.635	176.85	NAN	
117.601	-5.265	1.635	176.85	NAN	
117.701	-5.265	1.635	176.85	NAN	
117.801	-5.265	1.635	176.85	NAN	
117.901	-5.265	1.635	176.85	NAN	
118.001	-5.265	1.635	176.85	NAN	
118.101	-5.265	1.635	176.85	NAN	
118.201	-5.265	1.635	176.85	NAN	
118.301	-5.265	1.635	176.85	NAN	
118.401	-5.265	1.635	176.85	NAN	
118.501	-4.65	1.635	176.85	NAN	
118.601	-4.65	1.635	176.85	NAN	
118.701	-4.65	1.635	176.85	NAN	
118.801	-4.65	1.005	125.7	NAN	
118.901	-4.65	1.005	125.7	NAN	
119.001	-4.65	1.005	125.7	NAN	
119.101	-4.65	1.005	125.7	NAN	
119.201	-4.65	1.005	125.7	NAN	
119.301	-4.65	1.005	125.7	NAN	
119.401	-4.65	1.005	125.7	NAN	
119.501	-3	1.005	125.7	NAN	
119.601	-3	1.005	125.7	NAN	
119.701	-3	1.005	125.7	NAN	
119.801	-3	0.0195	17.55	NAN	
119.901	-3	0.0195	17.55	NAN	
120.001	-3	0.0195	17.55	NAN	
120.101	-3	0.0195	17.55	NAN	
120.201	-3	0.0195	17.55	NAN	
120.301	-3	0.0195	17.55	NAN	
120.401	-3	0.0195	17.55	NAN	
120.501	-3.15	0.0195	17.55	NAN	
120.601	-3.15	0.0195	17.55	NAN	
120.701	-3.15	0.0195	17.55	NAN	
120.801	-3.15	0	14.7	NAN	
120.901	-3.15	0	14.7	NAN	
121.001	-3.15	0	14.7	NAN	
121.101	-3.15	0	14.7	NAN	
121.201	-3.15	0	14.7	NAN	
121.301	-3.15	0	14.7	NAN	
121.401	-3.15	0	14.7	NAN	
121.501	-3.15	0	14.7	NAN	
121.601	-3.15	0	14.7	NAN	
121.701	-3.15	0	14.7	NAN	
121.801	-3.15	0	14.7	NAN	
121.901	-3.15	0	14.7	NAN	
122.001	-3.15	0	14.7	NAN	
122.101	-3.15	0	14.7	NAN	
122.201	-3.15	0	14.7	NAN	
122.301	-3.15	0	14.7	NAN	
122.401	-3.15	0	14.7	NAN	
122.501	-3.15	0	14.7	NAN	
122.601	-3.15	0	14.7	NAN	
122.701	-3.15	0	14.7	NAN	
122.801	-3.15	0	14.7	NAN	
122.901	-3.15	0	14.7	NAN	
123.001	-3.15	0	14.7	NAN	
123.101	-3.15	0	14.7	NAN	
123.201	-3.15	0	14.7	NAN	
123.301	-3.15	0	14.7	NAN	
123.401	-3.15	0	14.7	NAN	
123.501	-3.15	0	14.7	NAN	
123.601	-3.15	0	14.7	NAN	
123.701	-3.15	0	14.7	NAN	
123.801	-3.15	0	14.7	NAN	
123.901	-3.15	0	14.7	NAN	
124.001	-3.15	0	14.7	NAN	
124.101	-3.15	0	14.7	NAN	
124.201	-3.15	0	14.7	NAN	
124.301	-3.15	0	14.7	NAN	
124.401	-3.15	0	14.7	NAN	
124.501	-3.15	0	14.7	NAN	
124.601	-3.15	0	14.7	NAN	
124.701	-3.15	0	14.7	NAN	
124.801	-3.15	0	14.7	NAN	
124.901	-3.15	0	14.7	NAN	
125.001	-3.15	0	14.7	NAN	
125.101	-3.15	0	14.7	NAN	
125.201	-3.15	0	14.7	NAN	
125.301	-3.15	0	14.7	NAN	
125.401	-3.15	0	14.7	NAN	
125.501	-3.165	0	14.7	NAN	
125.601	-3.165	0	14.7	NAN	
125.701	-3.165	0	14.7	NAN	
125.801	-3.165	0	14.7	NAN	
125.901	-3.165	0	14.7	NAN	
126.001	-3.165	0	14.7	NAN	
126.101	-3.165	0	14.7	NAN	
126.201	-3.165	0	14.7	NAN	
126.301	-3.165	0	14.7	NAN	
126.401	-3.165	0	14.7	NAN	
126.501	-3.165	0	14.7	NAN	
126.601	-3.165	0	14.7	NAN	
126.701	-3.165	0	14.7	NAN	
126.801	-3.165	0	14.7	NAN	
126.901	-3.165	0	14.7	NAN	
127.001	-3.165	0	14.7	NAN	
127.101	-3.165	0	14.7	NAN	
127.201	-3.165	0	14.7	NAN	
127.301	-3.165	0	14.7	NAN	
127.401	-3.165	0	14.7	NAN	
127.501	-3.165	0	14.7	NAN	
127.601	-3.165	0	14.7	NAN	
127.701	-3.165	0	14.7	NAN	
127.801	-3.165	0	14.7	NAN	
127.901	-3.165	0	14.7	NAN	
128.001	-3.165	0	14.7	NAN	
128.101	-3.165	0	14.7	NAN	
128.201	-3.165	0	14.7	NAN	
128.301	-3.165	0	14.7	NAN	
128.401	-3.165	0	14.7	NAN	
128.501	-3.165	0	14.7	NAN	
128.601	-3.165	0	14.7	NAN	
128.701	-3.165	0	14.7	NAN	
128.801	-3.165	0	14.7	NAN	
128.901	-3.165	0	14.7	NAN	
129.001	-3.165	0	14.7	NAN	
129.101	-3.165	0	14.7	NAN	
129.201	-3.165	0	14.7	NAN	
129.301	-3.165	0	14.7	NAN	
129.401	-3.165	0	14.7	NAN	
129.501	-3.165	0	14.7	NAN	
129.601	-3.165	0	14.7	NAN	
129.701	-3.165	0	14.7	NAN	
129.801	-3.165	0	14.7	NAN	
129.901	-3.165	0	14.7	NAN	
130.001	-3.165	0	14.7	NAN	
130.101	-3.165	0	14.7	NAN	
130.201	-3.165	0	14.7	NAN	
130.301	-3.165	0	14.7	NAN	
130.401	-3.165	0	14.7	NAN	
130.501	-3.18	0	14.7	NAN	
130.601	-3.18	0	14.7	NAN	
130.701	-3.18	0	14.7	NAN	
130.801	-3.18	0	14.7	NAN	
130.901	-3.18	0	14.7	NAN	
131.001	-3.18	0	14.7	NAN	
131.101	-3.18	0	14.7	NAN	
131.201	-3.18	0	14.7	NAN	
131.301	-3.18	0	14.7	NAN	
131.401	-3.18	0	14.7	NAN	
131.501	-3.18	0	14.7	NAN	
131.601	-3.18	0	14.7	NAN	
131.701	-3.18	0	14.7	NAN	
131.801	-3.18	0	14.7	NAN	
131.901	-3.18	0	14.7	NAN	
132.001	-3.18	0	14.7	NAN	
132.101	-3.18	0	14.7	NAN	
132.201	-3.18	0	14.7	NAN	
132.301	-3.18	0	14.7	NAN	
132.401	-3.18	0	14.7	NAN	
132.501	-3.18	0	14.7	NAN	
132.601	-3.18	0	14.7	NAN	
132.701	-3.18	0	14.7	NAN	
132.801	-3.18	0	14.7	NAN	
132.901	-3.18	0	14.7	NAN	
133.001	-3.18	0	14.7	NAN	
133.101	-3.18	0	14.7	NAN	
133.201	-3.18	0	14.7	NAN	
133.301	-3.18	0	14.7	NAN	
133.401	-3.18	0	14.7	NAN	
133.501	-3.18	0	14.7	NAN	
133.601	-3.18	0	14.7	NAN	
133.701	-3.18	0	14.7	NAN	
133.801	-3.18	0	14.7	NAN	
133.901	-3.18	0	14.7	NAN	
134.001	-3.18	0	14.7	NAN	
134.101	-3.18	0	14.7	NAN	
134.201	-3.18	0	14.7	NAN	
134.301	-3.18	0	14.7	NAN	
134.401	-3.18	0	14.7	NAN	
134.501	-3.195	0	14.7	NAN	
134.601	-3.195	0	14.7	NAN	
134.701	-3.195	0	14.7	NAN	
134.801	-3.195	0	14.7	NAN	
134.901	-3.195	0	14.7	NAN	
135.001	-3.195	0	14.7	NAN	
135.101	-3.195	0	14.7	NAN	
135.201	-3.195	0	14.7	NAN	
135.301	-3.195	0	14.7	NAN	
135.401	-3.195	0	14.7	NAN	
135.501	-3.195	0	14.7	NAN	
135.601	-3.195	0	14.7	NAN	
135.701	-3.195	0	14.7	NAN	
135.801	-3.195	0	14.7	NAN	
135.901	-3.195	0	14.7	NAN	
136.001	-3.195	0	14.7	NAN	
136.101	-3.195	0	14.7	NAN	
136.201	-3.195	0	14.7	NAN	
136.301	-3.195	0	14.7	NAN	
136.401	-3.195	0	14.7	NAN	
136.501	-3.195	0	14.7	NAN	
136.601	-3.195	0	14.7	NAN	
136.701	-3.195	0	14.7	NAN	
136.801	-3.195	0	14.7	NAN	
136.901	-3.195	0	14.7	NAN	
137.001	-3.195	0	14.7	NAN	
137.101	-3.195	0	14.7	NAN	
137.201	-3.195	0	14.7	NAN	
137.301	-3.195	0	14.7	NAN	
137.401	-3.195	0	14.7	NAN	
137.501	-3.195	0	14.7	NAN	
137.601	-3.195	0	14.7	NAN	
137.701	-3.195	0	14.7	NAN	
137.801	-3.195	0	14.7	NAN	
137.901	-3.195	0	14.7	NAN	
138.001	-3.195	0	14.7	NAN	
138.101	-3.195	0	14.7	NAN	
138.201	-3.195	0	14.7	NAN	
138.301	-3.195	0	14.7	NAN	
138.401	-3.195	0	14.7	NAN	
138.501	-3.195	0	14.7	NAN	
138.601	-3.195	0	14.7	NAN	
138.701	-3.195	0	14.7	NAN	
138.801	-3.195	0	14.7	NAN	
138.901	-3.195	0	14.7	NAN	
139.001	-3.195	0	14.7	NAN	
139.101	-3.195	0	14.7	NAN	
139.201	-3.195	0	14.7	NAN	
139.301	-3.195	0	14.7	NAN	
139.401	-3.195	0	14.7	NAN	
139.501	-3.195	0	14.7	NAN	
139.601	-3.195	0	14.7	NAN	
139.701	-3.195	0	14.7	NAN	
139.801	-3.195	0	14.7	NAN	
139.901	-3.195	0	14.7	NAN	
140.001	-3.195	0	14.7	NAN	
140.101	-3.195	0	14.7	NAN	
140.201	-3.195	0	14.7	NAN	
140.301	-3.195	0	14.7	NAN	
140.401	-3.195	0	14.7	NAN	
140.501	-3.21	0	14.7	NAN	
140.601	-3.21	0	14.7	NAN	
140.701	-3.21	0	14.7	NAN	
140.801	-3.21	0	14.7	NAN	
140.901	-3.21	0	14.7	NAN	
141.001	-3.21	0	14.7	NAN	
141.101	-3.21	0	14.7	NAN	
141.201	-3.21	0	14.7	NAN	
141.301	-3.21	0	14.7	NAN	
141.401	-3.21	0	14.7	NAN	
141.501	-3.21	0	14.7	NAN	
141.601	-3.21	0	14.7	NAN	
141.701	-3.21	0	14.7	NAN	
141.801	-3.21	0	14.7	NAN	
141.901	-3.21	0	14.7	NAN	
142.001	-3.21	0	14.7	NAN	
142.101	-3.21	0	14.7	NAN	
142.201	-3.21	0	14.7	NAN	
142.301	-3.21	0	14.7	NAN	
142.401	-3.21	0	14.7	NAN	
142.501	-3.21	0	14.7	NAN	
142.601	-3.21	0	14.7	NAN	
142.701	-3.21	0	14.7	NAN	
142.801	-3.21	0	14.7	NAN	
142.901	-3.21	0	14.7	NAN	
143.001	-3.21	0	14.7	NAN	
143.101	-3.21	0	14.7	NAN	
143.201	-3.21	0	14.7	NAN	
143.301	-3.21	0	14.7	NAN	
143.401	-3.21	0	14.7	NAN	
143.501	-3.21	0	14.7	NAN	
143.601	-3.21	0	14.7	NAN	
143.701	-3.21	0	14.7	NAN	
143.801	-3.21	0	14.7	NAN	
143.901	-3.21	0	14.7	NAN	
144.001	-3.21	0	14.7	NAN	
144.101	-3.21	0	14.7	NAN	
144.201	-3.21	0	14.7	NAN	
144.301	-3.21	0	14.7	NAN	
144.401	-3.21	0	14.7	NAN	
144.501	-3.21	0	14.7	NAN	
144.601	-3.21	0	14.7	NAN	
144.701	-3.21	0	14.7	NAN	
144.801	-3.21	0	14.7	NAN	
144.901	-3.21	0	14.7	NAN	
145.001	-3.21	0	14.7	NAN	
145.101	-3.21	0	14.7	NAN	
145.201	-3.21	0	14.7	NAN	
145.301	-3.21	0	14.7	NAN	
145.401	-3.21	0	14.7	NAN	
145.501	-3.225	0	14.7	NAN	
145.601	-3.225	0	14.7	NAN	
145.701	-3.225	0	14.7	NAN	
145.801	-3.225	0	14.7	NAN	
145.901	-3.225	0	14.7	NAN	
146.001	-3.225	0	14.7	NAN	
146.101	-3.225	0	14.7	NAN	
146.201	-3.225	0	14.7	NAN	
146.301	-3.225	0	14.7	NAN	
146.401	-3.225	0	14.7	NAN	
146.501	-3.225	0	14.7	NAN	
146.601	-3.225	0	14.7	NAN	
146.701	-3.225	0	14.7	NAN	
146.801	-3.225	0	14.7	NAN	
146.901	-3.225	0	14.7	NAN	
147.001	-3.225	0	14.7	NAN	
147.101	-3.225	0	14.7	NAN	
147.201	-3.225	0	14.7	NAN	
147.301	-3.225	0	14.7	NAN	
147.401	-3.225	0	14.7	NAN	
147.501	-3.225	0	14.7	NAN	
147.601	-3.225	0	14.7	NAN	
147.701	-3.225	0	14.7	NAN	
147.801	-3.225	0	14.7	NAN	
147.901	-3.225	0	14.7	NAN	
148.001	-3.225	0	14.7	NAN	
148.101	-3.225	0	14.7	NAN	
148.201	-3.225	0	14.7	NAN	
148.301	-3.225	0	14.7	NAN	
148.401	-3.225	0	14.7	NAN	
148.501	-3.225	0	14.7	NAN	
148.601	-3.225	0	14.7	NAN	
148.701	-3.225	0	14.7	NAN	
148.801	-3.225	0	14.7	NAN	
148.901	-3.225	0	14.7	NAN	
149.001	-3.225	0	14.7	NAN	
149.101	-3.225	0	14.7	NAN	
149.201	-3.225	0	14.7	NAN	
149.301	-3.225	0	14.7	NAN	
149.401	-3.225	0	14.7	NAN	
149.501	-3.225	0	14.7	NAN	
149.601	-3.225	0	14.7	NAN	
149.701	-3.225	0	14.7	NAN	
149.801	-3.225	0	14.7	NAN	
149.901	-3.225	0	14.7	NAN	
150.001	-3.225	0	14.7	NAN	
150.101	-3.225	0	14.7	NAN	
150.201	-3.225	0	14.7	NAN	
150.301	-3.225	0	14.7	NAN	
150.401	-3.225	0	14.7	NAN	
150.501	-3.225	0	14.7	NAN	
150.601	-3.225	0	14.7	NAN	
150.701	-3.225	0	14.7	NAN	
150.801	-3.225	0	14.7	NAN	
150.901	-3.225	0	14.7	NAN	
151.001	-3.225	0	14.7	NAN	
151.101	-3.225	0	14.7	NAN	
151.201	-3.225	0	14.7	NAN	
151.301	-3.225	0	14.7	NAN	
151.401	-3.225	0	14.7	NAN	
151.501	-3.225	0	14.7	NAN	
151.601	-3.225	0	14.7	NAN	
151.701	-3.225	0	14.7	NAN	
151.801	-3.225	0	14.7	NAN	
151.901	-3.225	0	14.7	NAN	
152.001	-3.225	0	14.7	NAN	
152.101	-3.225	0	14.7	NAN	
152.201	-3.225	0	14.7	NAN	
152.301	-3.225	0	14.7	NAN	
152.401	-3.225	0	14.7	NAN	
152.501	-3.225	0	14.7	NAN	
152.601	-3.225	0	14.7	NAN	
152.701	-3.225	0	14.7	NAN	
152.801	-3.225	0	14.7	NAN	
152.901	-3.225	0	14.7	NAN	
153.001	-3.225	0	14.7	NAN	
153.101	-3.225	0	14.7	NAN	
153.201	-3.225	0	14.7	NAN	
153.301	-3.225	0	14.7	NAN	
153.401	-3.225	0	14.7	NAN	
153.501	-3.225	0	14.7	NAN	
153.601	-3.225	0	14.7	NAN	
153.701	-3.225	0	14.7	NAN	
153.801	-3.225	0	14.7	NAN	
153.901	-3.225	0	14.7	NAN	
154.001	-3.225	0	14.7	NAN	
154.101	-3.225	0	14.7	NAN	
154.201	-3.225	0	14.7	NAN	
154.301	-3.225	0	14.7	NAN	
154.401	-3.225	0	14.7	NAN	
154.501	-3.225	0	14.7	NAN	
154.601	-3.225	0	14.7	NAN	
154.701	-3.225	0	14.7	NAN	
154.801	-3.225	0	14.7	NAN	
154.901	-3.225	0	14.7	NAN	
155.001	-3.225	0	14.7	NAN	
155.101	-3.225	0	14.7	NAN	
155.201	-3.225	0	14.7	NAN	
155.301	-3.225	0	14.7	NAN	
155.401	-3.225	0	14.7	NAN	
155.501	-3.225	0	14.7	NAN	
155.601	-3.225	0	14.7	NAN	
155.701	-3.225	0	14.7	NAN	
155.801	-3.225	0	14.7	NAN	
155.901	-3.225	0	14.7	NAN	
156.001	-3.225	0	14.7	NAN	
156.101	-3.225	0	14.7	NAN	
156.201	-3.225	0	14.7	NAN	
156.301	-3.225	0	14.7	NAN	
156.402	-3.225	0	14.7	NAN	
156.501	-3.225	0	14.7	NAN	
156.601	-3.225	0	14.7	NAN	
156.701	-3.225	0	14.7	NAN	
156.801	-3.225	0	14.7	NAN	
156.901	-3.225	0	14.7	NAN	
157.001	-3.225	0	14.7	NAN	
157.101	-3.225	0	14.7	NAN	
157.201	-3.225	0	14.7	NAN	
157.301	-3.225	0	14.7	NAN	
157.401	-3.225	0	14.7	NAN	
157.501	-3.225	0	14.7	NAN	
157.601	-3.225	0	14.7	NAN	
157.701	-3.225	0	14.7	NAN	
157.801	-3.225	0	14.7	NAN	
157.901	-3.225	0	14.7	NAN	
158.001	-3.225	0	14.7	NAN	
158.101	-3.225	0	14.7	NAN	
158.201	-3.225	0	14.7	NAN	
158.301	-3.225	0	14.7	NAN	
158.401	-3.225	0	14.7	NAN	
158.501	-3.225	0	14.7	NAN	
158.601	-3.255	0	14.7	NAN	
158.701	-3.255	0	14.7	NAN	
158.801	-3.255	0.159	36	NAN	
158.901	-3.255	0.159	36	NAN	
159.001	-3.255	0.159	36	NAN	
159.101	-3.255	0.159	36	NAN	
159.201	-3.255	0.159	36	NAN	
159.301	-3.255	0.159	36	NAN	
159.401	-3.255	0.159	36	NAN	
159.501	-3.255	0.159	36	NAN	
159.601	-5.625	0.159	36	NAN	
159.701	-5.625	0.159	36	NAN	
159.801	-5.625	0.159	174.45	NAN	
159.901	-5.625	1.599	174.45	NAN	
160.001	-5.625	1.599	174.45	NAN	
160.101	-5.625	1.599	174.45	NAN	
160.201	-5.625	1.599	174.45	NAN	
160.301	-5.625	1.599	174.45	NAN	
160.401	-5.625	1.599	174.45	NAN	
160.501	-5.625	1.599	174.45	NAN	
160.601	-5.34	1.599	174.45	NAN	
160.701	-5.34	1.599	174.45	NAN	
160.801	-5.34	1.599	176.85	NAN	
160.901	-5.34	1.635	176.85	NAN	
161.001	-5.34	1.635	176.85	NAN	
161.101	-5.34	1.635	176.85	NAN	
161.201	-5.34	1.635	176.85	NAN	
161.301	-5.34	1.635	176.85	NAN	
161.401	-5.34	1.635	176.85	NAN	
161.501	-5.34	1.635	176.85	NAN	
161.601	-5.325	1.635	176.85	NAN	
161.701	-5.325	1.635	176.85	NAN	
161.801	-5.325	1.635	176.85	NAN	
161.901	-5.325	1.635	176.85	NAN	
162.001	-5.325	1.635	176.85	NAN	
162.101	-5.325	1.635	176.85	NAN	
162.201	-5.325	1.635	176.85	NAN	
162.301	-5.325	1.635	176.85	NAN	
162.401	-5.325	1.635	176.85	NAN	
162.501	-5.325	1.635	176.85	NAN	
162.601	-5.325	1.635	176.85	NAN	
162.701	-5.325	1.635	176.85	NAN	
162.801	-5.325	1.635	176.85	NAN	
162.901	-5.325	1.6335	176.85	NAN	
163.001	-5.325	1.6335	176.85	NAN	
163.101	-5.325	1.6335	176.85	NAN	
163.201	-5.325	1.6335	176.85	NAN	
163.301	-5.325	1.6335	176.85	NAN	
163.401	-5.325	1.6335	176.85	NAN	
163.501	-5.325	1.6335	176.85	NAN	
163.601	-5.325	1.6335	176.85	NAN	
163.701	-5.325	1.6335	176.85	NAN	
163.801	-5.325	1.6335	176.85	NAN	
163.901	-5.325	1.6365	176.85	NAN	
164.001	-5.325	1.6365	176.85	NAN	
164.101	-5.325	1.6365	176.85	NAN	
164.201	-5.325	1.6365	176.85	NAN	
164.301	-5.325	1.6365	176.85	NAN	
164.401	-5.325	1.6365	176.85	NAN	
164.501	-5.325	1.6365	176.85	NAN	
164.601	-5.31	1.6365	176.85	NAN	
164.701	-5.31	1.6365	176.85	NAN	
164.801	-5.31	1.6365	176.85	NAN	
164.901	-5.31	1.6365	176.85	NAN	
165.001	-5.31	1.6365	176.85	NAN	
165.101	-5.31	1.6365	176.85	NAN	
165.201	-5.31	1.6365	176.85	NAN	
165.301	-5.31	1.6365	176.85	NAN	
165.401	-5.31	1.6365	176.85	NAN	
165.501	-5.31	1.6365	176.85	NAN	
165.601	-5.31	1.6365	176.85	NAN	
165.701	-5.31	1.6365	176.85	NAN	
165.801	-5.31	1.6365	176.85	NAN	
165.901	-5.31	1.635	176.85	NAN	
166.001	-5.31	1.635	176.85	NAN	
166.101	-5.31	1.635	176.85	NAN	
166.201	-5.31	1.635	176.85	NAN	
166.301	-5.31	1.635	176.85	NAN	
166.401	-5.31	1.635	176.85	NAN	
166.501	-5.31	1.635	176.85	NAN	
166.601	-5.31	1.635	176.85	NAN	
166.701	-5.31	1.635	176.85	NAN	
166.801	-5.31	1.635	176.85	NAN	
166.901	-5.31	1.6335	176.85	NAN	
167.001	-5.31	1.6335	176.85	NAN	
167.101	-5.31	1.6335	176.85	NAN	
167.201	-5.31	1.6335	176.85	NAN	
167.301	-5.31	1.6335	176.85	NAN	
167.401	-5.31	1.6335	176.85	NAN	
167.501	-5.31	1.6335	176.85	NAN	
167.601	-5.31	1.6335	176.85	NAN	
167.701	-5.31	1.6335	176.85	NAN	
167.801	-5.31	1.6335	176.85	NAN	
167.901	-5.31	1.6335	176.85	NAN	
168.001	-5.31	1.6335	176.85	NAN	
168.101	-5.31	1.6335	176.85	NAN	
168.201	-5.31	1.6335	176.85	NAN	
168.301	-5.31	1.6335	176.85	NAN	
168.401	-5.31	1.6335	176.85	NAN	
168.501	-5.31	1.6335	176.85	NAN	
168.601	-5.31	1.6335	176.85	NAN	
168.701	-5.31	1.6335	176.85	NAN	
168.801	-5.31	1.6335	176.85	NAN	
168.901	-5.31	1.6335	176.85	NAN	
169.001	-5.31	1.6335	176.85	NAN	
169.101	-5.31	1.6335	176.85	NAN	
169.201	-5.31	1.6335	176.85	NAN	
169.301	-5.31	1.6335	176.85	NAN	
169.401	-5.31	1.6335	176.85	NAN	
169.501	-5.31	1.6335	176.85	NAN	
169.601	-5.295	1.6335	176.85	NAN	
169.701	-5.295	1.6335	176.85	NAN	
169.801	-5.295	1.6335	176.85	NAN	
169.901	-5.295	1.6335	176.85	NAN	
170.001	-5.295	1.6335	176.85	NAN	
170.101	-5.295	1.6335	176.85	NAN	
170.201	-5.295	1.6335	176.85	NAN	
170.301	-5.295	1.6335	176.85	NAN	
170.401	-5.295	1.6335	176.85	NAN	
170.501	-5.295	1.6335	176.85	NAN	
170.601	-5.31	1.6335	176.85	NAN	
170.701	-5.31	1.6335	176.85	NAN	
170.801	-5.31	1.6335	176.85	NAN	
170.901	-5.31	1.632	176.85	NAN	
171.001	-5.31	1.632	176.85	NAN	
171.101	-5.31	1.632	176.85	NAN	
171.201	-5.31	1.632	176.85	NAN	
171.301	-5.31	1.632	176.85	NAN	
171.401	-5.31	1.632	176.85	NAN	
171.501	-5.31	1.632	176.85	NAN	
171.601	-5.325	1.632	176.85	NAN	
171.701	-5.325	1.632	176.85	NAN	
171.801	-5.325	1.632	176.85	NAN	
171.901	-5.325	1.6335	176.85	NAN	
172.001	-5.325	1.6335	176.85	NAN	
172.101	-5.325	1.6335	176.85	NAN	
172.201	-5.325	1.6335	176.85	NAN	
172.301	-5.325	1.6335	176.85	NAN	
172.401	-5.325	1.6335	176.85	NAN	
172.501	-5.325	1.6335	176.85	NAN	
172.601	-5.325	1.6335	176.85	NAN	
172.701	-5.325	1.6335	176.85	NAN	
172.801	-5.325	1.6335	176.85	NAN	
172.901	-5.325	1.6335	176.85	NAN	
173.001	-5.325	1.6335	176.85	NAN	
173.101	-5.325	1.6335	176.85	NAN	
173.201	-5.325	1.6335	176.85	NAN	
173.301	-5.325	1.6335	176.85	NAN	
173.401	-5.325	1.6335	176.85	NAN	
173.501	-5.325	1.6335	176.85	NAN	
173.601	-5.325	1.6335	176.85	NAN	
173.701	-5.325	1.6335	176.85	NAN	
173.801	-5.325	1.6335	176.85	NAN	
173.901	-5.325	1.6335	176.85	NAN	
174.001	-5.325	1.6335	176.85	NAN	
174.101	-5.325	1.6335	176.85	NAN	
174.201	-5.325	1.6335	176.85	NAN	
174.301	-5.325	1.6335	176.85	NAN	
174.401	-5.325	1.6335	176.85	NAN	
174.501	-5.325	1.6335	176.85	NAN	
174.601	-5.355	1.6335	176.85	NAN	
174.701	-5.355	1.6335	176.85	NAN	
174.801	-5.355	1.6335	176.85	NAN	
174.901	-5.355	1.632	176.7	NAN	
175.001	-5.355	1.632	176.7	NAN	
175.101	-5.355	1.632	176.7	NAN	
175.201	-5.355	1.632	176.7	NAN	
175.301	-5.355	1.632	176.7	NAN	
175.401	-5.355	1.632	176.7	NAN	
175.501	-5.355	1.632	176.7	NAN	
175.601	-5.34	1.632	176.7	NAN	
175.701	-5.34	1.632	176.7	NAN	
175.801	-5.34	1.632	176.7	NAN	
175.901	-5.34	1.6335	176.7	NAN	
176.001	-5.34	1.6335	176.7	NAN	
176.101	-5.34	1.6335	176.7	NAN	
176.201	-5.34	1.6335	176.7	NAN	
176.301	-5.34	1.6335	176.7	NAN	
176.401	-5.34	1.6335	176.7	NAN	
176.501	-5.34	1.6335	176.7	NAN	
176.601	-5.34	1.6335	176.7	NAN	
176.701	-5.34	1.6335	176.7	NAN	
176.801	-5.34	1.6335	176.7	NAN	
176.901	-5.34	1.632	176.7	NAN	
177.001	-5.34	1.632	176.7	NAN	
177.101	-5.34	1.632	176.7	NAN	
177.201	-5.34	1.632	176.7	NAN	
177.301	-5.34	1.632	176.7	NAN	
177.401	-5.34	1.632	176.7	NAN	
177.501	-5.34	1.632	176.7	NAN	
177.601	-5.355	1.632	176.7	NAN	
177.701	-5.355	1.632	176.7	NAN	
177.801	-5.355	1.632	176.7	NAN	
177.901	-5.355	1.6335	176.7	NAN	
178.001	-5.355	1.6335	176.7	NAN	
178.101	-5.355	1.6335	176.7	NAN	
178.201	-5.355	1.6335	176.7	NAN	
178.301	-5.355	1.6335	176.7	NAN	
178.401	-5.355	1.6335	176.7	NAN	
178.501	-5.355	1.6335	176.7	NAN	
178.601	-5.34	1.6335	176.7	NAN	
178.701	-5.34	1.6335	176.7	NAN	
178.801	-5.34	1.6335	176.7	NAN	
178.901	-5.34	1.632	176.7	NAN	
179.001	-5.34	1.632	176.7	NAN	
179.101	-5.34	1.632	176.7	NAN	
179.201	-5.34	1.632	176.7	NAN	
179.301	-5.34	1.632	176.7	NAN	
179.401	-5.34	1.632	176.7	NAN	
179.501	-5.34	1.632	176.7	NAN	
179.601	-5.34	1.632	176.7	NAN	
179.701	-5.34	1.632	176.7	NAN	
179.801	-5.34	1.632	176.7	NAN	
179.901	-5.34	1.6305	176.7	NAN	
180.001	-5.34	1.6305	176.7	NAN	
180.101	-5.34	1.6305	176.7	NAN	
180.201	-5.34	1.6305	176.7	NAN	
180.301	-5.34	1.6305	176.7	NAN	
180.401	-5.34	1.6305	176.7	NAN	
180.501	-5.34	1.6305	176.7	NAN	
180.601	-5.34	1.6305	176.7	NAN	
180.701	-5.34	1.6305	176.7	NAN	
180.801	-5.34	1.6305	176.7	NAN	
180.901	-5.34	1.629	176.7	NAN	
181.001	-5.34	1.629	176.7	NAN	
181.101	-5.34	1.629	176.7	NAN	
181.201	-5.34	1.629	176.7	NAN	
181.301	-5.34	1.629	176.7	NAN	
181.401	-5.34	1.629	176.7	NAN	
181.501	-5.34	1.629	176.7	NAN	
181.601	-5.325	1.629	176.7	NAN	
181.701	-5.325	1.629	176.7	NAN	
181.801	-5.325	1.629	176.7	NAN	
181.901	-5.325	1.6305	176.7	NAN	
182.001	-5.325	1.6305	176.7	NAN	
182.101	-5.325	1.6305	176.7	NAN	
182.201	-5.325	1.6305	176.7	NAN	
182.301	-5.325	1.6305	176.7	NAN	
182.401	-5.325	1.6305	176.7	NAN	
182.505	-5.325	1.6305	176.7	NAN	
182.601	-5.355	1.6305	176.7	NAN	
182.701	-5.355	1.6305	176.7	NAN	
182.801	-5.355	1.6305	176.7	NAN	
182.901	-5.355	1.6305	176.7	NAN	
183.001	-5.355	1.6305	176.7	NAN	
183.101	-5.355	1.6305	176.7	NAN	
183.201	-5.355	1.6305	176.7	NAN	
183.301	-5.355	1.6305	176.7	NAN	
183.401	-5.355	1.6305	176.7	NAN	
183.501	-5.355	1.6305	176.7	NAN	
183.601	-5.355	1.6305	176.7	NAN	
183.701	-5.355	1.6305	176.7	NAN	
183.801	-5.355	1.6305	176.7	NAN	
183.901	-5.355	1.6305	176.7	NAN	
184.001	-5.355	1.6305	176.7	NAN	
184.101	-5.355	1.6305	176.7	NAN	
184.201	-5.355	1.6305	176.7	NAN	
184.301	-5.355	1.6305	176.7	NAN	
184.401	-5.355	1.6305	176.7	NAN	
184.501	-5.355	1.6305	176.7	NAN	
184.601	-5.34	1.6305	176.7	NAN	
184.701	-5.34	1.6305	176.7	NAN	
184.801	-5.34	1.6305	176.7	NAN	
184.901	-5.34	1.629	176.7	NAN	
185.001	-5.34	1.629	176.7	NAN	
185.101	-5.34	1.629	176.7	NAN	
185.201	-5.34	1.629	176.7	NAN	
185.301	-5.34	1.629	176.7	NAN	
185.401	-5.34	1.629	176.7	NAN	
185.501	-5.34	1.629	176.7	NAN	
185.601	-5.325	1.629	176.7	NAN	
185.701	-5.325	1.629	176.7	NAN	
185.801	-5.325	1.629	176.7	NAN	
185.901	-5.325	1.629	176.7	NAN	
186.001	-5.325	1.629	176.7	NAN	
186.101	-5.325	1.629	176.7	NAN	
186.201	-5.325	1.629	176.7	NAN	
186.301	-5.325	1.629	176.7	NAN	
186.401	-5.325	1.629	176.7	NAN	
186.501	-5.325	1.629	176.7	NAN	
186.601	-5.325	1.629	176.7	NAN	
186.701	-5.325	1.629	176.7	NAN	
186.801	-5.325	1.629	176.7	NAN	
186.901	-5.325	1.629	176.55	NAN	
187.001	-5.325	1.629	176.55	NAN	
187.101	-5.325	1.629	176.55	NAN	
187.201	-5.325	1.629	176.55	NAN	
187.301	-5.325	1.629	176.55	NAN	
187.401	-5.325	1.629	176.55	NAN	
187.501	-5.325	1.629	176.55	NAN	
187.601	-5.31	1.629	176.55	NAN	
187.701	-5.31	1.629	176.55	NAN	
187.801	-5.31	1.629	176.55	NAN	
187.901	-5.31	1.6305	176.55	NAN	
188.001	-5.31	1.6305	176.55	NAN	
188.101	-5.31	1.6305	176.55	NAN	
188.201	-5.31	1.6305	176.55	NAN	
188.301	-5.31	1.6305	176.55	NAN	
188.401	-5.31	1.6305	176.55	NAN	
188.501	-5.31	1.6305	176.55	NAN	
188.601	-5.31	1.6305	176.55	NAN	
188.701	-5.31	1.6305	176.55	NAN	
188.801	-5.31	1.6305	176.55	NAN	
188.901	-5.31	1.629	176.55	NAN	
189.001	-5.31	1.629	176.55	NAN	
189.101	-5.31	1.629	176.55	NAN	
189.201	-5.31	1.629	176.55	NAN	
189.301	-5.31	1.629	176.55	NAN	
189.401	-5.31	1.629	176.55	NAN	
189.501	-5.31	1.629	176.55	NAN	
189.601	-5.31	1.629	176.55	NAN	
189.701	-5.31	1.629	176.55	NAN	
189.801	-5.31	1.629	176.55	NAN	
189.901	-5.31	1.6275	176.55	NAN	
190.001	-5.31	1.6275	176.55	NAN	
190.101	-5.31	1.6275	176.55	NAN	
190.201	-5.31	1.6275	176.55	NAN	
190.301	-5.31	1.6275	176.55	NAN	
190.401	-5.31	1.6275	176.55	NAN	
190.501	-5.31	1.6275	176.55	NAN	
190.601	-5.295	1.6275	176.55	NAN	
190.701	-5.295	1.6275	176.55	NAN	
190.801	-5.295	1.6275	176.55	NAN	
190.901	-5.295	1.6275	176.55	NAN	
191.001	-5.295	1.6275	176.55	NAN	
191.101	-5.295	1.6275	176.55	NAN	
191.201	-5.295	1.6275	176.55	NAN	
191.301	-5.295	1.6275	176.55	NAN	
191.401	-5.295	1.6275	176.55	NAN	
191.501	-5.295	1.6275	176.55	NAN	
191.601	-5.295	1.6275	176.55	NAN	
191.701	-5.295	1.6275	176.55	NAN	
191.801	-5.295	1.6275	176.55	NAN	
191.901	-5.295	1.6275	176.55	NAN	
192.001	-5.295	1.6275	176.55	NAN	
192.101	-5.295	1.6275	176.55	NAN	
192.201	-5.295	1.6275	176.55	NAN	
192.301	-5.295	1.6275	176.55	NAN	
192.401	-5.295	1.6275	176.55	NAN	
192.501	-5.295	1.6275	176.55	NAN	
192.601	-5.295	1.6275	176.55	NAN	
192.701	-5.295	1.6275	176.55	NAN	
192.801	-5.295	1.6275	176.55	NAN	
192.901	-5.295	1.6275	176.55	NAN	
193.001	-5.295	1.6275	176.55	NAN	
193.101	-5.295	1.6275	176.55	NAN	
193.201	-5.295	1.6275	176.55	NAN	
193.301	-5.295	1.6275	176.55	NAN	
193.401	-5.295	1.6275	176.55	NAN	
193.501	-5.295	1.6275	176.55	NAN	
193.601	-5.28	1.6275	176.55	NAN	
193.701	-5.28	1.6275	176.55	NAN	
193.801	-5.28	1.6275	176.55	NAN	
193.901	-5.28	1.629	176.55	NAN	
194.001	-5.28	1.629	176.55	NAN	
194.101	-5.28	1.629	176.55	NAN	
194.201	-5.28	1.629	176.55	NAN	
194.301	-5.28	1.629	176.55	NAN	
194.401	-5.28	1.629	176.55	NAN	
194.501	-5.28	1.629	176.55	NAN	
194.601	-5.28	1.629	176.55	NAN	
194.701	-5.28	1.629	176.55	NAN	
194.801	-5.28	1.629	176.55	NAN	
194.901	-5.28	1.626	176.4	NAN	
195.001	-5.28	1.626	176.4	NAN	
195.101	-5.28	1.626	176.4	NAN	
195.201	-5.28	1.626	176.4	NAN	
195.301	-5.28	1.626	176.4	NAN	
195.401	-5.28	1.626	176.4	NAN	
195.501	-5.28	1.626	176.4	NAN	
195.601	-5.28	1.626	176.4	NAN	
195.701	-5.28	1.626	176.4	NAN	
195.801	-5.28	1.626	176.4	NAN	
195.901	-5.28	1.6245	176.4	NAN	
196.001	-5.28	1.6245	176.4	NAN	
196.101	-5.28	1.6245	176.4	NAN	
196.201	-5.28	1.6245	176.4	NAN	
196.301	-5.28	1.6245	176.4	NAN	
196.401	-5.28	1.6245	176.4	NAN	
196.501	-5.28	1.6245	176.4	NAN	
196.601	-5.28	1.6245	176.4	NAN	
196.701	-5.28	1.6245	176.4	NAN	
196.801	-5.28	1.6245	176.4	NAN	
196.901	-5.28	1.626	176.4	NAN	
197.001	-5.28	1.626	176.4	NAN	
197.101	-5.28	1.626	176.4	NAN	
197.201	-5.28	1.626	176.4	NAN	
197.301	-5.28	1.626	176.4	NAN	
197.401	-5.28	1.626	176.4	NAN	
197.501	-5.28	1.626	176.4	NAN	
197.601	-5.28	1.626	176.4	NAN	
197.701	-5.28	1.626	176.4	NAN	
197.801	-5.28	1.626	176.4	NAN	
197.901	-5.28	1.626	176.4	NAN	
198.001	-5.28	1.626	176.4	NAN	
198.101	-5.28	1.626	176.4	NAN	
198.201	-5.28	1.626	176.4	NAN	
198.301	-5.28	1.626	176.4	NAN	
198.401	-5.28	1.626	176.4	NAN	
198.501	-5.28	1.626	176.4	NAN	
198.601	-5.28	1.626	176.4	NAN	
198.701	-5.28	1.626	176.4	NAN	
198.801	-5.28	1.626	176.4	NAN	
198.901	-5.28	1.626	176.4	NAN	
199.001	-5.28	1.626	176.4	NAN	
199.101	-5.28	1.626	176.4	NAN	
199.201	-5.28	1.626	176.4	NAN	
199.301	-5.28	1.626	176.4	NAN	
199.401	-5.28	1.626	176.4	NAN	
199.501	-5.28	1.626	176.4	NAN	
199.601	-5.28	1.626	176.4	NAN	
199.701	-5.28	1.626	176.4	NAN	
199.801	-5.28	1.626	176.4	NAN	
199.901	-5.28	1.6245	176.4	NAN	
200.001	-5.28	1.6245	176.4	NAN	
200.101	-5.28	1.6245	176.4	NAN	
200.201	-5.28	1.6245	176.4	NAN	
200.301	-5.28	1.6245	176.4	NAN	
200.401	-5.28	1.6245	176.4	NAN	
200.501	-5.28	1.6245	176.4	NAN	
200.601	-5.265	1.6245	176.4	NAN	
200.701	-5.265	1.6245	176.4	NAN	
200.801	-5.265	1.6245	176.4	NAN	
200.901	-5.265	1.6245	176.4	NAN	
201.001	-5.265	1.6245	176.4	NAN	
201.101	-5.265	1.6245	176.4	NAN	
201.201	-5.265	1.6245	176.4	NAN	
201.301	-5.265	1.6245	176.4	NAN	
201.401	-5.265	1.6245	176.4	NAN	
201.501	-5.265	1.6245	176.4	NAN	
201.601	-5.265	1.6245	176.4	NAN	
201.701	-5.265	1.6245	176.4	NAN	
201.801	-5.265	1.6245	176.4	NAN	
201.901	-5.265	1.626	176.4	NAN	
202.001	-5.265	1.626	176.4	NAN	
202.101	-5.265	1.626	176.4	NAN	
202.201	-5.265	1.626	176.4	NAN	
202.301	-5.265	1.626	176.4	NAN	
202.401	-5.265	1.626	176.4	NAN	
202.501	-5.265	1.626	176.4	NAN	
202.601	-5.265	1.626	176.4	NAN	
202.701	-5.265	1.626	176.4	NAN	
202.801	-5.265	1.626	176.4	NAN	
202.901	-5.265	1.6245	176.4	NAN	
203.001	-5.265	1.6245	176.4	NAN	
203.101	-5.265	1.6245	176.4	NAN	
203.201	-5.265	1.6245	176.4	NAN	
203.301	-5.265	1.6245	176.4	NAN	
203.401	-5.265	1.6245	176.4	NAN	
203.501	-5.265	1.6245	176.4	NAN	
203.601	-5.28	1.6245	176.4	NAN	
203.701	-5.28	1.6245	176.4	NAN	
203.801	-5.28	1.6245	176.4	NAN	
203.901	-5.28	1.6245	176.4	NAN	
204.001	-5.28	1.6245	176.4	NAN	
204.101	-5.28	1.6245	176.4	NAN	
204.201	-5.28	1.6245	176.4	NAN	
204.301	-5.28	1.6245	176.4	NAN	
204.401	-5.28	1.6245	176.4	NAN	
204.501	-5.28	1.6245	176.4	NAN	
204.601	-5.28	1.6245	176.4	NAN	
204.701	-5.28	1.6245	176.4	NAN	
204.801	-5.28	1.6245	176.4	NAN	
204.901	-5.28	1.623	176.4	NAN	
205.001	-5.28	1.623	176.4	NAN	
205.101	-5.28	1.623	176.4	NAN	
205.201	-5.28	1.623	176.4	NAN	
205.301	-5.28	1.623	176.4	NAN	
205.401	-5.28	1.623	176.4	NAN	
205.501	-5.28	1.623	176.4	NAN	
205.601	-5.28	1.623	176.4	NAN	
205.701	-5.28	1.623	176.4	NAN	
205.801	-5.28	1.623	176.4	NAN	
205.901	-5.28	1.6245	176.4	NAN	
206.001	-5.28	1.6245	176.4	NAN	
206.101	-5.28	1.6245	176.4	NAN	
206.201	-5.28	1.6245	176.4	NAN	
206.301	-5.28	1.6245	176.4	NAN	
206.401	-5.28	1.6245	176.4	NAN	
206.501	-5.28	1.6245	176.4	NAN	
206.601	-5.28	1.6245	176.4	NAN	
206.701	-5.28	1.6245	176.4	NAN	
206.801	-5.28	1.6245	176.4	NAN	
206.901	-5.28	1.623	176.25	NAN	
207.001	-5.28	1.623	176.25	NAN	
207.101	-5.28	1.623	176.25	NAN	
207.201	-5.28	1.623	176.25	NAN	
207.301	-5.28	1.623	176.25	NAN	
207.401	-5.28	1.623	176.25	NAN	
207.501	-5.28	1.623	176.25	NAN	
207.604	-5.28	1.623	176.25	NAN	
207.701	-5.28	1.623	176.25	NAN	
207.801	-5.28	1.623	176.25	NAN	
207.901	-5.28	1.6245	176.25	NAN	
208.001	-5.28	1.6245	176.25	NAN	
208.101	-5.28	1.6245	176.25	NAN	
208.201	-5.28	1.6245	176.25	NAN	
208.301	-5.28	1.6245	176.25	NAN	
208.401	-5.28	1.6245	176.25	NAN	
208.501	-5.28	1.6245	176.25	NAN	
208.601	-5.28	1.6245	176.25	NAN	
208.701	-5.28	1.6245	176.25	NAN	
208.801	-5.28	1.6245	176.25	NAN	
208.901	-5.28	1.623	176.25	NAN	
209.001	-5.28	1.623	176.25	NAN	
209.101	-5.28	1.623	176.25	NAN	
209.201	-5.28	1.623	176.25	NAN	
209.301	-5.28	1.623	176.25	NAN	
209.401	-5.28	1.623	176.25	NAN	
209.501	-5.28	1.623	176.25	NAN	
209.601	-5.265	1.623	176.25	NAN	
209.701	-5.265	1.623	176.25	NAN	
209.801	-5.265	1.623	176.25	NAN	
209.901	-5.265	1.623	176.25	NAN	
210.001	-5.265	1.623	176.25	NAN	
210.101	-5.265	1.623	176.25	NAN	
210.201	-5.265	1.623	176.25	NAN	
210.301	-5.265	1.623	176.25	NAN	
210.401	-5.265	1.623	176.25	NAN	
210.501	-5.265	1.623	176.25	NAN	
210.601	-5.265	1.623	176.25	NAN	
210.701	-5.265	1.623	176.25	NAN	
210.801	-5.265	1.623	176.25	NAN	
210.901	-5.265	1.623	176.25	NAN	
211.001	-5.265	1.623	176.25	NAN	
211.101	-5.265	1.623	176.25	NAN	
211.201	-5.265	1.623	176.25	NAN	
211.301	-5.265	1.623	176.25	NAN	
211.401	-5.265	1.623	176.25	NAN	
211.501	-5.265	1.623	176.25	NAN	
211.601	-5.25	1.623	176.25	NAN	
211.701	-5.25	1.623	176.25	NAN	
211.801	-5.25	1.623	176.25	NAN	
211.901	-5.25	1.623	176.25	NAN	
212.001	-5.25	1.623	176.25	NAN	
212.101	-5.25	1.623	176.25	NAN	
212.201	-5.25	1.623	176.25	NAN	
212.301	-5.25	1.623	176.25	NAN	
212.401	-5.25	1.623	176.25	NAN	
212.501	-5.25	1.623	176.25	NAN	
212.601	-5.235	1.623	176.25	NAN	
212.701	-5.235	1.623	176.25	NAN	
212.801	-5.235	1.623	176.25	NAN	
212.901	-5.235	1.6215	176.25	NAN	
213.001	-5.235	1.6215	176.25	NAN	
213.101	-5.235	1.6215	176.25	NAN	
213.201	-5.235	1.6215	176.25	NAN	
213.301	-5.235	1.6215	176.25	NAN	
213.401	-5.235	1.6215	176.25	NAN	
213.501	-5.235	1.6215	176.25	NAN	
213.601	-5.235	1.6215	176.25	NAN	
213.701	-5.235	1.6215	176.25	NAN	
213.801	-5.235	1.6215	176.25	NAN	
213.901	-5.235	1.6245	176.25	NAN	
214.001	-5.235	1.6245	176.25	NAN	
214.101	-5.235	1.6245	176.25	NAN	
214.201	-5.235	1.6245	176.25	NAN	
214.301	-5.235	1.6245	176.25	NAN	
214.401	-5.235	1.6245	176.25	NAN	
214.501	-5.235	1.6245	176.25	NAN	
214.601	-5.235	1.6245	176.25	NAN	
214.701	-5.235	1.6245	176.25	NAN	
214.801	-5.235	1.6245	176.25	NAN	
214.901	-5.235	1.6215	176.25	NAN	
215.001	-5.235	1.6215	176.25	NAN	
215.101	-5.235	1.6215	176.25	NAN	
215.201	-5.235	1.6215	176.25	NAN	
215.301	-5.235	1.6215	176.25	NAN	
215.401	-5.235	1.6215	176.25	NAN	
215.501	-5.235	1.6215	176.25	NAN	
215.601	-5.235	1.6215	176.25	NAN	
215.701	-5.235	1.6215	176.25	NAN	
215.801	-5.235	1.6215	176.25	NAN	
215.901	-5.235	1.6215	176.25	NAN	
216.001	-5.235	1.6215	176.25	NAN	
216.101	-5.235	1.6215	176.25	NAN	
216.201	-5.235	1.6215	176.25	NAN	
216.301	-5.235	1.6215	176.25	NAN	
216.401	-5.235	1.6215	176.25	NAN	
216.501	-5.235	1.6215	176.25	NAN	
216.601	-5.235	1.6215	176.25	NAN	
216.701	-5.235	1.6215	176.25	NAN	
216.801	-5.235	1.6215	176.25	NAN	
216.901	-5.235	1.623	176.25	NAN	
217.001	-5.235	1.623	176.25	NAN	
217.101	-5.235	1.623	176.25	NAN	
217.201	-5.235	1.623	176.25	NAN	
217.301	-5.235	1.623	176.25	NAN	
217.401	-5.235	1.623	176.25	NAN	
217.501	-5.235	1.623	176.25	NAN	
217.601	-5.22	1.623	176.25	NAN	
217.701	-5.22	1.623	176.25	NAN	
217.801	-5.22	1.623	176.25	NAN	
217.901	-5.22	1.6215	176.25	NAN	
218.001	-5.22	1.6215	176.25	NAN	
218.101	-5.22	1.6215	176.25	NAN	
218.201	-5.22	1.6215	176.25	NAN	
218.301	-5.22	1.6215	176.25	NAN	
218.401	-5.22	1.6215	176.25	NAN	
218.501	-5.22	1.6215	176.25	NAN	
218.601	-5.235	1.6215	176.25	NAN	
218.701	-5.235	1.6215	176.25	NAN	
218.801	-5.235	1.6215	176.25	NAN	
218.901	-5.235	1.6215	176.25	NAN	
219.001	-5.235	1.6215	176.25	NAN	
219.101	-5.235	1.6215	176.25	NAN	
219.201	-5.235	1.6215	176.25	NAN	
219.301	-5.235	1.6215	176.25	NAN	
219.401	-5.235	1.6215	176.25	NAN	
219.501	-5.235	1.6215	176.25	NAN	
219.601	-5.235	1.6215	176.25	NAN	
219.701	-5.235	1.6215	176.25	NAN	
219.801	-5.235	1.6215	176.25	NAN	
219.901	-5.235	1.6215	176.1	NAN	
220.001	-5.235	1.6215	176.1	NAN	
220.101	-5.235	1.6215	176.1	NAN	
220.201	-5.235	1.6215	176.1	NAN	
220.301	-5.235	1.6215	176.1	NAN	
220.401	-5.235	1.6215	176.1	NAN	
220.501	-5.235	1.6215	176.1	NAN	
220.601	-5.235	1.6215	176.1	NAN	
220.701	-5.235	1.6215	176.1	NAN	
220.801	-5.235	1.6215	176.1	NAN	
220.901	-5.235	1.6215	176.1	NAN	
221.001	-5.235	1.62	176.1	NAN	
221.101	-5.235	1.62	176.1	NAN	
221.201	-5.235	1.62	176.1	NAN	
221.301	-5.235	1.62	176.1	NAN	
221.401	-5.235	1.62	176.1	NAN	
221.501	-5.235	1.62	176.1	NAN	
221.601	-5.235	1.62	176.1	NAN	
221.701	-5.235	1.62	176.1	NAN	
221.801	-5.235	1.62	176.1	NAN	
221.901	-5.235	1.62	176.1	NAN	
222.001	-5.235	1.62	176.1	NAN	
222.101	-5.235	1.62	176.1	NAN	
222.201	-5.235	1.62	176.1	NAN	
222.301	-5.235	1.62	176.1	NAN	
222.401	-5.235	1.62	176.1	NAN	
222.501	-5.235	1.62	176.1	NAN	
222.601	-5.25	1.62	176.1	NAN	
222.701	-5.25	1.62	176.1	NAN	
222.801	-5.25	1.62	176.1	NAN	
222.901	-5.25	1.62	176.1	NAN	
223.001	-5.25	1.62	176.1	NAN	
223.101	-5.25	1.62	176.1	NAN	
223.201	-5.25	1.62	176.1	NAN	
223.301	-5.25	1.62	176.1	NAN	
223.401	-5.25	1.62	176.1	NAN	
223.501	-5.25	1.62	176.1	NAN	
223.601	-5.235	1.62	176.1	NAN	
223.701	-5.235	1.62	176.1	NAN	
223.801	-5.235	1.62	176.1	NAN	
223.901	-5.235	1.62	176.1	NAN	
224.001	-5.235	1.62	176.1	NAN	
224.101	-5.235	1.62	176.1	NAN	
224.201	-5.235	1.62	176.1	NAN	
224.301	-5.235	1.62	176.1	NAN	
224.401	-5.235	1.62	176.1	NAN	
224.501	-5.235	1.62	176.1	NAN	
224.601	-5.235	1.62	176.1	NAN	
224.701	-5.235	1.62	176.1	NAN	
224.801	-5.235	1.62	176.1	NAN	
224.901	-5.235	1.62	176.1	NAN	
225.001	-5.235	1.6185	176.1	NAN	
225.101	-5.235	1.6185	176.1	NAN	
225.201	-5.235	1.6185	176.1	NAN	
225.301	-5.235	1.6185	176.1	NAN	
225.401	-5.235	1.6185	176.1	NAN	
225.501	-5.235	1.6185	176.1	NAN	
225.601	-5.25	1.6185	176.1	NAN	
225.701	-5.25	1.6185	176.1	NAN	
225.801	-5.25	1.6185	176.1	NAN	
225.901	-5.25	1.6185	176.1	NAN	
226.001	-5.25	1.62	176.1	NAN	
226.101	-5.25	1.62	176.1	NAN	
226.201	-5.25	1.62	176.1	NAN	
226.301	-5.25	1.62	176.1	NAN	
226.401	-5.25	1.62	176.1	NAN	
226.501	-5.25	1.62	176.1	NAN	
226.601	-5.25	1.62	176.1	NAN	
226.701	-5.25	1.62	176.1	NAN	
226.801	-5.25	1.62	176.1	NAN	
226.901	-5.25	1.62	176.1	NAN	
227.001	-5.25	1.6185	176.1	NAN	
227.101	-5.25	1.6185	176.1	NAN	
227.201	-5.25	1.6185	176.1	NAN	
227.301	-5.25	1.6185	176.1	NAN	
227.401	-5.25	1.6185	176.1	NAN	
227.501	-5.25	1.6185	176.1	NAN	
227.601	-5.235	1.6185	176.1	NAN	
227.701	-5.235	1.6185	176.1	NAN	
227.801	-5.235	1.6185	176.1	NAN	
227.901	-5.235	1.6185	176.1	NAN	
228.001	-5.235	1.506	169.65	NAN	
228.101	-5.235	1.506	169.65	NAN	
228.201	-5.235	1.506	169.65	NAN	
228.301	-5.235	1.506	169.65	NAN	
228.401	-5.235	1.506	169.65	NAN	
228.501	-5.235	1.506	169.65	NAN	
228.601	-3.345	1.506	169.65	NAN	
228.701	-3.345	1.506	169.65	NAN	
228.801	-3.345	1.506	169.65	NAN	
228.901	-3.345	1.506	169.65	NAN	
229.001	-3.345	0.123	32.85	NAN	
229.101	-3.345	0.123	32.85	NAN	
229.201	-3.345	0.123	32.85	NAN	
229.301	-3.345	0.123	32.85	NAN	
229.401	-3.345	0.123	32.85	NAN	
229.501	-3.345	0.123	32.85	NAN	
229.601	-3.135	0.123	32.85	NAN	
229.701	-3.135	0.123	32.85	NAN	
229.801	-3.135	0.123	32.85	NAN	
229.901	-3.135	0.123	32.85	NAN	
230.001	-3.135	0.0015	14.55	NAN	
230.101	-3.135	0.0015	14.55	NAN	
230.201	-3.135	0.0015	14.55	NAN	
230.301	-3.135	0.0015	14.55	NAN	
230.401	-3.135	0.0015	14.55	NAN	
230.501	-3.135	0.0015	14.55	NAN	
230.601	-3.135	0.0015	14.55	NAN	
230.701	-3.135	0.0015	14.55	NAN	
230.801	-3.135	0.0015	14.55	NAN	
230.901	-3.135	0.0015	14.55	NAN	
231.001	-3.135	0	14.55	NAN	
231.101	-3.135	0	14.55	NAN	
231.201	-3.135	0	14.55	NAN	
231.301	-3.135	0	14.55	NAN	
231.401	-3.135	0	14.55	NAN	
231.501	-3.135	0	14.55	NAN	
231.601	-3.15	0	14.55	NAN	
231.701	-3.15	0	14.55	NAN	
231.801	-3.15	0	14.55	NAN	
231.901	-3.15	0	14.55	NAN	
232.001	-3.15	0	14.55	NAN	
232.101	-3.15	0	14.55	NAN	
232.201	-3.15	0	14.55	NAN	
232.301	-3.15	0	14.55	NAN	
232.401	-3.15	0	14.55	NAN	
232.501	-3.15	0	14.55	NAN	
232.601	-3.15	0	14.55	NAN	
232.701	-3.15	0	14.55	NAN	
232.801	-3.15	0	14.55	NAN	
232.901	-3.15	0	14.55	NAN	
233.001	-3.15	0	14.55	NAN	
233.101	-3.15	0	14.55	NAN	
233.201	-3.15	0	14.55	NAN	
233.301	-3.15	0	14.55	NAN	
233.401	-3.15	0	14.55	NAN	
233.501	-3.15	0	14.55	NAN	
233.601	-3.15	0	14.55	NAN	
233.701	-3.15	0	14.55	NAN	
233.801	-3.15	0	14.55	NAN	
233.901	-3.15	0	14.55	NAN	
234.001	-3.15	0	14.55	NAN	
234.101	-3.15	0	14.55	NAN	
234.201	-3.15	0	14.55	NAN	
234.301	-3.15	0	14.55	NAN	
234.401	-3.15	0	14.55	NAN	
234.501	-3.15	0	14.55	NAN	
234.601	-3.15	0	14.55	NAN	
234.701	-3.15	0	14.55	NAN	
234.801	-3.15	0	14.55	NAN	
234.901	-3.15	0	14.55	NAN	
235.001	-3.15	0	14.55	NAN	
235.101	-3.15	0	14.55	NAN	
235.201	-3.15	0	14.55	NAN	
235.301	-3.15	0	14.55	NAN	
235.401	-3.15	0	14.55	NAN	
235.501	-3.15	0	14.55	NAN	
235.601	-3.165	0	14.55	NAN	
235.701	-3.165	0	14.55	NAN	
235.801	-3.165	0	14.55	NAN	
235.901	-3.165	0	14.55	NAN	
236.001	-3.165	0	14.55	NAN	
236.101	-3.165	0	14.55	NAN	
236.201	-3.165	0	14.55	NAN	
236.301	-3.165	0	14.55	NAN	
236.401	-3.165	0	14.55	NAN	
236.501	-3.165	0	14.55	NAN	
236.601	-3.165	0	14.55	NAN	
236.701	-3.165	0	14.55	NAN	
236.801	-3.165	0	14.55	NAN	
236.901	-3.165	0	14.55	NAN	
237.001	-3.165	0	14.55	NAN	
237.101	-3.165	0	14.55	NAN	
237.201	-3.165	0	14.55	NAN	
237.301	-3.165	0	14.55	NAN	
237.401	-3.165	0	14.55	NAN	
237.501	-3.165	0	14.55	NAN	
237.601	-3.165	0	14.55	NAN	
237.701	-3.165	0	14.55	NAN	
237.801	-3.165	0	14.55	NAN	
237.901	-3.165	0	14.55	NAN	
238.001	-3.165	0	14.55	NAN	
238.101	-3.165	0	14.55	NAN	
238.201	-3.165	0	14.55	NAN	
238.301	-3.165	0	14.55	NAN	
238.401	-3.165	0	14.55	NAN	
238.501	-3.165	0	14.55	NAN	
238.601	-3.165	0	14.55	NAN	
238.701	-3.165	0	14.55	NAN	
238.801	-3.165	0	14.55	NAN	
238.901	-3.165	0	14.55	NAN	
239.001	-3.165	0	14.55	NAN	
239.101	-3.165	0	14.55	NAN	
239.201	-3.165	0	14.55	NAN	
239.301	-3.165	0	14.55	NAN	
239.401	-3.165	0	14.55	NAN	
239.501	-3.165	0	14.55	NAN	
239.601	-3.165	0	14.55	NAN	
239.701	-3.165	0	14.55	NAN	
239.801	-3.165	0	14.55	NAN	
239.901	-3.165	0	14.55	NAN	
240.001	-3.165	0	14.55	NAN	
240.101	-3.165	0	14.55	NAN	
240.201	-3.165	0	14.55	NAN	
240.301	-3.165	0	14.55	NAN	
240.401	-3.165	0	14.55	NAN	
240.501	-3.165	0	14.55	NAN	
240.601	-3.18	0	14.55	NAN	
240.701	-3.18	0	14.55	NAN	
240.801	-3.18	0	14.55	NAN	
240.901	-3.18	0	14.55	NAN	
241.001	-3.18	0	14.55	NAN	
241.101	-3.18	0	14.55	NAN	
241.201	-3.18	0	14.55	NAN	
241.301	-3.18	0	14.55	NAN	
241.401	-3.18	0	14.55	NAN	
241.501	-3.18	0	14.55	NAN	
241.601	-3.18	0	14.55	NAN	
241.701	-3.18	0	14.55	NAN	
241.801	-3.18	0	14.55	NAN	
241.901	-3.18	0	14.55	NAN	
242.001	-3.18	0	14.55	NAN	
242.101	-3.18	0	14.55	NAN	
242.201	-3.18	0	14.55	NAN	
242.301	-3.18	0	14.55	NAN	
242.401	-3.18	0	14.55	NAN	
242.501	-3.18	0	14.55	NAN	
242.601	-3.18	0	14.55	NAN	
242.701	-3.18	0	14.55	NAN	
242.801	-3.18	0	14.55	NAN	
242.901	-3.18	0	14.55	NAN	
243.001	-3.18	0	14.55	NAN	
243.101	-3.18	0	14.55	NAN	
243.201	-3.18	0	14.55	NAN	
243.301	-3.18	0	14.55	NAN	
243.401	-3.18	0	14.55	NAN	
243.501	-3.18	0	14.55	NAN	
243.601	-3.18	0	14.55	NAN	
243.701	-3.18	0	14.55	NAN	
243.801	-3.18	0	14.55	NAN	
243.901	-3.18	0	14.55	NAN	
244.001	-3.18	0	14.55	NAN	
244.101	-3.18	0	14.55	NAN	
244.201	-3.18	0	14.55	NAN	
244.301	-3.18	0	14.55	NAN	
244.401	-3.18	0	14.55	NAN	
244.501	-3.18	0	14.55	NAN	
244.601	-3.195	0	14.55	NAN	
244.701	-3.195	0	14.55	NAN	
244.801	-3.195	0	14.55	NAN	
244.901	-3.195	0	14.55	NAN	
245.001	-3.195	0	14.55	NAN	
245.101	-3.195	0	14.55	NAN	
245.201	-3.195	0	14.55	NAN	
245.301	-3.195	0	14.55	NAN	
245.401	-3.195	0	14.55	NAN	
245.501	-3.195	0	14.55	NAN	
245.601	-3.195	0	14.55	NAN	
245.701	-3.195	0	14.55	NAN	
245.801	-3.195	0	14.55	NAN	
245.901	-3.195	0	14.55	NAN	
246.001	-3.195	0	14.55	NAN	
246.101	-3.195	0	14.55	NAN	
246.201	-3.195	0	14.55	NAN	
246.301	-3.195	0	14.55	NAN	
246.401	-3.195	0	14.55	NAN	
246.501	-3.195	0	14.55	NAN	
246.601	-3.195	0	14.55	NAN	
246.701	-3.195	0	14.55	NAN	
246.801	-3.195	0	14.55	NAN	
246.901	-3.195	0	14.55	NAN	
247.001	-3.195	0	14.55	NAN	
247.101	-3.195	0	14.55	NAN	
247.201	-3.195	0	14.55	NAN	
247.301	-3.195	0	14.55	NAN	
247.401	-3.195	0	14.55	NAN	
247.501	-3.195	0	14.55	NAN	
247.601	-3.195	0	14.55	NAN	
247.701	-3.195	0	14.55	NAN	
247.801	-3.195	0	14.55	NAN	
247.901	-3.195	0	14.55	NAN	
248.001	-3.195	0	14.55	NAN	
248.101	-3.195	0	14.55	NAN	
248.201	-3.195	0	14.55	NAN	
248.301	-3.195	0	14.55	NAN	
248.401	-3.195	0	14.55	NAN	
248.501	-3.195	0	14.55	NAN	
248.601	-3.195	0	14.55	NAN	
248.701	-3.195	0	14.55	NAN	
248.801	-3.195	0	14.55	NAN	
248.901	-3.195	0	14.55	NAN	
249.001	-3.195	0	14.55	NAN	
249.101	-3.195	0	14.55	NAN	
249.201	-3.195	0	14.55	NAN	
249.301	-3.195	0	14.55	NAN	
249.401	-3.195	0	14.55	NAN	
249.501	-3.195	0	14.55	NAN	
249.601	-3.195	0	14.55	NAN	
249.701	-3.195	0	14.55	NAN	
249.801	-3.195	0	14.55	NAN	
249.901	-3.195	0	14.55	NAN	
250.001	-3.195	0	14.55	NAN	
250.101	-3.195	0	14.55	NAN	
250.201	-3.195	0	14.55	NAN	
250.301	-3.195	0	14.55	NAN	
250.401	-3.195	0	14.55	NAN	
250.501	-3.195	0	14.55	NAN	
250.601	-3.195	0	14.55	NAN	
250.701	-3.195	0	14.55	NAN	
250.801	-3.195	0	14.55	NAN	
250.901	-3.195	0	14.55	NAN	
251.001	-3.195	0	14.55	NAN	
251.101	-3.195	0	14.55	NAN	
251.201	-3.195	0	14.55	NAN	
251.301	-3.195	0	14.55	NAN	
251.401	-3.195	0	14.55	NAN	
251.501	-3.195	0	14.55	NAN	
251.601	-3.195	0	14.55	NAN	
251.701	-3.195	0	14.55	NAN	
251.801	-3.195	0	14.55	NAN	
251.901	-3.195	0	14.55	NAN	
252.001	-3.195	0	14.55	NAN	
252.101	-3.195	0	14.55	NAN	
252.201	-3.195	0	14.55	NAN	
252.301	-3.195	0	14.55	NAN	
252.401	-3.195	0	14.55	NAN	
252.501	-3.195	0	14.55	NAN	
252.601	-3.195	0	14.55	NAN	
252.701	-3.195	0	14.55	NAN	
252.801	-3.195	0	14.55	NAN	
252.901	-3.195	0	14.55	NAN	
253.001	-3.195	0	14.4	NAN	
253.101	-3.195	0	14.4	NAN	
253.201	-3.195	0	14.4	NAN	
253.301	-3.195	0	14.4	NAN	
253.401	-3.195	0	14.4	NAN	
253.501	-3.195	0	14.4	NAN	
253.601	-3.195	0	14.4	NAN	
253.701	-3.195	0	14.4	NAN	
253.801	-3.195	0	14.4	NAN	
253.901	-3.195	0	14.4	NAN	
254.001	-3.195	0	14.4	NAN	
254.101	-3.195	0	14.4	NAN	
254.201	-3.195	0	14.4	NAN	
254.301	-3.195	0	14.4	NAN	
254.401	-3.195	0	14.4	NAN	
254.501	-3.195	0	14.4	NAN	
254.601	-3.195	0	14.4	NAN	
254.701	-3.195	0	14.4	NAN	
254.801	-3.195	0	14.4	NAN	
254.901	-3.195	0	14.4	NAN	
255.001	-3.195	0	14.55	NAN	
255.101	-3.195	0	14.55	NAN	
255.201	-3.195	0	14.55	NAN	
255.301	-3.195	0	14.55	NAN	
255.401	-3.195	0	14.55	NAN	
255.501	-3.195	0	14.55	NAN	
255.601	-3.21	0	14.55	NAN	
255.701	-3.21	0	14.55	NAN	
255.801	-3.21	0	14.55	NAN	
255.901	-3.21	0	14.55	NAN	
256.001	-3.21	0	14.4	NAN	
256.101	-3.21	0	14.4	NAN	
256.201	-3.21	0	14.4	NAN	
256.301	-3.21	0	14.4	NAN	
256.401	-3.21	0	14.4	NAN	
256.501	-3.21	0	14.4	NAN	
256.601	-3.21	0	14.4	NAN	
256.701	-3.21	0	14.4	NAN	
256.801	-3.21	0	14.4	NAN	
256.901	-3.21	0	14.4	NAN	
257.001	-3.21	0	14.4	NAN	
257.101	-3.21	0	14.4	NAN	
257.201	-3.21	0	14.4	NAN	
257.301	-3.21	0	14.4	NAN	
257.401	-3.21	0	14.4	NAN	
257.501	-3.21	0	14.4	NAN	
257.601	-3.21	0	14.4	NAN	
257.701	-3.21	0	14.4	NAN	
257.801	-3.21	0	14.4	NAN	
257.901	-3.21	0	14.4	NAN	
258.001	-3.21	0	14.4	NAN	
258.101	-3.21	0	14.4	NAN	
258.201	-3.21	0	14.4	NAN	
258.301	-3.21	0	14.4	NAN	
258.401	-3.21	0	14.4	NAN	
258.501	-3.21	0	14.4	NAN	
258.601	-3.21	0	14.4	NAN	
258.701	-3.21	0	14.4	NAN	
258.805	-3.21	0	14.4	NAN	
258.901	-3.21	0	14.4	NAN	
259.001	-3.21	0	14.4	NAN	
259.101	-3.21	0	14.4	NAN	
259.201	-3.21	0	14.4	NAN	
259.301	-3.21	0	14.4	NAN	
259.401	-3.21	0	14.4	NAN	
259.501	-3.21	0	14.4	NAN	
259.601	-3.21	0	14.4	NAN	
259.701	-3.21	0	14.4	NAN	
259.801	-3.21	0	14.4	NAN	
259.901	-3.21	0	14.4	NAN	
260.001	-3.21	0	14.55	NAN	
260.101	-3.21	0	14.55	NAN	
260.201	-3.21	0	14.55	NAN	
260.301	-3.21	0	14.55	NAN	
260.401	-3.21	0	14.55	NAN	
260.501	-3.21	0	14.55	NAN	
260.601	-3.21	0	14.55	NAN	
260.701	-3.21	0	14.55	NAN	
260.801	-3.21	0	14.55	NAN	
260.901	-3.21	0	14.55	NAN	
261.001	-3.21	0	14.4	NAN	
261.101	-3.21	0	14.4	NAN	
261.201	-3.21	0	14.4	NAN	
261.301	-3.21	0	14.4	NAN	
261.401	-3.21	0	14.4	NAN	
