375.1	-2.625	0	14.25	NAN	
375.2	-2.625	0	14.25	NAN	
375.3	-2.625	0	14.25	NAN	
375.4	-2.625	0	14.25	NAN	
375.5	-2.625	0	14.25	NAN	
375.6	-2.625	0	14.25	NAN	
375.7	-2.625	0	14.25	NAN	
375.8	-2.625	0	14.25	NAN	
375.9	-2.625	0	14.25	NAN	
376	-2.625	0	14.25	NAN	
376.1	-2.625	0	14.25	NAN	
376.2	-2.625	0	14.25	NAN	
376.3	-2.625	0	14.25	NAN	
376.4	-2.625	0	14.25	NAN	
376.5	-2.625	0	14.25	NAN	
376.6	-2.625	0	14.25	NAN	
376.7	-2.625	0	14.25	NAN	
376.8	-2.625	0	14.25	NAN	
376.9	-2.625	0	14.25	NAN	
377	-2.64	0	14.25	NAN	
377.1	-2.64	0	14.25	NAN	
377.2	-2.64	0	14.25	NAN	
377.3	-2.64	0	14.25	NAN	
377.4	-2.64	0	14.25	NAN	
377.5	-2.64	0	14.25	NAN	
377.6	-2.64	0	14.25	NAN	
377.7	-2.64	0	14.25	NAN	
377.8	-2.64	0	14.25	NAN	
377.9	-2.64	0	14.25	NAN	
378	-2.64	0	14.25	NAN	
378.1	-2.64	0	14.25	NAN	
378.2	-2.64	0	14.25	NAN	
378.3	-2.64	0	14.25	NAN	
378.4	-2.64	0	14.25	NAN	
378.5	-2.64	0	14.25	NAN	
378.6	-2.64	0	14.25	NAN	
378.7	-2.64	0	14.25	NAN	
378.8	-2.64	0	14.25	NAN	
378.9	-2.64	0	14.25	NAN	
379	-2.64	0	14.25	NAN	
379.1	-2.64	0	14.25	NAN	
379.2	-2.64	0	14.25	NAN	
379.3	-2.64	0	14.25	NAN	
379.4	-2.64	0	14.25	NAN	
379.5	-2.64	0	14.25	NAN	
379.6	-2.64	0	14.25	NAN	
379.7	-2.64	0	14.25	NAN	
379.8	-2.64	0	14.25	NAN	
379.9	-2.64	0	14.25	NAN	
380	-2.64	0	14.25	NAN	
380.1	-2.64	0	14.25	NAN	
380.2	-2.64	0	14.25	NAN	
380.3	-2.64	0	14.25	NAN	
380.4	-2.64	0	14.25	NAN	
380.5	-2.64	0	14.25	NAN	
380.6	-2.64	0	14.25	NAN	
380.7	-2.64	0	14.25	NAN	
380.8	-2.64	0	14.25	NAN	
380.9	-2.64	0	14.25	NAN	
381	-2.64	0	14.25	NAN	
381.1	-2.64	0	14.25	NAN	
381.2	-2.64	0	14.25	NAN	
381.3	-2.64	0	14.25	NAN	
381.4	-2.64	0	14.25	NAN	
381.5	-2.64	0	14.25	NAN	
381.6	-2.64	0	14.25	NAN	
381.7	-2.64	0	14.25	NAN	
381.8	-2.64	0	14.25	NAN	
381.9	-2.64	0	14.25	NAN	
382	-2.655	0	14.25	NAN	
382.1	-2.655	0	14.25	NAN	
382.2	-2.655	0	14.25	NAN	
382.3	-2.655	0	14.25	NAN	
382.4	-2.655	0	14.25	NAN	
382.5	-2.655	0	14.25	NAN	
382.6	-2.655	0	14.25	NAN	
382.7	-2.655	0	14.25	NAN	
382.8	-2.655	0	14.25	NAN	
382.9	-2.655	0	14.25	NAN	
383.002	-2.655	0	14.25	NAN	
383.1	-2.655	0	14.25	NAN	
383.2	-2.655	0	14.25	NAN	
383.3	-2.655	0	14.25	NAN	
383.4	-2.655	0	14.25	NAN	
383.5	-2.655	0	14.25	NAN	
383.6	-2.655	0	14.25	NAN	
383.7	-2.655	0	14.25	NAN	
383.8	-2.655	0	14.25	NAN	
383.9	-2.655	0	14.25	NAN	
384	-2.655	0	14.25	NAN	
384.1	-2.655	0	14.25	NAN	
384.2	-2.655	0	14.25	NAN	
384.3	-2.655	0	14.25	NAN	
384.4	-2.655	0	14.25	NAN	
384.5	-2.655	0	14.25	NAN	
384.6	-2.655	0	14.25	NAN	
384.7	-2.655	0	14.25	NAN	
384.8	-2.655	0	14.25	NAN	
384.9	-2.655	0	14.25	NAN	
385	-2.655	0	14.25	NAN	
385.1	-2.655	0	14.25	NAN	
385.2	-2.655	0	14.25	NAN	
385.3	-2.655	0	14.25	NAN	
385.4	-2.655	0	14.25	NAN	
385.5	-2.655	0	14.25	NAN	
385.6	-2.655	0	14.25	NAN	
385.7	-2.655	0	14.25	NAN	
385.8	-2.655	0	14.25	NAN	
385.9	-2.655	0	14.25	NAN	
386	-2.655	0	14.25	NAN	
386.1	-2.655	0	14.25	NAN	
386.2	-2.655	0	14.25	NAN	
386.3	-2.655	0	14.25	NAN	
386.4	-2.655	0	14.25	NAN	
386.5	-2.655	0	14.25	NAN	
386.6	-2.655	0	14.25	NAN	
386.7	-2.655	0	14.25	NAN	
386.8	-2.655	0	14.25	NAN	
386.9	-2.655	0	14.25	NAN	
387	-2.655	0	14.25	NAN	
387.1	-2.655	0	14.25	NAN	
387.2	-2.655	0	14.25	NAN	
387.3	-2.655	0	14.25	NAN	
387.4	-2.655	0	14.25	NAN	
387.5	-2.655	0	14.25	NAN	
387.6	-2.655	0	14.25	NAN	
387.7	-2.655	0	14.25	NAN	
387.8	-2.655	0	14.25	NAN	
387.9	-2.655	0	14.25	NAN	
388	-2.655	0	14.25	NAN	
388.1	-2.655	0	14.25	NAN	
388.2	-2.655	0	14.25	NAN	
388.3	-2.655	0	14.25	NAN	
388.4	-2.655	0	14.25	NAN	
388.5	-2.655	0	14.25	NAN	
388.6	-2.655	0	14.25	NAN	
388.7	-2.655	0	14.25	NAN	
388.8	-2.655	0	14.25	NAN	
388.9	-2.655	0	14.25	NAN	
389	-2.67	0	14.25	NAN	
389.1	-2.67	0	14.25	NAN	
389.2	-2.67	0	14.25	NAN	
389.3	-2.67	0	14.25	NAN	
389.4	-2.67	0	14.25	NAN	
389.5	-2.67	0	14.25	NAN	
389.6	-2.67	0	14.25	NAN	
389.7	-2.67	0	14.25	NAN	
389.8	-2.67	0	14.25	NAN	
389.9	-2.67	0	14.25	NAN	
390	-2.67	0	14.25	NAN	
390.1	-2.67	0	14.25	NAN	
390.2	-2.67	0	14.25	NAN	
390.3	-2.67	0	14.25	NAN	
390.4	-2.67	0	14.25	NAN	
390.5	-2.67	0	14.25	NAN	
390.6	-2.67	0	14.25	NAN	
390.7	-2.67	0	14.25	NAN	
390.8	-2.67	0	14.25	NAN	
390.9	-2.67	0	14.25	NAN	
391	-2.685	0	14.25	NAN	
391.1	-2.685	0	14.25	NAN	
391.2	-2.685	0	14.25	NAN	
391.3	-2.685	0	14.25	NAN	
391.4	-2.685	0	14.25	NAN	
391.5	-2.685	0	14.25	NAN	
391.6	-2.685	0	14.25	NAN	
391.7	-2.685	0	14.25	NAN	
391.8	-2.685	0	14.25	NAN	
391.9	-2.685	0	14.25	NAN	
392	-2.685	0	14.25	NAN	
392.1	-2.685	0	14.25	NAN	
392.2	-2.685	0	14.25	NAN	
392.3	-2.685	0	14.25	NAN	
392.4	-2.685	0	14.25	NAN	
392.5	-2.685	0	14.25	NAN	
392.6	-2.685	0	14.25	NAN	
392.7	-2.685	0	14.25	NAN	
392.8	-2.685	0	14.25	NAN	
392.9	-2.685	0	14.25	NAN	
393	-2.7	0	14.25	NAN	
393.1	-2.7	0	14.25	NAN	
393.2	-2.7	0	14.25	NAN	
393.3	-2.7	0	14.25	NAN	
393.4	-2.7	0	14.25	NAN	
393.5	-2.7	0	14.25	NAN	
393.6	-2.7	0	14.25	NAN	
393.7	-2.7	0	14.25	NAN	
393.8	-2.7	0	14.25	NAN	
393.9	-2.7	0	14.25	NAN	
394	-2.7	0	14.25	NAN	
394.1	-2.7	0	14.25	NAN	
394.2	-2.7	0	14.25	NAN	
394.3	-2.7	0	14.25	NAN	
394.4	-2.7	0	14.25	NAN	
394.5	-2.7	0	14.25	NAN	
394.6	-2.7	0	14.25	NAN	
394.7	-2.7	0	14.25	NAN	
394.8	-2.7	-0.0015	14.25	NAN	
394.9	-2.7	-0.0015	14.25	NAN	
395	-2.7	-0.0015	14.25	NAN	
395.1	-2.7	-0.0015	14.25	NAN	
395.2	-2.7	-0.0015	14.25	NAN	
395.3	-2.7	-0.0015	14.25	NAN	
395.4	-2.7	-0.0015	14.25	NAN	
395.5	-2.7	-0.0015	14.25	NAN	
395.6	-2.7	-0.0015	14.25	NAN	
395.7	-2.7	-0.0015	14.25	NAN	
395.8	-2.7	0	14.25	NAN	
395.9	-2.7	0	14.25	NAN	
396	-2.7	0	14.25	NAN	
396.1	-2.7	0	14.25	NAN	
396.2	-2.7	0	14.25	NAN	
396.3	-2.7	0	14.25	NAN	
396.4	-2.7	0	14.25	NAN	
396.5	-2.7	0	14.25	NAN	
396.6	-2.7	0	14.25	NAN	
396.7	-2.7	0	14.25	NAN	
396.8	-2.7	0	14.25	NAN	
396.9	-2.7	0	14.25	NAN	
397	-2.715	0	14.25	NAN	
397.1	-2.715	0	14.25	NAN	
397.2	-2.715	0	14.25	NAN	
397.3	-2.715	0	14.25	NAN	
397.4	-2.715	0	14.25	NAN	
397.5	-2.715	0	14.25	NAN	
397.6	-2.715	0	14.25	NAN	
397.7	-2.715	0	14.25	NAN	
397.8	-2.715	0	14.25	NAN	
397.9	-2.715	0	14.25	NAN	
398	-2.715	0	14.25	NAN	
398.1	-2.715	0	14.25	NAN	
398.2	-2.715	0	14.25	NAN	
398.3	-2.715	0	14.25	NAN	
398.4	-2.715	0	14.25	NAN	
398.5	-2.715	0	14.25	NAN	
398.6	-2.715	0	14.25	NAN	
398.7	-2.715	0	14.25	NAN	
398.8	-2.715	0	14.25	NAN	
398.9	-2.715	0	14.25	NAN	
399	-2.715	0	14.25	NAN	
399.1	-2.715	0	14.25	NAN	
399.2	-2.715	0	14.25	NAN	
399.3	-2.715	0	14.25	NAN	
399.4	-2.715	0	14.25	NAN	
399.5	-2.715	0	14.25	NAN	
399.6	-2.715	0	14.25	NAN	
399.7	-2.715	0	14.25	NAN	
399.8	-2.715	0	14.25	NAN	
399.9	-2.715	0	14.25	NAN	
400	-2.7	0	14.25	NAN	
400.1	-2.7	0	14.25	NAN	
400.2	-2.7	0	14.25	NAN	
400.3	-2.7	0	14.25	NAN	
400.4	-2.7	0	14.25	NAN	
400.5	-2.7	0	14.25	NAN	
400.6	-2.7	0	14.25	NAN	
400.7	-2.7	0	14.25	NAN	
400.8	-2.7	0	14.25	NAN	
400.9	-2.7	0	14.25	NAN	
401	-2.715	0	14.25	NAN	
401.1	-2.715	0	14.25	NAN	
401.2	-2.715	0	14.25	NAN	
401.3	-2.715	0	14.25	NAN	
401.4	-2.715	0	14.25	NAN	
401.5	-2.715	0	14.25	NAN	
401.6	-2.715	0	14.25	NAN	
401.7	-2.715	0	14.25	NAN	
401.8	-2.715	0	14.25	NAN	
401.9	-2.715	0	14.25	NAN	
402	-2.715	0	14.25	NAN	
402.1	-2.715	0	14.25	NAN	
402.2	-2.715	0	14.25	NAN	
402.3	-2.715	0	14.25	NAN	
402.4	-2.715	0	14.25	NAN	
402.5	-2.715	0	14.25	NAN	
402.6	-2.715	0	14.25	NAN	
402.7	-2.715	0	14.25	NAN	
402.8	-2.715	0	14.25	NAN	
402.9	-2.715	0	14.25	NAN	
403	-2.715	0	14.25	NAN	
403.1	-2.715	0	14.25	NAN	
403.2	-2.715	0	14.25	NAN	
403.3	-2.715	0	14.25	NAN	
403.4	-2.715	0	14.25	NAN	
403.5	-2.715	0	14.25	NAN	
403.6	-2.715	0	14.25	NAN	
403.7	-2.715	0	14.25	NAN	
403.8	-2.715	0	14.25	NAN	
403.9	-2.715	0	14.25	NAN	
404	-2.715	0	14.25	NAN	
404.1	-2.715	0	14.25	NAN	
404.2	-2.715	0	14.25	NAN	
404.3	-2.715	0	14.25	NAN	
404.4	-2.715	0	14.25	NAN	
404.5	-2.715	0	14.25	NAN	
404.6	-2.715	0	14.25	NAN	
404.7	-2.715	0	14.25	NAN	
404.8	-2.715	0	14.25	NAN	
404.9	-2.715	0	14.25	NAN	
405	-2.715	0	14.25	NAN	
405.1	-2.715	0	14.25	NAN	
405.2	-2.715	0	14.25	NAN	
405.3	-2.715	0	14.25	NAN	
405.4	-2.715	0	14.25	NAN	
405.5	-2.715	0	14.25	NAN	
405.6	-2.715	0	14.25	NAN	
405.7	-2.715	0	14.25	NAN	
405.8	-2.715	0	14.25	NAN	
405.9	-2.715	0	14.25	NAN	
406	-2.715	0	14.25	NAN	
406.1	-2.715	0	14.25	NAN	
406.2	-2.715	0	14.25	NAN	
406.3	-2.715	0	14.25	NAN	
406.4	-2.715	0	14.25	NAN	
406.5	-2.715	0	14.25	NAN	
406.6	-2.715	0	14.25	NAN	
406.7	-2.715	0	14.25	NAN	
406.8	-2.715	0	14.25	NAN	
406.9	-2.715	0	14.25	NAN	
407	-2.73	0	14.25	NAN	
407.1	-2.73	0	14.25	NAN	
407.2	-2.73	0	14.25	NAN	
407.3	-2.73	0	14.25	NAN	
407.4	-2.73	0	14.25	NAN	
407.5	-2.73	0	14.25	NAN	
407.6	-2.73	0	14.25	NAN	
407.7	-2.73	0	14.25	NAN	
407.8	-2.73	0	14.25	NAN	
407.9	-2.73	0	14.25	NAN	
408	-2.73	0	14.25	NAN	
408.101	-2.73	0	14.25	NAN	
408.2	-2.73	0	14.25	NAN	
408.3	-2.73	0	14.25	NAN	
408.4	-2.73	0	14.25	NAN	
408.5	-2.73	0	14.25	NAN	
408.6	-2.73	0	14.25	NAN	
408.7	-2.73	0	14.25	NAN	
408.8	-2.73	0	14.25	NAN	
408.9	-2.73	0	14.25	NAN	
409	-2.73	0	14.25	NAN	
409.1	-2.73	0	14.25	NAN	
409.2	-2.73	0	14.25	NAN	
409.3	-2.73	0	14.25	NAN	
409.4	-2.73	0	14.25	NAN	
409.5	-2.73	0	14.25	NAN	
409.6	-2.73	0	14.25	NAN	
409.7	-2.73	0	14.25	NAN	
409.8	-2.73	0	14.25	NAN	
409.9	-2.73	0	14.25	NAN	
410	-2.73	0	14.25	NAN	
410.1	-2.73	0	14.25	NAN	
410.2	-2.73	0	14.25	NAN	
410.3	-2.73	0	14.25	NAN	
410.4	-2.73	0	14.25	NAN	
410.5	-2.73	0	14.25	NAN	
410.6	-2.73	0	14.25	NAN	
410.7	-2.73	0	14.25	NAN	
410.8	-2.73	0	14.25	NAN	
410.9	-2.73	0	14.25	NAN	
411	-2.715	0	14.25	NAN	
411.1	-2.715	0	14.25	NAN	
411.2	-2.715	0	14.25	NAN	
411.3	-2.715	0	14.25	NAN	
411.4	-2.715	0	14.25	NAN	
411.5	-2.715	0	14.25	NAN	
411.6	-2.715	0	14.25	NAN	
411.7	-2.715	0	14.25	NAN	
411.8	-2.715	0	14.25	NAN	
411.9	-2.715	0	14.25	NAN	
412	-2.715	0	14.25	NAN	
412.1	-2.715	0	14.25	NAN	
412.2	-2.715	0	14.25	NAN	
412.3	-2.715	0	14.25	NAN	
412.4	-2.715	0	14.25	NAN	
412.5	-2.715	0	14.25	NAN	
412.6	-2.715	0	14.25	NAN	
412.7	-2.715	0	14.25	NAN	
412.8	-2.715	0	14.25	NAN	
412.9	-2.715	0	14.25	NAN	
413	-2.715	0	14.25	NAN	
413.1	-2.715	0	14.25	NAN	
413.2	-2.715	0	14.25	NAN	
413.3	-2.715	0	14.25	NAN	
413.4	-2.715	0	14.25	NAN	
413.5	-2.715	0	14.25	NAN	
413.6	-2.715	0	14.25	NAN	
413.7	-2.715	0	14.25	NAN	
413.8	-2.715	0	14.25	NAN	
413.9	-2.715	0	14.25	NAN	
414	-2.7	0	14.25	NAN	
414.1	-2.7	0	14.25	NAN	
414.2	-2.7	0	14.25	NAN	
414.3	-2.7	0	14.25	NAN	
414.4	-2.7	0	14.25	NAN	
414.5	-2.7	0	14.25	NAN	
414.6	-2.7	0	14.25	NAN	
414.7	-2.7	0	14.25	NAN	
414.8	-2.7	0	14.25	NAN	
414.9	-2.7	0	14.25	NAN	
415	-2.7	0	14.25	NAN	
415.1	-2.7	0	14.25	NAN	
415.2	-2.7	0	14.25	NAN	
415.3	-2.7	0	14.25	NAN	
415.4	-2.7	0	14.25	NAN	
415.5	-2.7	0	14.25	NAN	
415.6	-2.7	0	14.25	NAN	
415.7	-2.7	0	14.25	NAN	
415.8	-2.7	0	14.25	NAN	
415.9	-2.7	0	14.25	NAN	
416	-2.7	0	14.25	NAN	
416.1	-2.7	0	14.25	NAN	
416.2	-2.7	0	14.25	NAN	
416.3	-2.7	0	14.25	NAN	
416.4	-2.7	0	14.25	NAN	
416.5	-2.7	0	14.25	NAN	
416.6	-2.7	0	14.25	NAN	
416.7	-2.7	0	14.25	NAN	
416.8	-2.7	0	14.25	NAN	
416.9	-2.7	0	14.25	NAN	
417	-2.7	0	14.25	NAN	
417.1	-2.7	0	14.25	NAN	
417.2	-2.7	0	14.25	NAN	
417.3	-2.7	0	14.25	NAN	
417.4	-2.7	0	14.25	NAN	
417.5	-2.7	0	14.25	NAN	
417.6	-2.7	0	14.25	NAN	
417.7	-2.7	0	14.25	NAN	
417.8	-2.7	0	14.25	NAN	
417.9	-2.7	0	14.25	NAN	
418	-2.7	0	14.25	NAN	
418.1	-2.7	0	14.25	NAN	
418.2	-2.7	0	14.25	NAN	
418.3	-2.7	0	14.25	NAN	
418.4	-2.7	0	14.25	NAN	
418.5	-2.7	0	14.25	NAN	
418.6	-2.7	0	14.25	NAN	
418.7	-2.7	0	14.25	NAN	
418.8	-2.7	0	14.25	NAN	
418.9	-2.7	0	14.25	NAN	
419	-2.7	0	14.25	NAN	
419.1	-2.7	0	14.25	NAN	
419.2	-2.7	0	14.25	NAN	
419.3	-2.7	0	14.25	NAN	
419.4	-2.7	0	14.25	NAN	
419.5	-2.7	0	14.25	NAN	
419.6	-2.7	0	14.25	NAN	
419.7	-2.7	0	14.25	NAN	
419.8	-2.7	0	14.25	NAN	
419.9	-2.7	0	14.25	NAN	
420	-2.7	0	14.25	NAN	
420.1	-2.7	0	14.25	NAN	
420.2	-2.7	0	14.25	NAN	
420.3	-2.7	0	14.25	NAN	
420.4	-2.7	0	14.25	NAN	
420.5	-2.7	0	14.25	NAN	
420.6	-2.7	0	14.25	NAN	
420.7	-2.7	0	14.25	NAN	
420.8	-2.7	0	14.25	NAN	
420.9	-2.7	0	14.25	NAN	
421	-2.7	0	14.25	NAN	
421.1	-2.7	0	14.25	NAN	
421.2	-2.7	0	14.25	NAN	
421.3	-2.7	0	14.25	NAN	
421.4	-2.7	0	14.25	NAN	
421.5	-2.7	0	14.25	NAN	
421.6	-2.7	0	14.25	NAN	
421.7	-2.7	0	14.25	NAN	
421.8	-2.7	0	14.25	NAN	
421.9	-2.7	0	14.25	NAN	
422	-2.7	0	14.25	NAN	
422.1	-2.7	0	14.25	NAN	
422.2	-2.7	0	14.25	NAN	
422.3	-2.7	0	14.25	NAN	
422.4	-2.7	0	14.25	NAN	
422.5	-2.7	0	14.25	NAN	
422.6	-2.7	0	14.25	NAN	
422.7	-2.7	0	14.25	NAN	
422.8	-2.7	0	14.25	NAN	
422.9	-2.7	0	14.25	NAN	
423	-2.7	0	14.25	NAN	
423.1	-2.7	0	14.25	NAN	
423.2	-2.7	0	14.25	NAN	
423.3	-2.7	0	14.25	NAN	
423.4	-2.7	0	14.25	NAN	
423.5	-2.7	0	14.25	NAN	
423.6	-2.7	0	14.25	NAN	
423.7	-2.7	0	14.25	NAN	
423.8	-2.7	0	14.25	NAN	
423.9	-2.7	0	14.25	NAN	
424	-2.715	0	14.25	NAN	
424.1	-2.715	0	14.25	NAN	
424.2	-2.715	0	14.25	NAN	
424.3	-2.715	0	14.25	NAN	
424.4	-2.715	0	14.25	NAN	
424.5	-2.715	0	14.25	NAN	
424.6	-2.715	0	14.25	NAN	
424.7	-2.715	0	14.25	NAN	
424.8	-2.715	0	14.25	NAN	
424.9	-2.715	0	14.25	NAN	
425	-2.715	0	14.25	NAN	
425.1	-2.715	0	14.25	NAN	
425.2	-2.715	0	14.25	NAN	
425.3	-2.715	0	14.25	NAN	
425.4	-2.715	0	14.25	NAN	
425.5	-2.715	0	14.25	NAN	
425.6	-2.715	0	14.25	NAN	
425.7	-2.715	0	14.25	NAN	
425.8	-2.715	0	14.25	NAN	
425.9	-2.715	0	14.25	NAN	
426	-2.715	0	14.25	NAN	
426.1	-2.715	0	14.25	NAN	
426.2	-2.715	0	14.25	NAN	
426.3	-2.715	0	14.25	NAN	
426.4	-2.715	0	14.25	NAN	
426.5	-2.715	0	14.25	NAN	
426.6	-2.715	0	14.25	NAN	
426.7	-2.715	0	14.25	NAN	
426.8	-2.715	0	14.25	NAN	
426.9	-2.715	0	14.25	NAN	
427	-2.73	0	14.25	NAN	
427.1	-2.73	0	14.25	NAN	
427.2	-2.73	0	14.25	NAN	
427.3	-2.73	0	14.25	NAN	
427.4	-2.73	0	14.25	NAN	
427.5	-2.73	0	14.25	NAN	
427.6	-2.73	0	14.25	NAN	
427.7	-2.73	0	14.25	NAN	
427.8	-2.73	0	14.25	NAN	
427.9	-2.73	0	14.25	NAN	
428	-2.73	0	14.25	NAN	
428.1	-2.73	0	14.25	NAN	
428.2	-2.73	0	14.25	NAN	
428.3	-2.73	0	14.25	NAN	
428.4	-2.73	0	14.25	NAN	
428.5	-2.73	0	14.25	NAN	
428.6	-2.73	0	14.25	NAN	
428.7	-2.73	0	14.25	NAN	
428.8	-2.73	0	14.25	NAN	
428.9	-2.73	0	14.25	NAN	
429	-2.73	0	14.25	NAN	
429.1	-2.73	0	14.25	NAN	
429.2	-2.73	0	14.25	NAN	
429.3	-2.73	0	14.25	NAN	
429.4	-2.73	0	14.25	NAN	
429.5	-2.73	0	14.25	NAN	
429.6	-2.73	0	14.25	NAN	
429.7	-2.73	0	14.25	NAN	
429.8	-2.73	0	14.25	NAN	
429.9	-2.73	0	14.25	NAN	
430	-2.745	0	14.25	NAN	
430.1	-2.745	0	14.25	NAN	
430.2	-2.745	0	14.25	NAN	
430.3	-2.745	0	14.25	NAN	
430.4	-2.745	0	14.25	NAN	
430.5	-2.745	0	14.25	NAN	
430.6	-2.745	0	14.25	NAN	
430.7	-2.745	0	14.25	NAN	
430.8	-2.745	0	14.25	NAN	
430.9	-2.745	0	14.25	NAN	
431	-2.745	0	14.25	NAN	
431.1	-2.745	0	14.25	NAN	
431.2	-2.745	0	14.25	NAN	
431.3	-2.745	0	14.25	NAN	
431.4	-2.745	0	14.25	NAN	
431.5	-2.745	0	14.25	NAN	
431.6	-2.745	0	14.25	NAN	
431.7	-2.745	0	14.25	NAN	
431.8	-2.745	0	14.25	NAN	
431.9	-2.745	0	14.25	NAN	
432	-2.76	0	14.25	NAN	
432.1	-2.76	0	14.25	NAN	
432.2	-2.76	0	14.25	NAN	
432.3	-2.76	0	14.25	NAN	
432.4	-2.76	0	14.25	NAN	
432.5	-2.76	0	14.25	NAN	
432.6	-2.76	0	14.25	NAN	
432.7	-2.76	0	14.25	NAN	
432.8	-2.76	0	14.25	NAN	
432.9	-2.76	0	14.25	NAN	
433	-2.76	0	14.25	NAN	
433.1	-2.76	0	14.25	NAN	
433.2	-2.76	0	14.25	NAN	
433.3	-2.76	0	14.25	NAN	
433.4	-2.76	0	14.25	NAN	
433.5	-2.76	0	14.25	NAN	
433.6	-2.76	0	14.25	NAN	
433.7	-2.76	0	14.25	NAN	
433.8	-2.76	0	14.25	NAN	
433.9	-2.76	0	14.25	NAN	
434	-2.76	0	14.25	NAN	
434.1	-2.76	0	14.25	NAN	
434.204	-2.76	0	14.25	NAN	
434.3	-2.76	0	14.25	NAN	
434.4	-2.76	0	14.25	NAN	
434.5	-2.76	0	14.25	NAN	
434.6	-2.76	0	14.25	NAN	
434.7	-2.76	0	14.25	NAN	
434.8	-2.76	0	14.25	NAN	
434.9	-2.76	0	14.25	NAN	
435	-2.775	0	14.25	NAN	
435.1	-2.775	0	14.25	NAN	
435.2	-2.775	0	14.25	NAN	
435.3	-2.775	0	14.25	NAN	
435.4	-2.775	0	14.25	NAN	
435.5	-2.775	0	14.25	NAN	
435.6	-2.775	0	14.25	NAN	
435.7	-2.775	0	14.25	NAN	
435.8	-2.775	0	14.25	NAN	
435.9	-2.775	0	14.25	NAN	
436	-2.79	0	14.25	NAN	
436.1	-2.79	0	14.25	NAN	
436.2	-2.79	0	14.25	NAN	
436.3	-2.79	0	14.25	NAN	
436.4	-2.79	0	14.25	NAN	
436.5	-2.79	0	14.25	NAN	
436.6	-2.79	0	14.25	NAN	
436.7	-2.79	0	14.25	NAN	
436.8	-2.79	0	14.25	NAN	
436.9	-2.79	0	14.25	NAN	
437	-2.79	0	14.25	NAN	
437.1	-2.79	0	14.25	NAN	
437.2	-2.79	0	14.25	NAN	
437.3	-2.79	0	14.25	NAN	
437.4	-2.79	0	14.25	NAN	
437.5	-2.79	0	14.25	NAN	
437.6	-2.79	0	14.25	NAN	
437.7	-2.79	0	14.25	NAN	
437.8	-2.79	0	14.25	NAN	
437.9	-2.79	0	14.25	NAN	
438	-2.79	0	14.25	NAN	
438.1	-2.79	0	14.25	NAN	
438.2	-2.79	0	14.25	NAN	
438.3	-2.79	0	14.25	NAN	
438.4	-2.79	0	14.25	NAN	
438.5	-2.79	0	14.25	NAN	
438.6	-2.79	0	14.25	NAN	
438.7	-2.79	0	14.25	NAN	
438.8	-2.79	0	14.25	NAN	
438.9	-2.79	0	14.25	NAN	
439	-2.775	0	14.25	NAN	
439.1	-2.775	0	14.25	NAN	
439.2	-2.775	0	14.25	NAN	
439.3	-2.775	0	14.25	NAN	
439.4	-2.775	0	14.25	NAN	
439.5	-2.775	0	14.25	NAN	
439.6	-2.775	0	14.25	NAN	
439.7	-2.775	0	14.25	NAN	
439.8	-2.775	0	14.25	NAN	
439.9	-2.775	0	14.25	NAN	
440	-2.775	0	14.25	NAN	
440.1	-2.775	0	14.25	NAN	
440.2	-2.775	0	14.25	NAN	
440.3	-2.775	0	14.25	NAN	
440.4	-2.775	0	14.25	NAN	
440.5	-2.775	0	14.25	NAN	
440.6	-2.775	0	14.25	NAN	
440.7	-2.775	0	14.25	NAN	
440.8	-2.775	0	14.25	NAN	
440.9	-2.775	0	14.25	NAN	
441	-2.775	0	14.25	NAN	
441.1	-2.775	0	14.25	NAN	
441.2	-2.775	0	14.25	NAN	
441.3	-2.775	0	14.25	NAN	
441.4	-2.775	0	14.25	NAN	
441.5	-2.775	0	14.25	NAN	
441.6	-2.775	0	14.25	NAN	
441.7	-2.775	0	14.25	NAN	
441.8	-2.775	0	14.25	NAN	
441.9	-2.775	0	14.25	NAN	
442	-2.76	0	14.25	NAN	
442.1	-2.76	0	14.25	NAN	
442.2	-2.76	0	14.25	NAN	
442.3	-2.76	0	14.25	NAN	
442.4	-2.76	0	14.25	NAN	
442.5	-2.76	0	14.25	NAN	
442.6	-2.76	0	14.25	NAN	
442.7	-2.76	0	14.25	NAN	
442.8	-2.76	0	14.25	NAN	
442.9	-2.76	0	14.25	NAN	
443	-2.76	0	14.25	NAN	
443.1	-2.76	0	14.25	NAN	
443.2	-2.76	0	14.25	NAN	
443.3	-2.76	0	14.25	NAN	
443.4	-2.76	0	14.25	NAN	
443.5	-2.76	0	14.25	NAN	
443.6	-2.76	0	14.25	NAN	
443.7	-2.76	0	14.25	NAN	
443.8	-2.76	0	14.25	NAN	
443.9	-2.76	0	14.25	NAN	
444	-2.76	0	14.25	NAN	
444.1	-2.76	0	14.25	NAN	
444.2	-2.76	0	14.25	NAN	
444.3	-2.76	0	14.25	NAN	
444.4	-2.76	0	14.25	NAN	
444.5	-2.76	0	14.25	NAN	
444.6	-2.76	0	14.25	NAN	
444.7	-2.76	0	14.25	NAN	
444.8	-2.76	0	14.25	NAN	
444.9	-2.76	0	14.25	NAN	
445	-2.76	0	14.25	NAN	
445.1	-2.76	0	14.25	NAN	
445.2	-2.76	0	14.25	NAN	
445.3	-2.76	0	14.25	NAN	
445.4	-2.76	0	14.25	NAN	
445.5	-2.76	0	14.25	NAN	
445.6	-2.76	0	14.25	NAN	
445.7	-2.76	0	14.25	NAN	
445.8	-2.76	0	14.25	NAN	
445.9	-2.76	0	14.25	NAN	
446	-2.76	0	14.25	NAN	
446.1	-2.76	0	14.25	NAN	
446.2	-2.76	0	14.25	NAN	
446.3	-2.76	0	14.25	NAN	
446.4	-2.76	0	14.25	NAN	
446.5	-2.76	0	14.25	NAN	
446.6	-2.76	0	14.25	NAN	
446.7	-2.76	0	14.25	NAN	
446.8	-2.76	0	14.25	NAN	
446.9	-2.76	0	14.25	NAN	
447	-2.76	0	14.25	NAN	
447.1	-2.76	0	14.25	NAN	
447.2	-2.76	0	14.25	NAN	
447.3	-2.76	0	14.25	NAN	
447.4	-2.76	0	14.25	NAN	
447.5	-2.76	0	14.25	NAN	
447.6	-2.76	0	14.25	NAN	
447.7	-2.76	0	14.25	NAN	
447.8	-2.76	0	14.25	NAN	
447.9	-2.76	-0.0015	14.25	NAN	
448	-2.76	-0.0015	14.25	NAN	
448.1	-2.775	-0.0015	14.25	NAN	
448.2	-2.775	-0.0015	14.25	NAN	
448.3	-2.775	-0.0015	14.25	NAN	
448.4	-2.775	-0.0015	14.25	NAN	
448.5	-2.775	-0.0015	14.25	NAN	
448.6	-2.775	-0.0015	14.25	NAN	
448.7	-2.775	-0.0015	14.25	NAN	
448.8	-2.775	-0.0015	14.25	NAN	
448.9	-2.775	0	14.25	NAN	
449	-2.775	0	14.25	NAN	
449.1	-2.775	0	14.25	NAN	
449.2	-2.775	0	14.25	NAN	
449.3	-2.775	0	14.25	NAN	
449.4	-2.775	0	14.25	NAN	
449.5	-2.775	0	14.25	NAN	
449.6	-2.775	0	14.25	NAN	
449.7	-2.775	0	14.25	NAN	
449.8	-2.775	0	14.25	NAN	
449.9	-2.775	0	14.25	NAN	
450	-2.775	0	14.25	NAN	
450.1	-2.76	0	14.25	NAN	
450.2	-2.76	0	14.25	NAN	
450.3	-2.76	0	14.25	NAN	
450.4	-2.76	0	14.25	NAN	
450.5	-2.76	0	14.25	NAN	
450.6	-2.76	0	14.25	NAN	
450.7	-2.76	0	14.25	NAN	
450.8	-2.76	0	14.25	NAN	
450.9	-2.76	0	14.25	NAN	
451	-2.76	0	14.25	NAN	
451.1	-2.76	0	14.25	NAN	
451.2	-2.76	0	14.25	NAN	
451.3	-2.76	0	14.25	NAN	
451.4	-2.76	0	14.25	NAN	
451.5	-2.76	0	14.25	NAN	
451.6	-2.76	0	14.25	NAN	
451.7	-2.76	0	14.25	NAN	
451.8	-2.76	0	14.25	NAN	
451.9	-2.76	0	14.25	NAN	
452	-2.76	0	14.25	NAN	
452.1	-2.76	0	14.25	NAN	
452.2	-2.76	0	14.25	NAN	
452.3	-2.76	0	14.25	NAN	
452.4	-2.76	0	14.25	NAN	
452.5	-2.76	0	14.25	NAN	
452.6	-2.76	0	14.25	NAN	
452.7	-2.76	0	14.25	NAN	
452.8	-2.76	0	14.25	NAN	
452.9	-2.76	0	14.25	NAN	
453	-2.76	0	14.25	NAN	
453.1	-2.745	0	14.25	NAN	
453.2	-2.745	0	14.25	NAN	
453.3	-2.745	0	14.25	NAN	
453.4	-2.745	0	14.25	NAN	
453.5	-2.745	0	14.25	NAN	
453.6	-2.745	0	14.25	NAN	
453.7	-2.745	0	14.25	NAN	
453.8	-2.745	0	14.25	NAN	
453.9	-2.745	0	14.25	NAN	
454	-2.745	0	14.25	NAN	
454.1	-2.745	0	14.25	NAN	
454.2	-2.745	0	14.25	NAN	
454.3	-2.745	0	14.25	NAN	
454.4	-2.745	0	14.25	NAN	
454.5	-2.745	0	14.25	NAN	
454.6	-2.745	0	14.25	NAN	
454.7	-2.745	0	14.25	NAN	
454.8	-2.745	0	14.25	NAN	
539.1	-2.55	0.0015	14.55	NAN	
539.2	-2.55	0.0015	14.55	NAN	
539.3	-2.55	0.0015	14.55	NAN	
539.4	-2.55	0.0015	14.55	NAN	
539.5	-2.55	0.0015	14.55	NAN	
539.6	-2.55	0.0015	14.55	NAN	
539.7	-2.55	0.0015	14.55	NAN	
539.8	-2.55	0.0015	14.55	NAN	
539.9	-2.55	0.0015	14.55	NAN	
540	-2.55	0.0015	14.55	NAN	
540.1	-2.55	0	14.55	NAN	
540.2	-2.55	0	14.55	NAN	
540.3	-2.55	0	14.55	NAN	
540.4	-2.55	0	14.55	NAN	
540.5	-2.55	0	14.55	NAN	
540.6	-2.55	0	14.55	NAN	
540.7	-2.55	0	14.55	NAN	
540.8	-2.55	0	14.55	NAN	
540.9	-2.55	0	14.55	NAN	
541	-2.55	0	14.55	NAN	
541.1	-2.55	0	14.4	NAN	
541.2	-2.55	0	14.4	NAN	
541.3	-2.55	0	14.4	NAN	
541.4	-2.55	0	14.4	NAN	
541.5	-2.55	0	14.4	NAN	
541.6	-2.55	0	14.4	NAN	
541.7	-2.55	0	14.4	NAN	
541.8	-2.55	0	14.4	NAN	
541.9	-2.55	0	14.4	NAN	
542	-2.55	0	14.4	NAN	
542.1	-2.55	0	14.4	NAN	
542.2	-2.55	0	14.4	NAN	
542.3	-2.55	0	14.4	NAN	
542.4	-2.55	0	14.4	NAN	
542.5	-2.55	0	14.4	NAN	
542.6	-2.55	0	14.4	NAN	
542.7	-2.55	0	14.4	NAN	
542.8	-2.55	0	14.4	NAN	
542.9	-2.55	0	14.4	NAN	
543	-2.55	0	14.4	NAN	
543.1	-2.55	0	14.4	NAN	
543.2	-2.55	0	14.4	NAN	
543.3	-2.55	0	14.4	NAN	
543.4	-2.55	0	14.4	NAN	
543.5	-2.55	0	14.4	NAN	
543.6	-2.55	0	14.4	NAN	
543.7	-2.55	0	14.4	NAN	
543.8	-2.55	0	14.4	NAN	
543.9	-2.55	0	14.4	NAN	
544	-2.55	0	14.4	NAN	
544.1	-2.565	0	14.4	NAN	
544.2	-2.565	0	14.4	NAN	
544.3	-2.565	0	14.4	NAN	
544.4	-2.565	0	14.4	NAN	
544.5	-2.565	0	14.4	NAN	
544.6	-2.565	0	14.4	NAN	
544.7	-2.565	0	14.4	NAN	
544.8	-2.565	0	14.4	NAN	
544.9	-2.565	0	14.4	NAN	
545	-2.565	0	14.4	NAN	
545.1	-2.565	0	14.4	NAN	
545.2	-2.565	0	14.4	NAN	
545.3	-2.565	0	14.4	NAN	
545.4	-2.565	0	14.4	NAN	
545.5	-2.565	0	14.4	NAN	
545.6	-2.565	0	14.4	NAN	
545.7	-2.565	0	14.4	NAN	
545.8	-2.565	0	14.4	NAN	
545.9	-2.565	0	14.4	NAN	
546	-2.565	0	14.4	NAN	
546.1	-2.565	0	14.4	NAN	
546.2	-2.565	0	14.4	NAN	
546.3	-2.565	0	14.4	NAN	
546.4	-2.565	0	14.4	NAN	
546.5	-2.565	0	14.4	NAN	
546.6	-2.565	0	14.4	NAN	
546.7	-2.565	0	14.4	NAN	
546.8	-2.565	0	14.4	NAN	
546.9	-2.565	0	14.4	NAN	
547	-2.565	0	14.4	NAN	
547.1	-2.55	0	14.4	NAN	
547.2	-2.55	0	14.4	NAN	
547.3	-2.55	0	14.4	NAN	
547.4	-2.55	0	14.4	NAN	
547.5	-2.55	0	14.4	NAN	
547.6	-2.55	0	14.4	NAN	
547.7	-2.55	0	14.4	NAN	
547.8	-2.55	0	14.4	NAN	
547.9	-2.55	0	14.4	NAN	
548	-2.55	0	14.4	NAN	
548.1	-2.55	0	14.4	NAN	
548.2	-2.55	0	14.4	NAN	
548.3	-2.55	0	14.4	NAN	
548.4	-2.55	0	14.4	NAN	
548.5	-2.55	0	14.4	NAN	
548.6	-2.55	0	14.4	NAN	
548.7	-2.55	0	14.4	NAN	
548.8	-2.55	0	14.4	NAN	
548.9	-2.55	0	14.4	NAN	
549	-2.55	0	14.4	NAN	
549.1	-2.55	0	14.4	NAN	
549.2	-2.55	0	14.4	NAN	
549.3	-2.55	0	14.4	NAN	
549.4	-2.55	0	14.4	NAN	
549.5	-2.55	0	14.4	NAN	
549.6	-2.55	0	14.4	NAN	
549.7	-2.55	0	14.4	NAN	
549.8	-2.55	0	14.4	NAN	
549.9	-2.55	0	14.4	NAN	
550	-2.55	0	14.4	NAN	
550.1	-2.565	0	14.4	NAN	
550.2	-2.565	0	14.4	NAN	
550.3	-2.565	0	14.4	NAN	
550.4	-2.565	0	14.4	NAN	
550.5	-2.565	0	14.4	NAN	
550.6	-2.565	0	14.4	NAN	
550.7	-2.565	0	14.4	NAN	
550.8	-2.565	0	14.4	NAN	
550.9	-2.565	0	14.4	NAN	
551	-2.565	0	14.4	NAN	
551.1	-2.565	0	14.4	NAN	
551.2	-2.565	0	14.4	NAN	
551.3	-2.565	0	14.4	NAN	
551.4	-2.565	0	14.4	NAN	
551.5	-2.565	0	14.4	NAN	
551.6	-2.565	0	14.4	NAN	
551.7	-2.565	0	14.4	NAN	
551.8	-2.565	0	14.4	NAN	
551.9	-2.565	0	14.4	NAN	
552	-2.565	0	14.4	NAN	
552.1	-2.565	0	14.4	NAN	
552.2	-2.565	0	14.4	NAN	
552.3	-2.565	0	14.4	NAN	
552.4	-2.565	0	14.4	NAN	
552.5	-2.565	0	14.4	NAN	
552.6	-2.565	0	14.4	NAN	
552.7	-2.565	0	14.4	NAN	
552.8	-2.565	0	14.4	NAN	
552.9	-2.565	0	14.4	NAN	
553	-2.565	0	14.4	NAN	
553.1	-2.58	0	14.4	NAN	
553.2	-2.58	0	14.4	NAN	
553.3	-2.58	0	14.4	NAN	
553.4	-2.58	0	14.4	NAN	
553.5	-2.58	0	14.4	NAN	
553.6	-2.58	0	14.4	NAN	
553.7	-2.58	0	14.4	NAN	
553.8	-2.58	0	14.4	NAN	
553.9	-2.58	0	14.4	NAN	
554	-2.58	0	14.4	NAN	
554.1	-2.58	0	14.4	NAN	
554.2	-2.58	0	14.4	NAN	
554.3	-2.58	0	14.4	NAN	
554.4	-2.58	0	14.4	NAN	
554.5	-2.58	0	14.4	NAN	
554.6	-2.58	0	14.4	NAN	
554.7	-2.58	0	14.4	NAN	
554.8	-2.58	0	14.4	NAN	
554.9	-2.58	0	14.4	NAN	
555	-2.58	0	14.4	NAN	
555.1	-2.58	0	14.4	NAN	
555.2	-2.58	0	14.4	NAN	
555.3	-2.58	0	14.4	NAN	
555.4	-2.58	0	14.4	NAN	
555.5	-2.58	0	14.4	NAN	
555.6	-2.58	0	14.4	NAN	
555.7	-2.58	0	14.4	NAN	
555.8	-2.58	0	14.4	NAN	
555.9	-2.58	0	14.4	NAN	
556	-2.58	0	14.4	NAN	
556.1	-2.595	0	14.4	NAN	
556.2	-2.595	0	14.4	NAN	
556.3	-2.595	0	14.4	NAN	
556.4	-2.595	0	14.4	NAN	
556.5	-2.595	0	14.4	NAN	
556.6	-2.595	0	14.4	NAN	
556.7	-2.595	0	14.4	NAN	
556.8	-2.595	0	14.4	NAN	
556.9	-2.595	0	14.4	NAN	
557	-2.595	0	14.4	NAN	
557.1	-2.595	0	14.4	NAN	
557.2	-2.595	0	14.4	NAN	
557.3	-2.595	0	14.4	NAN	
557.4	-2.595	0	14.4	NAN	
557.5	-2.595	0	14.4	NAN	
557.6	-2.595	0	14.4	NAN	
557.7	-2.595	0	14.4	NAN	
557.8	-2.595	0	14.4	NAN	
557.9	-2.595	0	14.4	NAN	
558	-2.595	0	14.4	NAN	
558.1	-2.595	0	14.4	NAN	
558.2	-2.595	0	14.4	NAN	
558.3	-2.595	0	14.4	NAN	
558.4	-2.595	0	14.4	NAN	
558.5	-2.595	0	14.4	NAN	
558.6	-2.595	0	14.4	NAN	
558.7	-2.595	0	14.4	NAN	
558.8	-2.595	0	14.4	NAN	
558.9	-2.595	0	14.4	NAN	
559	-2.595	0	14.4	NAN	
559.1	-2.595	0	14.4	NAN	
559.2	-2.595	0	14.4	NAN	
559.3	-2.595	0	14.4	NAN	
559.4	-2.595	0	14.4	NAN	
559.5	-2.595	0	14.4	NAN	
559.6	-2.595	0	14.4	NAN	
559.7	-2.595	0	14.4	NAN	
559.8	-2.595	0	14.4	NAN	
559.9	-2.595	0	14.4	NAN	
560	-2.595	0	14.4	NAN	
560.1	-2.595	0	14.4	NAN	
560.2	-2.595	0	14.4	NAN	
560.3	-2.595	0	14.4	NAN	
560.4	-2.595	0	14.4	NAN	
560.5	-2.595	0	14.4	NAN	
560.6	-2.595	0	14.4	NAN	
560.7	-2.595	0	14.4	NAN	
560.8	-2.595	0	14.4	NAN	
560.9	-2.595	0	14.4	NAN	
561	-2.595	0	14.4	NAN	
561.1	-2.595	0	14.4	NAN	
561.2	-2.595	0	14.4	NAN	
561.3	-2.595	0	14.4	NAN	
561.4	-2.595	0	14.4	NAN	
561.5	-2.595	0	14.4	NAN	
561.6	-2.595	0	14.4	NAN	
561.7	-2.595	0	14.4	NAN	
561.8	-2.595	0	14.4	NAN	
561.9	-2.595	0	14.4	NAN	
562	-2.595	0	14.4	NAN	
562.1	-2.595	0	14.4	NAN	
562.2	-2.595	0	14.4	NAN	
562.3	-2.595	0	14.4	NAN	
562.4	-2.595	0	14.4	NAN	
562.5	-2.595	0	14.4	NAN	
562.6	-2.595	0	14.4	NAN	
562.7	-2.595	0	14.4	NAN	
562.8	-2.595	0	14.4	NAN	
562.9	-2.595	0	14.4	NAN	
563	-2.595	0	14.4	NAN	
563.1	-2.595	0	14.4	NAN	
563.2	-2.595	0	14.4	NAN	
563.3	-2.595	0	14.4	NAN	
563.4	-2.595	0	14.4	NAN	
563.5	-2.595	0	14.4	NAN	
563.6	-2.595	0	14.4	NAN	
563.7	-2.595	0	14.4	NAN	
563.8	-2.595	0	14.4	NAN	
563.9	-2.595	0	14.4	NAN	
564	-2.595	0	14.4	NAN	
564.1	-2.595	0	14.4	NAN	
564.2	-2.595	0	14.4	NAN	
564.3	-2.595	0	14.4	NAN	
564.4	-2.595	0	14.4	NAN	
564.5	-2.595	0	14.4	NAN	
564.6	-2.595	0	14.4	NAN	
564.7	-2.595	0	14.4	NAN	
564.8	-2.595	0	14.4	NAN	
564.9	-2.595	0	14.4	NAN	
565	-2.595	0	14.4	NAN	
565.1	-2.595	0	14.4	NAN	
565.2	-2.595	0	14.4	NAN	
565.3	-2.595	0	14.4	NAN	
565.4	-2.595	0	14.4	NAN	
565.5	-2.595	0	14.4	NAN	
565.6	-2.595	0	14.4	NAN	
565.7	-2.595	0	14.4	NAN	
565.8	-2.595	0	14.4	NAN	
565.9	-2.595	0	14.4	NAN	
566	-2.595	0	14.4	NAN	
566.1	-2.595	0	14.4	NAN	
566.2	-2.595	0	14.4	NAN	
566.3	-2.595	0	14.4	NAN	
566.4	-2.595	0	14.4	NAN	
566.5	-2.595	0	14.4	NAN	
566.6	-2.595	0	14.4	NAN	
566.7	-2.595	0	14.4	NAN	
566.8	-2.595	0	14.4	NAN	
566.9	-2.595	0	14.4	NAN	
567	-2.595	0	14.4	NAN	
567.1	-2.595	0	14.4	NAN	
567.2	-2.595	0	14.4	NAN	
567.3	-2.595	0	14.4	NAN	
567.4	-2.595	0	14.4	NAN	
567.5	-2.595	0	14.4	NAN	
567.6	-2.595	0	14.4	NAN	
567.7	-2.595	0	14.4	NAN	
567.8	-2.595	0	14.4	NAN	
567.9	-2.595	0	14.4	NAN	
568	-2.595	0	14.4	NAN	
568.1	-2.61	0	14.4	NAN	
568.2	-2.61	0	14.4	NAN	
568.3	-2.61	0	14.4	NAN	
568.4	-2.61	0	14.4	NAN	
568.5	-2.61	0	14.4	NAN	
568.6	-2.61	0	14.4	NAN	
568.7	-2.61	0	14.4	NAN	
568.8	-2.61	0	14.4	NAN	
568.9	-2.61	0	14.4	NAN	
569	-2.61	0	14.4	NAN	
569.1	-2.61	0	14.4	NAN	
569.2	-2.61	0	14.4	NAN	
569.3	-2.61	0	14.4	NAN	
569.4	-2.61	0	14.4	NAN	
569.5	-2.61	0	14.4	NAN	
569.6	-2.61	0	14.4	NAN	
569.7	-2.61	0	14.4	NAN	
569.8	-2.61	0	14.4	NAN	
569.9	-2.61	0	14.4	NAN	
570	-2.61	0	14.4	NAN	
570.1	-2.61	0	14.4	NAN	
570.2	-2.61	0	14.4	NAN	
570.3	-2.61	0	14.4	NAN	
570.4	-2.61	0	14.4	NAN	
570.5	-2.61	0	14.4	NAN	
570.6	-2.61	0	14.4	NAN	
570.7	-2.61	0	14.4	NAN	
570.8	-2.61	0	14.4	NAN	
570.9	-2.61	0	14.4	NAN	
571	-2.61	0	14.4	NAN	
571.1	-2.61	0	14.4	NAN	
571.2	-2.595	0	14.4	NAN	
571.3	-2.595	0	14.4	NAN	
571.4	-2.595	0	14.4	NAN	
571.5	-2.595	0	14.4	NAN	
571.6	-2.595	0	14.4	NAN	
571.7	-2.595	0	14.4	NAN	
571.8	-2.595	0	14.4	NAN	
571.9	-2.595	0	14.4	NAN	
572	-2.595	0	14.4	NAN	
572.1	-2.595	0	14.4	NAN	
572.2	-2.595	0	14.4	NAN	
572.3	-2.595	0	14.4	NAN	
572.4	-2.595	0	14.4	NAN	
572.5	-2.595	0	14.4	NAN	
572.6	-2.595	0	14.4	NAN	
572.7	-2.595	0	14.4	NAN	
572.8	-2.595	0	14.4	NAN	
572.9	-2.595	0	14.4	NAN	
573	-2.595	0	14.4	NAN	
573.1	-2.595	0	14.4	NAN	
573.2	-2.595	0	14.4	NAN	
573.3	-2.595	0	14.4	NAN	
573.4	-2.595	0	14.4	NAN	
573.5	-2.595	0	14.4	NAN	
573.6	-2.595	0	14.4	NAN	
573.7	-2.595	0	14.4	NAN	
573.8	-2.595	0	14.4	NAN	
573.9	-2.595	0	14.4	NAN	
574	-2.595	0	14.4	NAN	
574.1	-2.595	0	14.4	NAN	
574.2	-2.595	0	14.4	NAN	
574.3	-2.595	0	14.4	NAN	
574.4	-2.595	0	14.4	NAN	
574.5	-2.595	0	14.4	NAN	
574.6	-2.595	0	14.4	NAN	
574.7	-2.595	0	14.4	NAN	
574.8	-2.595	0	14.4	NAN	
574.9	-2.595	0	14.4	NAN	
575	-2.595	0	14.4	NAN	
575.1	-2.595	0	14.4	NAN	
575.2	-2.595	0	14.4	NAN	
575.3	-2.595	0	14.4	NAN	
575.4	-2.595	0	14.4	NAN	
575.5	-2.595	0	14.4	NAN	
575.6	-2.595	0	14.4	NAN	
575.7	-2.595	0	14.4	NAN	
575.8	-2.595	0	14.4	NAN	
575.9	-2.595	0	14.4	NAN	
576	-2.595	0	14.4	NAN	
576.1	-2.595	0	14.4	NAN	
576.2	-2.58	0	14.4	NAN	
576.3	-2.58	0	14.4	NAN	
576.4	-2.58	0	14.4	NAN	
576.5	-2.58	0	14.4	NAN	
576.6	-2.58	0	14.4	NAN	
576.7	-2.58	0	14.4	NAN	
576.8	-2.58	0	14.4	NAN	
576.9	-2.58	0	14.4	NAN	
577	-2.58	0	14.4	NAN	
577.1	-2.58	0	14.4	NAN	
577.2	-2.58	0	14.4	NAN	
577.3	-2.58	0	14.4	NAN	
577.4	-2.58	0	14.4	NAN	
577.5	-2.58	0	14.4	NAN	
577.6	-2.58	0	14.4	NAN	
577.7	-2.58	0	14.4	NAN	
577.8	-2.58	0	14.4	NAN	
577.9	-2.58	0	14.4	NAN	
578	-2.58	0	14.4	NAN	
578.1	-2.58	0	14.4	NAN	
578.2	-2.58	0	14.4	NAN	
578.3	-2.58	0	14.4	NAN	
578.4	-2.58	0	14.4	NAN	
578.5	-2.58	0	14.4	NAN	
578.6	-2.58	0	14.4	NAN	
578.7	-2.58	0	14.4	NAN	
578.8	-2.58	0	14.4	NAN	
578.9	-2.58	0	14.4	NAN	
579	-2.58	0	14.4	NAN	
579.1	-2.58	0	14.4	NAN	
579.2	-2.595	0	14.4	NAN	
579.3	-2.595	0	14.4	NAN	
579.4	-2.595	0	14.4	NAN	
579.5	-2.595	0	14.4	NAN	
579.6	-2.595	0	14.4	NAN	
579.7	-2.595	0	14.4	NAN	
579.8	-2.595	0	14.4	NAN	
579.9	-2.595	0	14.4	NAN	
580	-2.595	0	14.4	NAN	
580.1	-2.595	0	14.4	NAN	
580.2	-2.58	0	14.4	NAN	
580.3	-2.58	0	14.4	NAN	
580.4	-2.58	0	14.4	NAN	
580.5	-2.58	0	14.4	NAN	
580.6	-2.58	0	14.4	NAN	
580.7	-2.58	0	14.4	NAN	
580.8	-2.58	0	14.4	NAN	
580.9	-2.58	0	14.4	NAN	
581	-2.58	0	14.4	NAN	
581.1	-2.58	0	14.4	NAN	
581.2	-2.595	0	14.4	NAN	
581.3	-2.595	0	14.4	NAN	
581.4	-2.595	0	14.4	NAN	
581.5	-2.595	0	14.4	NAN	
581.6	-2.595	0	14.4	NAN	
581.7	-2.595	0	14.4	NAN	
581.8	-2.595	0	14.4	NAN	
581.9	-2.595	0	14.4	NAN	
582	-2.595	0	14.4	NAN	
582.1	-2.595	0	14.4	NAN	
582.2	-2.595	0	14.4	NAN	
582.3	-2.595	0	14.4	NAN	
582.4	-2.595	0	14.4	NAN	
582.5	-2.595	0	14.4	NAN	
582.6	-2.595	0	14.4	NAN	
582.7	-2.595	0	14.4	NAN	
582.8	-2.595	0	14.4	NAN	
582.9	-2.595	0	14.4	NAN	
583	-2.595	0	14.4	NAN	
583.1	-2.595	0	14.4	NAN	
583.2	-2.595	0	14.4	NAN	
583.3	-2.595	0	14.4	NAN	
583.4	-2.595	0	14.4	NAN	
583.5	-2.595	0	14.4	NAN	
583.6	-2.595	0	14.4	NAN	
583.7	-2.595	0	14.4	NAN	
583.8	-2.595	0	14.4	NAN	
583.9	-2.595	0	14.4	NAN	
584	-2.595	0	14.4	NAN	
584.1	-2.595	0	14.4	NAN	
584.2	-2.595	0	14.4	NAN	
584.3	-2.595	0	14.4	NAN	
584.4	-2.595	0	14.4	NAN	
584.5	-2.595	0	14.4	NAN	
584.6	-2.595	0	14.4	NAN	
584.7	-2.595	0	14.4	NAN	
584.8	-2.595	0	14.4	NAN	
584.9	-2.595	0	14.4	NAN	
585	-2.595	0	14.4	NAN	
585.1	-2.595	0	14.4	NAN	
585.2	-2.595	0	14.4	NAN	
585.3	-2.595	0	14.4	NAN	
585.4	-2.595	0	14.4	NAN	
585.5	-2.595	0	14.4	NAN	
585.6	-2.595	0	14.4	NAN	
585.7	-2.595	0	14.4	NAN	
585.8	-2.595	0	14.4	NAN	
585.9	-2.595	0	14.4	NAN	
586	-2.595	0	14.4	NAN	
586.1	-2.595	0	14.4	NAN	
586.2	-2.595	0	14.4	NAN	
586.3	-2.595	0	14.4	NAN	
586.4	-2.595	0	14.4	NAN	
586.5	-2.595	0	14.4	NAN	
586.6	-2.595	0	14.4	NAN	
586.7	-2.595	0	14.4	NAN	
586.8	-2.595	0	14.4	NAN	
586.9	-2.595	0	14.4	NAN	
587	-2.595	0	14.4	NAN	
587.1	-2.595	0	14.4	NAN	
587.2	-2.595	0	14.4	NAN	
587.3	-2.595	0	14.4	NAN	
587.4	-2.595	0	14.4	NAN	
587.5	-2.595	0	14.4	NAN	
587.6	-2.595	0	14.4	NAN	
587.7	-2.595	0	14.4	NAN	
587.8	-2.595	0	14.4	NAN	
587.9	-2.595	0	14.4	NAN	
588	-2.595	0	14.4	NAN	
588.1	-2.595	0	14.4	NAN	
588.2	-2.595	0	14.4	NAN	
588.3	-2.595	0	14.4	NAN	
588.4	-2.595	0	14.4	NAN	
588.5	-2.595	0	14.4	NAN	
588.6	-2.595	0	14.4	NAN	
588.7	-2.595	0	14.4	NAN	
588.8	-2.595	0	14.4	NAN	
588.9	-2.595	0	14.4	NAN	
589	-2.595	0	14.4	NAN	
589.1	-2.595	0	14.4	NAN	
589.2	-2.595	0	14.4	NAN	
589.3	-2.595	0	14.4	NAN	
589.4	-2.595	0	14.4	NAN	
589.5	-2.595	0	14.4	NAN	
589.6	-2.595	0	14.4	NAN	
589.7	-2.595	0	14.4	NAN	
589.8	-2.595	0	14.4	NAN	
589.9	-2.595	0	14.4	NAN	
590	-2.595	0	14.4	NAN	
590.1	-2.595	0	14.4	NAN	
590.2	-2.61	0	14.4	NAN	
590.3	-2.61	0	14.4	NAN	
590.4	-2.61	0	14.4	NAN	
590.5	-2.61	0	14.4	NAN	
590.6	-2.61	0	14.4	NAN	
590.7	-2.61	0	14.4	NAN	
590.8	-2.61	0	14.4	NAN	
590.9	-2.61	0	14.4	NAN	
591	-2.61	0	14.4	NAN	
591.1	-2.61	0	14.4	NAN	
591.2	-2.61	0	14.4	NAN	
591.3	-2.61	0	14.4	NAN	
591.4	-2.61	0	14.4	NAN	
591.5	-2.61	0	14.4	NAN	
591.6	-2.61	0	14.4	NAN	
591.7	-2.61	0	14.4	NAN	
591.8	-2.61	0	14.4	NAN	
591.9	-2.61	0	14.4	NAN	
592	-2.61	0	14.4	NAN	
592.1	-2.61	0	14.4	NAN	
592.2	-2.61	0	14.4	NAN	
592.3	-2.61	0	14.4	NAN	
592.4	-2.61	0	14.4	NAN	
592.5	-2.61	0	14.4	NAN	
592.6	-2.61	0	14.4	NAN	
592.7	-2.61	0	14.4	NAN	
592.8	-2.61	0	14.4	NAN	
592.9	-2.61	0	14.4	NAN	
593	-2.61	0	14.4	NAN	
593.1	-2.61	0	14.4	NAN	
593.2	-2.595	0	14.4	NAN	
593.3	-2.595	0	14.4	NAN	
593.4	-2.595	0	14.4	NAN	
593.5	-2.595	0	14.4	NAN	
593.6	-2.595	0	14.4	NAN	
593.7	-2.595	0	14.4	NAN	
593.8	-2.595	0	14.4	NAN	
593.9	-2.595	0	14.4	NAN	
594	-2.595	0	14.4	NAN	
594.1	-2.595	0	14.4	NAN	
594.2	-2.595	0	14.4	NAN	
594.3	-2.595	0	14.4	NAN	
594.4	-2.595	0	14.4	NAN	
594.5	-2.595	0	14.4	NAN	
594.6	-2.595	0	14.4	NAN	
594.7	-2.595	0	14.4	NAN	
594.8	-2.595	0	14.4	NAN	
594.9	-2.595	0	14.4	NAN	
595	-2.595	0	14.4	NAN
