# MIN=0	-30	-3	-300	0	
# MAX=905.0966799	30	3	300	5	
# SCALE=100	10	1	100	1	
# DEC=1	2	3	1	3	
# DEF="Zeit" t / s	"Spannung" U_A1 / mV	"Strom" I_A2 / A	"Magn. Flussdichte" B_B2 / mT	"Frequenz" f / Hz	
235.3	-2.55	0	9.9	NAN	
235.4	-2.55	0	9.9	NAN	
235.5	-2.55	0	9.9	NAN	
235.6	-2.55	0	9.9	NAN	
235.7	-2.55	0	9.9	NAN	
235.8	-2.55	0	9.9	NAN	
235.9	-2.55	0	9.9	NAN	
236	-2.55	0	9.9	NAN	
236.1	-2.55	0	9.9	NAN	
236.2	-2.55	0	9.9	NAN	
236.3	-2.55	0	9.9	NAN	
236.4	-2.55	0	9.9	NAN	
236.5	-2.55	0	9.9	NAN	
236.6	-2.55	0	9.9	NAN	
236.7	-2.55	0	9.9	NAN	
236.8	-2.55	0	9.9	NAN	
236.9	-2.55	0	9.9	NAN	
237	-2.55	0	9.9	NAN	
237.1	-2.55	0	9.9	NAN	
237.2	-2.55	0	9.9	NAN	
237.3	-2.55	0	9.9	NAN	
237.4	-2.55	0	9.9	NAN	
237.5	-2.55	0	9.9	NAN	
237.6	-2.55	0	9.9	NAN	
237.7	-2.55	0	9.9	NAN	
237.8	-2.55	0	9.9	NAN	
237.9	-2.55	0	9.9	NAN	
238	-2.55	0	9.9	NAN	
238.1	-2.55	0	9.9	NAN	
238.2	-2.55	0	9.9	NAN	
238.3	-2.55	0	9.9	NAN	
238.4	-2.55	0	9.9	NAN	
238.5	-2.55	0	9.9	NAN	
238.6	-2.55	0	9.9	NAN	
238.7	-2.55	0	9.9	NAN	
238.8	-2.55	0	9.9	NAN	
238.9	-2.55	0	9.9	NAN	
239	-2.55	0	9.9	NAN	
239.1	-2.55	0	9.9	NAN	
239.2	-2.55	0	9.9	NAN	
239.3	-2.55	0	9.9	NAN	
239.4	-2.55	0	9.9	NAN	
239.5	-2.55	0	9.9	NAN	
239.6	-2.55	0	9.9	NAN	
239.7	-2.55	0	9.9	NAN	
239.8	-2.55	0	9.9	NAN	
239.9	-2.55	0	9.9	NAN	
240	-2.55	0	9.9	NAN	
240.1	-2.55	0	9.9	NAN	
240.2	-2.55	0	9.9	NAN	
240.3	-2.55	0	9.9	NAN	
240.4	-2.55	0	9.9	NAN	
240.5	-2.55	0	9.9	NAN	
240.6	-2.55	0	9.9	NAN	
240.7	-2.55	0	9.9	NAN	
240.8	-2.55	0	9.9	NAN	
240.9	-2.55	0	9.9	NAN	
241	-2.55	0	9.9	NAN	
241.1	-2.55	0	9.9	NAN	
241.2	-2.55	0	9.9	NAN	
241.3	-2.55	0	9.9	NAN	
241.4	-2.55	0	9.9	NAN	
241.5	-2.55	0	9.9	NAN	
241.6	-2.55	0	9.9	NAN	
241.7	-2.55	0	9.9	NAN	
241.8	-2.55	0	9.9	NAN	
241.9	-2.55	0	9.9	NAN	
242	-2.55	0	9.9	NAN	
242.1	-2.55	0	9.9	NAN	
242.2	-2.55	0	9.9	NAN	
242.3	-2.55	0	9.9	NAN	
242.4	-2.55	0	9.9	NAN	
242.5	-2.55	0	9.9	NAN	
242.6	-2.55	0	9.9	NAN	
242.7	-2.55	0	9.9	NAN	
242.8	-2.55	0	9.9	NAN	
242.9	-2.55	0	9.9	NAN	
243	-2.55	0	9.9	NAN	
243.1	-2.55	0	9.9	NAN	
243.2	-2.55	0	9.9	NAN	
243.3	-2.55	0	9.9	NAN	
243.4	-2.55	0	9.9	NAN	
243.5	-2.55	0	9.9	NAN	
243.6	-2.55	0	9.9	NAN	
243.7	-2.55	0	9.9	NAN	
243.8	-2.55	0	9.9	NAN	
243.9	-2.55	0	9.9	NAN	
244	-2.55	0	9.9	NAN	
244.1	-2.55	0	9.9	NAN	
244.2	-2.55	0	9.9	NAN	
244.3	-2.55	0	9.9	NAN	
244.4	-2.55	0	9.9	NAN	
244.5	-2.55	0	9.9	NAN	
244.6	-2.55	0	9.9	NAN	
244.7	-2.55	0	9.9	NAN	
244.8	-2.55	0	9.9	NAN	
244.9	-2.55	0	9.9	NAN	
245	-2.55	0	9.9	NAN	
245.1	-2.55	0	9.9	NAN	
245.2	-2.55	0	9.9	NAN	
245.3	-2.55	0	9.9	NAN	
245.4	-2.55	0	9.9	NAN	
245.5	-2.55	0	9.9	NAN	
245.6	-2.55	0	9.9	NAN	
245.7	-2.55	0	9.9	NAN	
245.8	-2.55	0	9.9	NAN	
245.9	-2.535	0	9.9	NAN	
246	-2.535	0	9.9	NAN	
246.1	-2.535	0	9.9	NAN	
246.2	-2.535	0	9.9	NAN	
246.3	-2.535	0	9.9	NAN	
246.4	-2.535	0	9.9	NAN	
246.5	-2.535	0	9.9	NAN	
246.6	-2.535	0	9.9	NAN	
246.7	-2.535	0	9.9	NAN	
246.8	-2.535	0	9.9	NAN	
246.9	-2.535	0	9.9	NAN	
247	-2.535	0	9.9	NAN	
247.1	-2.535	0	9.9	NAN	
247.2	-2.535	0	9.9	NAN	
247.3	-2.535	0	9.9	NAN	
247.4	-2.535	0	9.9	NAN	
247.5	-2.535	0	9.9	NAN	
247.6	-2.535	0	9.9	NAN	
247.7	-2.535	0	9.9	NAN	
247.8	-2.535	0	9.9	NAN	
247.9	-2.535	0	9.9	NAN	
248	-2.535	0	9.9	NAN	
248.1	-2.535	0	9.9	NAN	
248.2	-2.535	0	9.9	NAN	
248.3	-2.535	0	9.9	NAN	
248.4	-2.535	0	9.9	NAN	
248.5	-2.535	0	9.9	NAN	
248.6	-2.535	0	9.9	NAN	
248.7	-2.535	0	9.9	NAN	
248.8	-2.535	0	9.9	NAN	
248.9	-2.535	0	9.9	NAN	
249	-2.535	0	9.9	NAN	
249.1	-2.535	0	9.9	NAN	
249.2	-2.535	0	9.9	NAN	
249.3	-2.535	0	9.9	NAN	
249.4	-2.535	0	9.9	NAN	
249.5	-2.535	0	9.9	NAN	
249.6	-2.535	0	9.9	NAN	
249.7	-2.535	0	9.9	NAN	
249.8	-2.535	0	9.9	NAN	
249.9	-2.535	0	9.9	NAN	
250	-2.535	0	9.9	NAN	
250.1	-2.535	0	9.9	NAN	
250.2	-2.535	0	9.9	NAN	
250.3	-2.535	0	9.9	NAN	
250.4	-2.535	0	9.9	NAN	
250.5	-2.535	0	9.9	NAN	
250.6	-2.535	0	9.9	NAN	
250.7	-2.535	0	9.9	NAN	
250.8	-2.535	0	9.9	NAN	
250.9	-2.535	0	9.9	NAN	
251	-2.535	0	9.9	NAN	
251.1	-2.535	0	9.9	NAN	
251.2	-2.535	0	9.9	NAN	
251.3	-2.535	0	9.9	NAN	
251.4	-2.535	0	9.9	NAN	
251.5	-2.535	0	9.9	NAN	
251.6	-2.535	0	9.9	NAN	
251.7	-2.535	0	9.9	NAN	
251.8	-2.535	0	9.9	NAN	
251.9	-2.535	0	9.9	NAN	
252	-2.535	0	9.9	NAN	
252.1	-2.535	0	9.9	NAN	
252.2	-2.535	0	9.9	NAN	
252.3	-2.535	0	9.9	NAN	
252.4	-2.535	0	9.9	NAN	
252.5	-2.535	0	9.9	NAN	
252.6	-2.535	0	9.9	NAN	
252.7	-2.535	0	9.9	NAN	
252.8	-2.535	0	9.9	NAN	
252.9	-2.535	0	9.9	NAN	
253	-2.535	0	9.9	NAN	
253.1	-2.535	0	9.9	NAN	
253.2	-2.535	0	9.9	NAN	
253.3	-2.535	0	9.9	NAN	
253.4	-2.535	0	9.9	NAN	
253.5	-2.535	0	9.9	NAN	
253.6	-2.535	0	9.9	NAN	
253.7	-2.535	0	9.9	NAN	
253.8	-2.535	0	9.9	NAN	
253.9	-2.535	0	9.9	NAN	
254	-2.535	0	9.9	NAN	
254.1	-2.535	0	9.9	NAN	
254.2	-2.535	0	9.9	NAN	
254.3	-2.535	0	9.9	NAN	
254.4	-2.535	0	9.9	NAN	
254.5	-2.535	0	9.9	NAN	
254.6	-2.535	0	9.9	NAN	
254.7	-2.535	0	9.9	NAN	
254.8	-2.535	0	9.9	NAN	
254.9	-2.535	0	9.9	NAN	
255	-2.535	0	9.9	NAN	
255.1	-2.535	0	9.9	NAN	
255.2	-2.535	0	9.9	NAN	
255.3	-2.535	0	9.9	NAN	
255.4	-2.535	0	9.9	NAN	
255.501	-2.535	0	9.9	NAN	
255.6	-2.535	0	9.9	NAN	
255.7	-2.535	0	9.9	NAN	
255.8	-2.535	0	9.9	NAN	
255.9	-2.55	0	9.9	NAN	
256	-2.55	0	9.9	NAN	
256.1	-2.55	0	9.9	NAN	
256.2	-2.55	0	9.9	NAN	
256.3	-2.55	0	9.9	NAN	
256.4	-2.55	0	9.9	NAN	
256.5	-2.55	0	9.9	NAN	
256.6	-2.55	0	9.9	NAN	
256.7	-2.55	0	9.9	NAN	
256.8	-2.55	0	9.9	NAN	
256.9	-2.55	0	9.9	NAN	
257	-2.55	0	9.9	NAN	
257.1	-2.55	0	9.9	NAN	
257.2	-2.55	0	9.9	NAN	
257.3	-2.55	0	9.9	NAN	
257.4	-2.55	0	9.9	NAN	
257.5	-2.55	0	9.9	NAN	
257.6	-2.55	0	9.9	NAN	
257.7	-2.55	0	9.9	NAN	
257.8	-2.55	0	9.9	NAN	
257.9	-2.55	0	9.9	NAN	
258	-2.55	0	9.9	NAN	
258.1	-2.55	0	9.9	NAN	
258.2	-2.55	0	9.9	NAN	
258.3	-2.55	0	9.9	NAN	
258.4	-2.55	0	9.9	NAN	
258.5	-2.55	0	9.9	NAN	
258.6	-2.55	0	9.9	NAN	
258.7	-2.55	0	9.9	NAN	
258.8	-2.55	0	9.9	NAN	
258.9	-2.55	0	9.9	NAN	
259	-2.55	0	9.9	NAN	
259.1	-2.55	0	9.9	NAN	
259.2	-2.55	0	9.9	NAN	
259.3	-2.55	0	9.9	NAN	
259.4	-2.55	0	9.9	NAN	
259.5	-2.55	0	9.9	NAN	
259.6	-2.55	0	9.9	NAN	
259.7	-2.55	0	9.9	NAN	
259.8	-2.55	0	9.9	NAN	
259.9	-2.55	0	9.9	NAN	
260	-2.55	0	9.9	NAN	
260.1	-2.55	0	9.9	NAN	
260.2	-2.55	0	9.9	NAN	
260.3	-2.55	0	9.9	NAN	
260.4	-2.55	0	9.9	NAN	
260.5	-2.55	0	9.9	NAN	
260.6	-2.55	0	9.9	NAN	
260.7	-2.55	0	9.9	NAN	
260.8	-2.55	0	9.9	NAN	
260.9	-2.565	0	9.9	NAN	
261	-2.565	0	9.9	NAN	
261.1	-2.565	0	9.9	NAN	
261.2	-2.565	0	9.9	NAN	
261.3	-2.565	0	9.9	NAN	
261.4	-2.565	0	9.9	NAN	
261.5	-2.565	0	9.9	NAN	
261.6	-2.565	0	9.9	NAN	
261.7	-2.565	0	9.9	NAN	
261.8	-2.565	0	9.9	NAN	
261.9	-2.565	0	9.9	NAN	
262	-2.565	0	9.9	NAN	
262.1	-2.565	0	9.9	NAN	
262.2	-2.565	0	9.9	NAN	
262.3	-2.565	0	9.9	NAN	
262.4	-2.565	0	9.9	NAN	
262.5	-2.565	0	9.9	NAN	
262.6	-2.565	0	9.9	NAN	
262.7	-2.565	0	9.9	NAN	
262.8	-2.565	0	9.9	NAN	
262.9	-2.565	0	9.9	NAN	
263	-2.565	0	9.9	NAN	
263.1	-2.565	0	9.9	NAN	
263.2	-2.565	0	9.9	NAN	
263.3	-2.565	0	9.9	NAN	
263.4	-2.565	0	9.9	NAN	
263.5	-2.565	0	9.9	NAN	
263.6	-2.565	0	9.9	NAN	
263.7	-2.565	0	9.9	NAN	
263.8	-2.565	0	9.9	NAN	
263.9	-2.565	0	9.9	NAN	
264	-2.565	0	9.9	NAN	
264.1	-2.565	0	9.9	NAN	
264.2	-2.565	0	9.9	NAN	
264.3	-2.565	0	9.9	NAN	
264.4	-2.565	0	9.9	NAN	
264.5	-2.565	0	9.9	NAN	
264.6	-2.565	0	9.9	NAN	
264.7	-2.565	0	9.9	NAN	
264.8	-2.565	0	9.9	NAN	
264.9	-2.565	0	9.9	NAN	
265	-2.565	0	9.9	NAN	
265.1	-2.565	0	9.9	NAN	
265.2	-2.565	0	9.9	NAN	
265.3	-2.565	0	9.9	NAN	
265.4	-2.565	0	9.9	NAN	
265.5	-2.565	0	9.9	NAN	
265.6	-2.565	0	9.9	NAN	
265.7	-2.565	0	9.9	NAN	
265.8	-2.565	0	9.9	NAN	
265.9	-2.55	0	9.9	NAN	
266	-2.55	0	9.9	NAN	
266.1	-2.55	0	9.9	NAN	
266.2	-2.55	0	9.9	NAN	
266.3	-2.55	0	9.9	NAN	
266.4	-2.55	0	9.9	NAN	
266.5	-2.55	0	9.9	NAN	
266.6	-2.55	0	9.9	NAN	
266.7	-2.55	0	9.9	NAN	
266.8	-2.55	0	9.9	NAN	
266.9	-2.52	0	9.9	NAN	
267	-2.52	0	9.9	NAN	
267.1	-2.52	0	9.9	NAN	
267.2	-2.52	0	9.9	NAN	
267.3	-2.52	0	9.9	NAN	
267.4	-2.52	0	9.9	NAN	
267.5	-2.52	0	9.9	NAN	
267.6	-2.52	0	9.9	NAN	
267.7	-2.52	0	9.9	NAN	
267.8	-2.52	0	9.9	NAN	
267.9	-2.505	0	9.9	NAN	
268	-2.505	0	9.9	NAN	
268.1	-2.505	0	9.9	NAN	
268.2	-2.505	0	9.9	NAN	
268.3	-2.505	0	9.9	NAN	
268.4	-2.505	0	9.9	NAN	
268.5	-2.505	0	9.9	NAN	
268.6	-2.505	0	9.9	NAN	
268.7	-2.505	0	9.9	NAN	
268.8	-2.505	0	9.9	NAN	
268.9	-2.52	0	9.9	NAN	
269	-2.52	0	9.9	NAN	
269.1	-2.52	0	9.9	NAN	
269.2	-2.52	0	9.9	NAN	
269.3	-2.52	0	9.9	NAN	
269.4	-2.52	0	9.9	NAN	
269.5	-2.52	0	9.9	NAN	
269.6	-2.52	0	9.9	NAN	
269.7	-2.52	0	9.9	NAN	
269.8	-2.52	0	9.9	NAN	
269.9	-2.52	0	9.9	NAN	
270	-2.52	0	9.9	NAN	
270.1	-2.52	0	9.9	NAN	
270.2	-2.52	0	9.9	NAN	
270.3	-2.52	0	9.9	NAN	
270.4	-2.52	0	9.9	NAN	
270.5	-2.52	0	9.9	NAN	
270.6	-2.52	0	9.9	NAN	
270.7	-2.52	0	9.9	NAN	
270.8	-2.52	0	9.9	NAN	
270.9	-2.52	0	9.9	NAN	
271	-2.52	0	9.9	NAN	
271.1	-2.52	0	9.9	NAN	
271.2	-2.52	0	9.9	NAN	
271.3	-2.52	0	9.9	NAN	
271.4	-2.52	0	9.9	NAN	
271.5	-2.52	0	9.9	NAN	
271.6	-2.52	0	9.9	NAN	
271.7	-2.52	0	9.9	NAN	
271.8	-2.52	0	9.9	NAN	
271.9	-2.535	0	9.9	NAN	
272	-2.535	0	9.9	NAN	
272.1	-2.535	0	9.9	NAN	
272.2	-2.535	0	9.9	NAN	
272.3	-2.535	0	9.9	NAN	
272.4	-2.535	0	9.9	NAN	
272.5	-2.535	0	9.9	NAN	
272.6	-2.535	0	9.9	NAN	
272.7	-2.535	0	9.9	NAN	
272.8	-2.535	0	9.9	NAN	
272.9	-2.535	0	9.9	NAN	
273	-2.535	0	9.9	NAN	
273.1	-2.535	0	9.9	NAN	
273.2	-2.535	0	9.9	NAN	
273.3	-2.535	0	9.9	NAN	
273.4	-2.535	0	9.9	NAN	
273.5	-2.535	0	9.9	NAN	
273.6	-2.535	0	9.9	NAN	
273.7	-2.535	0	9.9	NAN	
273.8	-2.535	0	9.9	NAN	
273.9	-2.535	0	9.9	NAN	
274	-2.535	0	9.9	NAN	
274.1	-2.535	0	9.9	NAN	
274.2	-2.535	0	9.9	NAN	
274.3	-2.535	0	9.9	NAN	
274.4	-2.535	0	9.9	NAN	
274.5	-2.535	0	9.9	NAN	
274.6	-2.535	0	9.9	NAN	
274.7	-2.535	0	9.9	NAN	
274.8	-2.535	0	9.9	NAN	
274.9	-2.535	0	9.9	NAN	
275	-2.535	0	9.9	NAN	
275.1	-2.535	0	9.9	NAN	
275.2	-2.535	0	9.9	NAN	
275.3	-2.535	0	9.9	NAN	
275.4	-2.535	0	9.9	NAN	
275.5	-2.535	0	9.9	NAN	
275.6	-2.535	0	9.9	NAN	
275.7	-2.535	0	9.9	NAN	
275.8	-2.535	0	9.9	NAN	
275.9	-2.535	0	9.9	NAN	
276	-2.535	0	9.9	NAN	
276.1	-2.535	0	9.9	NAN	
276.2	-2.535	0	9.9	NAN	
276.3	-2.535	0	9.9	NAN	
276.4	-2.535	0	9.9	NAN	
276.5	-2.535	0	9.9	NAN	
276.6	-2.535	0	9.9	NAN	
276.7	-2.535	0	9.9	NAN	
276.8	-2.535	0	9.9	NAN	
276.9	-2.535	0	9.9	NAN	
277	-2.535	0	9.9	NAN	
277.1	-2.535	0	9.9	NAN	
277.2	-2.535	0	9.9	NAN	
277.3	-2.535	0	9.9	NAN	
277.4	-2.535	0	9.9	NAN	
277.5	-2.535	0	9.9	NAN	
277.6	-2.535	0	9.9	NAN	
277.7	-2.535	0	9.9	NAN	
277.8	-2.535	0	9.9	NAN	
277.9	-2.535	0	9.9	NAN	
278	-2.535	0	9.9	NAN	
278.1	-2.535	0	9.9	NAN	
278.2	-2.535	0	9.9	NAN	
278.3	-2.535	0	9.9	NAN	
278.4	-2.535	0	9.9	NAN	
278.5	-2.535	0	9.9	NAN	
278.6	-2.535	0	9.9	NAN	
278.7	-2.535	0	9.9	NAN	
278.8	-2.535	0	9.9	NAN	
278.9	-2.535	0	9.9	NAN	
279	-2.535	0	9.9	NAN	
279.1	-2.535	0	9.9	NAN	
279.2	-2.535	0	9.9	NAN	
279.3	-2.535	0	9.9	NAN	
279.4	-2.535	0	9.9	NAN	
279.5	-2.535	0	9.9	NAN	
279.6	-2.535	0	9.9	NAN	
279.7	-2.535	0	9.9	NAN	
279.8	-2.535	0	9.9	NAN	
279.9	-2.535	0	9.9	NAN	
280	-2.535	0	9.9	NAN	
280.1	-2.535	0	9.9	NAN	
280.2	-2.535	0	9.9	NAN	
280.3	-2.535	0	9.9	NAN	
280.4	-2.535	0	9.9	NAN	
280.5	-2.535	0	9.9	NAN	
280.6	-2.535	0	9.9	NAN	
280.7	-2.535	0	9.9	NAN	
280.8	-2.535	0	9.9	NAN	
280.9	-2.535	0	9.9	NAN	
281	-2.535	0	9.9	NAN	
281.1	-2.535	0	9.9	NAN	
281.2	-2.535	0	9.9	NAN	
281.3	-2.535	0	9.9	NAN	
281.4	-2.535	0	9.9	NAN	
281.5	-2.535	0	9.9	NAN	
281.603	-2.535	0	9.9	NAN	
281.7	-2.535	0	9.9	NAN	
281.8	-2.535	0	9.9	NAN	
281.9	-2.535	0	9.9	NAN	
282	-2.535	0	9.9	NAN	
282.1	-2.535	0	9.9	NAN	
282.2	-2.535	0	9.9	NAN	
282.3	-2.535	0	9.9	NAN	
282.4	-2.535	0	9.9	NAN	
282.5	-2.535	0	9.9	NAN	
282.6	-2.535	0	9.9	NAN	
282.7	-2.535	0	9.9	NAN	
282.8	-2.535	0	9.9	NAN	
282.9	-2.535	0	9.9	NAN	
283	-2.535	0	9.9	NAN	
283.1	-2.535	0	9.9	NAN	
283.2	-2.535	0	9.9	NAN	
283.3	-2.535	0	9.9	NAN	
283.4	-2.535	0	9.9	NAN	
283.5	-2.535	0	9.9	NAN	
283.6	-2.535	0	9.9	NAN	
283.7	-2.535	0	9.9	NAN	
283.8	-2.535	0	9.9	NAN	
283.9	-2.535	0	9.9	NAN	
284	-2.535	0	9.9	NAN	
284.1	-2.535	0	9.9	NAN	
284.2	-2.535	0	9.9	NAN	
284.3	-2.535	0	9.9	NAN	
284.4	-2.535	0	9.9	NAN	
284.5	-2.535	0	9.9	NAN	
284.6	-2.535	0	9.9	NAN	
284.7	-2.535	0	9.9	NAN	
284.8	-2.535	0	9.9	NAN	
284.9	-2.535	0	9.9	NAN	
285	-2.535	0	9.9	NAN	
285.1	-2.535	0	9.9	NAN	
285.2	-2.535	0	9.9	NAN	
285.3	-2.535	0	9.9	NAN	
285.4	-2.535	0	9.9	NAN	
285.5	-2.535	0	9.9	NAN	
285.6	-2.535	0	9.9	NAN	
285.7	-2.535	0	9.9	NAN	
285.8	-2.535	0	9.9	NAN	
285.9	-2.535	0	9.9	NAN	
286	-2.535	0	9.9	NAN	
286.1	-2.535	0	9.9	NAN	
286.2	-2.535	0	9.9	NAN	
286.3	-2.535	0	9.9	NAN	
286.4	-2.535	0	9.9	NAN	
286.5	-2.535	0	9.9	NAN	
286.6	-2.535	0	9.9	NAN	
286.7	-2.535	0	9.9	NAN	
286.8	-2.535	0	9.9	NAN	
286.9	-2.535	0	9.9	NAN	
287	-2.535	0	9.9	NAN	
287.1	-2.535	0	9.9	NAN	
287.2	-2.535	0	9.9	NAN	
287.3	-2.535	0	9.9	NAN	
287.4	-2.535	0	9.9	NAN	
287.5	-2.535	0	9.9	NAN	
287.6	-2.535	0	9.9	NAN	
287.7	-2.535	0	9.9	NAN	
287.8	-2.535	0	9.9	NAN	
287.9	-2.535	0	9.9	NAN	
288	-2.535	0	9.9	NAN	
288.1	-2.535	0	9.9	NAN	
288.2	-2.535	0	9.9	NAN	
288.3	-2.535	0	9.9	NAN	
288.4	-2.535	0	9.9	NAN	
288.5	-2.535	0	9.9	NAN	
288.6	-2.535	0	9.9	NAN	
288.7	-2.535	0	9.9	NAN	
288.8	-2.535	0	9.9	NAN	
288.9	-2.55	0	9.9	NAN	
289	-2.55	0	9.9	NAN	
289.1	-2.55	0	9.9	NAN	
289.2	-2.55	0	9.9	NAN	
289.3	-2.55	0	9.9	NAN	
289.4	-2.55	0	9.9	NAN	
289.5	-2.55	0	9.9	NAN	
289.6	-2.55	0	9.9	NAN	
289.7	-2.55	0	9.9	NAN	
289.8	-2.55	0	9.9	NAN	
289.9	-2.55	0	9.9	NAN	
290	-2.55	0	9.9	NAN	
290.1	-2.55	0	9.9	NAN	
290.2	-2.55	0	9.9	NAN	
290.3	-2.55	0	9.9	NAN	
290.4	-2.55	0	9.9	NAN	
290.5	-2.55	0	9.9	NAN	
290.6	-2.55	0	9.9	NAN	
290.7	-2.55	0	9.9	NAN	
290.8	-2.55	0	9.9	NAN	
290.9	-2.565	0	9.9	NAN	
291	-2.565	0	9.9	NAN	
291.1	-2.565	0	9.9	NAN	
291.2	-2.565	0	9.9	NAN	
291.3	-2.565	0	9.9	NAN	
291.4	-2.565	0	9.9	NAN	
291.5	-2.565	0	9.9	NAN	
291.6	-2.565	0	9.9	NAN	
291.7	-2.565	0	9.9	NAN	
291.8	-2.565	0	9.9	NAN	
291.9	-2.565	0	9.9	NAN	
292	-2.565	0	9.9	NAN	
292.1	-2.565	0	9.9	NAN	
292.2	-2.565	0	9.9	NAN	
292.3	-2.565	0	9.9	NAN	
292.4	-2.565	0	9.9	NAN	
292.5	-2.565	0	9.9	NAN	
292.6	-2.565	0	9.9	NAN	
292.7	-2.565	0	9.9	NAN	
292.8	-2.565	0	9.9	NAN	
292.9	-2.565	0	9.9	NAN	
293	-2.565	0	9.9	NAN	
293.1	-2.565	0	9.9	NAN	
293.2	-2.565	0	9.9	NAN	
293.3	-2.565	0	9.9	NAN	
293.4	-2.565	0	9.9	NAN	
293.5	-2.565	0	9.9	NAN	
293.6	-2.565	0	9.9	NAN	
293.7	-2.565	0	9.9	NAN	
293.8	-2.565	0	9.9	NAN	
293.9	-2.565	0	9.9	NAN	
294	-2.565	0	9.9	NAN	
294.1	-2.565	0	9.9	NAN	
294.2	-2.565	0	9.9	NAN	
294.3	-2.565	0	9.9	NAN	
294.4	-2.565	0	9.9	NAN	
294.5	-2.565	0	9.9	NAN	
294.6	-2.565	0	9.9	NAN	
294.7	-2.565	0	9.9	NAN	
294.8	-2.565	0	9.9	NAN	
294.9	-2.565	0	9.9	NAN	
295	-2.565	0	9.9	NAN	
295.1	-2.565	0	9.9	NAN	
295.2	-2.565	0	9.9	NAN	
295.3	-2.565	0	9.9	NAN	
295.4	-2.565	0	9.9	NAN	
295.5	-2.565	0	9.9	NAN	
295.6	-2.565	0	9.9	NAN	
295.7	-2.565	0	9.9	NAN	
295.8	-2.565	0	9.9	NAN	
295.9	-2.58	0	9.9	NAN	
296	-2.58	0	9.9	NAN	
296.1	-2.58	0	9.9	NAN	
296.2	-2.58	0	9.9	NAN	
296.3	-2.58	0	9.9	NAN	
296.4	-2.58	0	9.9	NAN	
296.5	-2.58	0	9.9	NAN	
296.6	-2.58	0	9.9	NAN	
296.7	-2.58	0	9.9	NAN	
296.8	-2.58	0	9.9	NAN	
296.9	-2.58	0	9.9	NAN	
297	-2.58	0	9.9	NAN	
297.1	-2.58	0	9.9	NAN	
297.2	-2.58	0	9.9	NAN	
297.3	-2.58	0	9.9	NAN	
297.4	-2.58	0	9.9	NAN	
297.5	-2.58	0	9.9	NAN	
297.6	-2.58	0	9.9	NAN	
297.7	-2.58	0	9.9	NAN	
297.8	-2.58	0	9.9	NAN	
297.9	-2.58	0	9.9	NAN	
298	-2.58	0	9.9	NAN	
298.1	-2.58	0	9.9	NAN	
298.2	-2.58	0	9.9	NAN	
298.3	-2.58	0	9.9	NAN	
298.4	-2.58	0	9.9	NAN	
298.5	-2.58	0	9.9	NAN	
298.6	-2.58	0	9.9	NAN	
298.7	-2.58	0	9.9	NAN	
298.8	-2.58	0	9.9	NAN	
298.9	-2.58	0	9.9	NAN	
299	-2.58	0	9.9	NAN	
299.1	-2.58	0	9.9	NAN	
299.2	-2.58	0	9.9	NAN	
299.3	-2.58	0	9.9	NAN	
299.4	-2.58	0	9.9	NAN	
299.5	-2.58	0	9.9	NAN	
299.6	-2.58	0	9.9	NAN	
299.7	-2.58	0	9.9	NAN	
299.8	-2.58	0	9.9	NAN	
299.9	-2.58	0	9.9	NAN	
300	-2.58	0	9.9	NAN	
300.1	-2.58	0	9.9	NAN	
300.2	-2.58	0	9.9	NAN	
300.3	-2.58	0	9.9	NAN	
300.4	-2.58	0	9.9	NAN	
300.5	-2.58	0	9.9	NAN	
300.6	-2.58	0	9.9	NAN	
300.7	-2.58	0	9.9	NAN	
300.8	-2.58	0	9.9	NAN	
300.9	-2.58	0	9.9	NAN	
301	-2.58	0	9.9	NAN	
301.1	-2.58	0	9.9	NAN	
301.2	-2.58	0	9.9	NAN	
301.3	-2.58	0	9.9	NAN	
301.4	-2.58	0	9.9	NAN	
301.5	-2.58	0	9.9	NAN	
301.6	-2.58	0	9.9	NAN	
301.7	-2.58	0	9.9	NAN	
301.8	-2.58	0	9.9	NAN	
301.9	-2.58	0	9.9	NAN	
302	-2.58	0	9.9	NAN	
302.1	-2.58	0	9.9	NAN	
302.2	-2.58	0	9.9	NAN	
302.3	-2.58	0	9.9	NAN	
302.4	-2.58	0	9.9	NAN	
302.5	-2.58	0	9.9	NAN	
302.6	-2.58	0	9.9	NAN	
302.7	-2.58	0	9.9	NAN	
302.8	-2.58	0	9.9	NAN	
302.9	-2.58	0	9.9	NAN	
303	-2.58	0	9.9	NAN	
303.1	-2.58	0	9.9	NAN	
303.2	-2.58	0	9.9	NAN	
303.3	-2.58	0	9.9	NAN	
303.4	-2.58	0	9.9	NAN	
303.5	-2.58	0	9.9	NAN	
303.6	-2.58	0	9.9	NAN	
303.7	-2.58	0	9.9	NAN	
303.8	-2.58	0	9.9	NAN	
303.9	-2.58	0	9.9	NAN	
304	-2.58	0	9.9	NAN	
304.1	-2.58	0	9.9	NAN	
304.2	-2.58	0	9.9	NAN	
304.3	-2.58	0	9.9	NAN	
304.4	-2.58	0	9.9	NAN	
304.5	-2.58	0	9.9	NAN	
304.6	-2.58	0	9.9	NAN	
304.7	-2.58	0	9.9	NAN	
304.8	-2.58	0	9.9	NAN	
304.9	-2.58	0	9.9	NAN	
305	-2.58	0	9.9	NAN	
305.1	-2.58	0	9.9	NAN	
305.2	-2.58	0	9.9	NAN	
305.3	-2.58	0	9.9	NAN	
305.4	-2.58	0	9.9	NAN	
305.5	-2.58	0	9.9	NAN	
305.6	-2.58	0	9.9	NAN	
305.7	-2.58	0	9.9	NAN	
305.8	-2.58	0	9.9	NAN	
305.9	-2.58	0	9.9	NAN	
306	-2.58	0	9.9	NAN	
306.1	-2.58	0	9.9	NAN	
306.2	-2.58	0	9.9	NAN	
306.3	-2.58	0	9.9	NAN	
306.4	-2.58	0	9.9	NAN	
306.5	-2.58	0	9.9	NAN	
306.6	-2.58	0	9.9	NAN	
306.7	-2.58	0	9.9	NAN	
306.8	-2.58	0	9.9	NAN	
306.9	-2.58	0	9.9	NAN	
307	-2.58	0	9.9	NAN	
307.1	-2.58	0	9.9	NAN	
307.2	-2.58	0	9.9	NAN	
307.3	-2.58	0	9.9	NAN	
307.4	-2.58	0	9.9	NAN	
307.5	-2.58	0	9.9	NAN	
307.6	-2.58	0	9.9	NAN	
307.7	-2.58	0	9.9	NAN	
307.8	-2.58	0	9.9	NAN	
307.9	-2.58	0	9.9	NAN	
308	-2.58	0	9.9	NAN	
308.1	-2.58	0	9.9	NAN	
308.2	-2.58	0	9.9	NAN	
308.3	-2.58	0	9.9	NAN	
308.4	-2.58	0	9.9	NAN	
308.5	-2.58	0	9.9	NAN	
308.6	-2.58	0	9.9	NAN	
308.7	-2.58	0	9.9	NAN	
308.8	-2.58	0	9.9	NAN	
308.9	-2.58	0	9.9	NAN	
309	-2.58	0	9.9	NAN	
309.1	-2.58	0	9.9	NAN	
309.2	-2.58	0	9.9	NAN	
309.3	-2.58	0	9.9	NAN	
309.4	-2.58	0	9.9	NAN	
309.5	-2.58	0	9.9	NAN	
309.6	-2.58	0	9.9	NAN	
309.7	-2.58	0	9.9	NAN	
309.8	-2.58	0	9.9	NAN	
309.9	-2.58	0	9.9	NAN	
310	-2.58	0	9.9	NAN	
310.1	-2.58	0	9.9	NAN	
310.2	-2.58	0	9.9	NAN	
310.3	-2.58	0	9.9	NAN	
310.4	-2.58	0	9.9	NAN	
310.5	-2.58	0	9.9	NAN	
310.6	-2.58	0	9.9	NAN	
310.7	-2.58	0	9.9	NAN	
310.8	-2.58	0	9.9	NAN	
310.9	-2.595	0	9.9	NAN	
311	-2.595	0	9.9	NAN	
311.1	-2.595	0	9.9	NAN	
311.2	-2.595	0	9.9	NAN	
311.3	-2.595	0	9.9	NAN	
311.4	-2.595	0	9.9	NAN	
311.5	-2.595	0	9.9	NAN	
311.6	-2.595	0	9.9	NAN	
311.7	-2.595	0	9.9	NAN	
311.8	-2.595	0	9.9	NAN	
311.9	-2.595	0	9.9	NAN	
312	-2.595	0	9.9	NAN	
312.1	-2.595	0	9.9	NAN	
312.2	-2.595	0	9.9	NAN	
312.3	-2.595	0	9.9	NAN	
312.4	-2.595	0	9.9	NAN	
312.5	-2.595	0	9.9	NAN	
312.6	-2.595	0	9.9	NAN	
312.7	-2.595	0	9.9	NAN	
312.8	-2.595	0	9.9	NAN	
312.9	-2.595	0	9.9	NAN	
313	-2.595	0	9.9	NAN	
313.1	-2.595	0	9.9	NAN	
313.2	-2.595	0	9.9	NAN	
313.3	-2.595	0	9.9	NAN	
313.4	-2.595	0	9.9	NAN	
313.5	-2.595	0	9.9	NAN	
313.6	-2.595	0	9.9	NAN	
313.7	-2.595	0	9.9	NAN	
313.8	-2.595	0	9.9	NAN	
313.9	-2.58	0	9.9	NAN	
314	-2.58	0	9.9	NAN	
314.1	-2.58	0	9.9	NAN	
314.2	-2.58	0	9.9	NAN	
314.3	-2.58	0	9.9	NAN	
314.4	-2.58	0	9.9	NAN	
314.5	-2.58	0	9.9	NAN	
314.6	-2.58	0	9.9	NAN	
314.7	-2.58	0	9.9	NAN	
314.8	-2.58	0	9.9	NAN	
314.9	-2.58	0	9.9	NAN	
315	-2.58	0	9.9	NAN	
315.1	-2.58	0	9.9	NAN	
315.2	-2.58	0	9.9	NAN	
315.3	-2.58	0	9.9	NAN	
315.4	-2.58	0	9.9	NAN	
315.5	-2.58	0	9.9	NAN	
315.6	-2.58	0	9.9	NAN	
375.1	-2.625	0	14.25	NAN	
375.2	-2.625	0	14.25	NAN	
375.3	-2.625	0	14.25	NAN	
375.4	-2.625	0	14.25	NAN	
375.5	-2.625	0	14.25	NAN	
375.6	-2.625	0	14.25	NAN	
375.7	-2.625	0	14.25	NAN	
375.8	-2.625	0	14.25	NAN	
375.9	-2.625	0	14.25	NAN	
376	-2.625	0	14.25	NAN	
376.1	-2.625	0	14.25	NAN	
376.2	-2.625	0	14.25	NAN	
376.3	-2.625	0	14.25	NAN	
376.4	-2.625	0	14.25	NAN	
376.5	-2.625	0	14.25	NAN	
376.6	-2.625	0	14.25	NAN	
376.7	-2.625	0	14.25	NAN	
376.8	-2.625	0	14.25	NAN	
376.9	-2.625	0	14.25	NAN	
377	-2.64	0	14.25	NAN	
377.1	-2.64	0	14.25	NAN	
377.2	-2.64	0	14.25	NAN	
377.3	-2.64	0	14.25	NAN	
377.4	-2.64	0	14.25	NAN	
377.5	-2.64	0	14.25	NAN	
377.6	-2.64	0	14.25	NAN	
377.7	-2.64	0	14.25	NAN	
377.8	-2.64	0	14.25	NAN	
377.9	-2.64	0	14.25	NAN	
378	-2.64	0	14.25	NAN	
378.1	-2.64	0	14.25	NAN	
378.2	-2.64	0	14.25	NAN	
378.3	-2.64	0	14.25	NAN	
378.4	-2.64	0	14.25	NAN	
378.5	-2.64	0	14.25	NAN	
378.6	-2.64	0	14.25	NAN	
378.7	-2.64	0	14.25	NAN	
378.8	-2.64	0	14.25	NAN	
378.9	-2.64	0	14.25	NAN	
379	-2.64	0	14.25	NAN	
379.1	-2.64	0	14.25	NAN	
379.2	-2.64	0	14.25	NAN	
379.3	-2.64	0	14.25	NAN	
379.4	-2.64	0	14.25	NAN	
379.5	-2.64	0	14.25	NAN	
379.6	-2.64	0	14.25	NAN	
379.7	-2.64	0	14.25	NAN	
379.8	-2.64	0	14.25	NAN	
379.9	-2.64	0	14.25	NAN	
380	-2.64	0	14.25	NAN	
380.1	-2.64	0	14.25	NAN	
380.2	-2.64	0	14.25	NAN	
380.3	-2.64	0	14.25	NAN	
380.4	-2.64	0	14.25	NAN	
380.5	-2.64	0	14.25	NAN	
380.6	-2.64	0	14.25	NAN	
380.7	-2.64	0	14.25	NAN	
380.8	-2.64	0	14.25	NAN	
380.9	-2.64	0	14.25	NAN	
381	-2.64	0	14.25	NAN	
381.1	-2.64	0	14.25	NAN	
381.2	-2.64	0	14.25	NAN	
381.3	-2.64	0	14.25	NAN	
381.4	-2.64	0	14.25	NAN	
381.5	-2.64	0	14.25	NAN	
381.6	-2.64	0	14.25	NAN	
381.7	-2.64	0	14.25	NAN	
381.8	-2.64	0	14.25	NAN	
381.9	-2.64	0	14.25	NAN	
382	-2.655	0	14.25	NAN	
382.1	-2.655	0	14.25	NAN	
382.2	-2.655	0	14.25	NAN	
382.3	-2.655	0	14.25	NAN	
382.4	-2.655	0	14.25	NAN	
382.5	-2.655	0	14.25	NAN	
382.6	-2.655	0	14.25	NAN	
382.7	-2.655	0	14.25	NAN	
382.8	-2.655	0	14.25	NAN	
382.9	-2.655	0	14.25	NAN	
383.002	-2.655	0	14.25	NAN	
383.1	-2.655	0	14.25	NAN	
383.2	-2.655	0	14.25	NAN	
383.3	-2.655	0	14.25	NAN	
383.4	-2.655	0	14.25	NAN	
383.5	-2.655	0	14.25	NAN	
383.6	-2.655	0	14.25	NAN	
383.7	-2.655	0	14.25	NAN	
383.8	-2.655	0	14.25	NAN	
383.9	-2.655	0	14.25	NAN	
384	-2.655	0	14.25	NAN	
384.1	-2.655	0	14.25	NAN	
384.2	-2.655	0	14.25	NAN	
384.3	-2.655	0	14.25	NAN	
384.4	-2.655	0	14.25	NAN	
384.5	-2.655	0	14.25	NAN	
384.6	-2.655	0	14.25	NAN	
384.7	-2.655	0	14.25	NAN	
384.8	-2.655	0	14.25	NAN	
384.9	-2.655	0	14.25	NAN	
385	-2.655	0	14.25	NAN	
385.1	-2.655	0	14.25	NAN	
385.2	-2.655	0	14.25	NAN	
385.3	-2.655	0	14.25	NAN	
385.4	-2.655	0	14.25	NAN	
385.5	-2.655	0	14.25	NAN	
385.6	-2.655	0	14.25	NAN	
385.7	-2.655	0	14.25	NAN	
385.8	-2.655	0	14.25	NAN	
385.9	-2.655	0	14.25	NAN	
386	-2.655	0	14.25	NAN	
386.1	-2.655	0	14.25	NAN	
386.2	-2.655	0	14.25	NAN	
386.3	-2.655	0	14.25	NAN	
386.4	-2.655	0	14.25	NAN	
386.5	-2.655	0	14.25	NAN	
386.6	-2.655	0	14.25	NAN	
386.7	-2.655	0	14.25	NAN	
386.8	-2.655	0	14.25	NAN	
386.9	-2.655	0	14.25	NAN	
387	-2.655	0	14.25	NAN	
387.1	-2.655	0	14.25	NAN	
387.2	-2.655	0	14.25	NAN	
387.3	-2.655	0	14.25	NAN	
387.4	-2.655	0	14.25	NAN	
387.5	-2.655	0	14.25	NAN	
387.6	-2.655	0	14.25	NAN	
387.7	-2.655	0	14.25	NAN	
387.8	-2.655	0	14.25	NAN	
387.9	-2.655	0	14.25	NAN	
388	-2.655	0	14.25	NAN	
388.1	-2.655	0	14.25	NAN	
388.2	-2.655	0	14.25	NAN	
388.3	-2.655	0	14.25	NAN	
388.4	-2.655	0	14.25	NAN	
388.5	-2.655	0	14.25	NAN	
388.6	-2.655	0	14.25	NAN	
388.7	-2.655	0	14.25	NAN	
388.8	-2.655	0	14.25	NAN	
388.9	-2.655	0	14.25	NAN	
389	-2.67	0	14.25	NAN	
389.1	-2.67	0	14.25	NAN	
389.2	-2.67	0	14.25	NAN	
389.3	-2.67	0	14.25	NAN	
389.4	-2.67	0	14.25	NAN	
389.5	-2.67	0	14.25	NAN	
389.6	-2.67	0	14.25	NAN	
389.7	-2.67	0	14.25	NAN	
389.8	-2.67	0	14.25	NAN	
389.9	-2.67	0	14.25	NAN	
390	-2.67	0	14.25	NAN	
390.1	-2.67	0	14.25	NAN	
390.2	-2.67	0	14.25	NAN	
390.3	-2.67	0	14.25	NAN	
390.4	-2.67	0	14.25	NAN	
390.5	-2.67	0	14.25	NAN	
390.6	-2.67	0	14.25	NAN	
390.7	-2.67	0	14.25	NAN	
390.8	-2.67	0	14.25	NAN	
390.9	-2.67	0	14.25	NAN	
391	-2.685	0	14.25	NAN	
391.1	-2.685	0	14.25	NAN	
391.2	-2.685	0	14.25	NAN	
391.3	-2.685	0	14.25	NAN	
391.4	-2.685	0	14.25	NAN	
391.5	-2.685	0	14.25	NAN	
391.6	-2.685	0	14.25	NAN	
391.7	-2.685	0	14.25	NAN	
391.8	-2.685	0	14.25	NAN	
391.9	-2.685	0	14.25	NAN	
392	-2.685	0	14.25	NAN	
392.1	-2.685	0	14.25	NAN	
392.2	-2.685	0	14.25	NAN	
392.3	-2.685	0	14.25	NAN	
392.4	-2.685	0	14.25	NAN	
392.5	-2.685	0	14.25	NAN	
392.6	-2.685	0	14.25	NAN	
392.7	-2.685	0	14.25	NAN	
392.8	-2.685	0	14.25	NAN	
392.9	-2.685	0	14.25	NAN	
393	-2.7	0	14.25	NAN	
393.1	-2.7	0	14.25	NAN	
393.2	-2.7	0	14.25	NAN	
393.3	-2.7	0	14.25	NAN	
393.4	-2.7	0	14.25	NAN	
393.5	-2.7	0	14.25	NAN	
393.6	-2.7	0	14.25	NAN	
393.7	-2.7	0	14.25	NAN	
393.8	-2.7	0	14.25	NAN	
393.9	-2.7	0	14.25	NAN	
394	-2.7	0	14.25	NAN	
394.1	-2.7	0	14.25	NAN	
394.2	-2.7	0	14.25	NAN	
394.3	-2.7	0	14.25	NAN	
394.4	-2.7	0	14.25	NAN	
394.5	-2.7	0	14.25	NAN	
394.6	-2.7	0	14.25	NAN	
394.7	-2.7	0	14.25	NAN	
394.8	-2.7	-0.0015	14.25	NAN	
394.9	-2.7	-0.0015	14.25	NAN	
395	-2.7	-0.0015	14.25	NAN	
395.1	-2.7	-0.0015	14.25	NAN	
395.2	-2.7	-0.0015	14.25	NAN	
395.3	-2.7	-0.0015	14.25	NAN	
395.4	-2.7	-0.0015	14.25	NAN	
395.5	-2.7	-0.0015	14.25	NAN	
395.6	-2.7	-0.0015	14.25	NAN	
395.7	-2.7	-0.0015	14.25	NAN	
395.8	-2.7	0	14.25	NAN	
395.9	-2.7	0	14.25	NAN	
396	-2.7	0	14.25	NAN	
396.1	-2.7	0	14.25	NAN	
396.2	-2.7	0	14.25	NAN	
396.3	-2.7	0	14.25	NAN	
396.4	-2.7	0	14.25	NAN	
396.5	-2.7	0	14.25	NAN	
396.6	-2.7	0	14.25	NAN	
396.7	-2.7	0	14.25	NAN	
396.8	-2.7	0	14.25	NAN	
396.9	-2.7	0	14.25	NAN	
397	-2.715	0	14.25	NAN	
397.1	-2.715	0	14.25	NAN	
397.2	-2.715	0	14.25	NAN	
397.3	-2.715	0	14.25	NAN	
397.4	-2.715	0	14.25	NAN	
397.5	-2.715	0	14.25	NAN	
397.6	-2.715	0	14.25	NAN	
397.7	-2.715	0	14.25	NAN	
397.8	-2.715	0	14.25	NAN	
397.9	-2.715	0	14.25	NAN	
398	-2.715	0	14.25	NAN	
398.1	-2.715	0	14.25	NAN	
398.2	-2.715	0	14.25	NAN	
398.3	-2.715	0	14.25	NAN	
398.4	-2.715	0	14.25	NAN	
398.5	-2.715	0	14.25	NAN	
398.6	-2.715	0	14.25	NAN	
398.7	-2.715	0	14.25	NAN	
398.8	-2.715	0	14.25	NAN	
398.9	-2.715	0	14.25	NAN	
399	-2.715	0	14.25	NAN	
399.1	-2.715	0	14.25	NAN	
399.2	-2.715	0	14.25	NAN	
399.3	-2.715	0	14.25	NAN	
399.4	-2.715	0	14.25	NAN	
399.5	-2.715	0	14.25	NAN	
399.6	-2.715	0	14.25	NAN	
399.7	-2.715	0	14.25	NAN	
399.8	-2.715	0	14.25	NAN	
399.9	-2.715	0	14.25	NAN	
400	-2.7	0	14.25	NAN	
400.1	-2.7	0	14.25	NAN	
400.2	-2.7	0	14.25	NAN	
400.3	-2.7	0	14.25	NAN	
400.4	-2.7	0	14.25	NAN	
400.5	-2.7	0	14.25	NAN	
400.6	-2.7	0	14.25	NAN	
400.7	-2.7	0	14.25	NAN	
400.8	-2.7	0	14.25	NAN	
400.9	-2.7	0	14.25	NAN	
401	-2.715	0	14.25	NAN	
401.1	-2.715	0	14.25	NAN	
401.2	-2.715	0	14.25	NAN	
401.3	-2.715	0	14.25	NAN	
401.4	-2.715	0	14.25	NAN	
401.5	-2.715	0	14.25	NAN	
401.6	-2.715	0	14.25	NAN	
401.7	-2.715	0	14.25	NAN	
401.8	-2.715	0	14.25	NAN	
401.9	-2.715	0	14.25	NAN	
402	-2.715	0	14.25	NAN	
402.1	-2.715	0	14.25	NAN	
402.2	-2.715	0	14.25	NAN	
402.3	-2.715	0	14.25	NAN	
402.4	-2.715	0	14.25	NAN	
402.5	-2.715	0	14.25	NAN	
402.6	-2.715	0	14.25	NAN	
402.7	-2.715	0	14.25	NAN	
402.8	-2.715	0	14.25	NAN	
402.9	-2.715	0	14.25	NAN	
403	-2.715	0	14.25	NAN	
403.1	-2.715	0	14.25	NAN	
403.2	-2.715	0	14.25	NAN	
403.3	-2.715	0	14.25	NAN	
403.4	-2.715	0	14.25	NAN	
403.5	-2.715	0	14.25	NAN	
403.6	-2.715	0	14.25	NAN	
403.7	-2.715	0	14.25	NAN	
403.8	-2.715	0	14.25	NAN	
403.9	-2.715	0	14.25	NAN	
404	-2.715	0	14.25	NAN	
404.1	-2.715	0	14.25	NAN	
404.2	-2.715	0	14.25	NAN	
404.3	-2.715	0	14.25	NAN	
404.4	-2.715	0	14.25	NAN	
404.5	-2.715	0	14.25	NAN	
404.6	-2.715	0	14.25	NAN	
404.7	-2.715	0	14.25	NAN	
404.8	-2.715	0	14.25	NAN	
404.9	-2.715	0	14.25	NAN	
405	-2.715	0	14.25	NAN	
405.1	-2.715	0	14.25	NAN	
405.2	-2.715	0	14.25	NAN	
405.3	-2.715	0	14.25	NAN	
405.4	-2.715	0	14.25	NAN	
405.5	-2.715	0	14.25	NAN	
405.6	-2.715	0	14.25	NAN	
405.7	-2.715	0	14.25	NAN	
405.8	-2.715	0	14.25	NAN	
405.9	-2.715	0	14.25	NAN	
406	-2.715	0	14.25	NAN	
406.1	-2.715	0	14.25	NAN	
406.2	-2.715	0	14.25	NAN	
406.3	-2.715	0	14.25	NAN	
406.4	-2.715	0	14.25	NAN	
406.5	-2.715	0	14.25	NAN	
406.6	-2.715	0	14.25	NAN	
406.7	-2.715	0	14.25	NAN	
406.8	-2.715	0	14.25	NAN	
406.9	-2.715	0	14.25	NAN	
407	-2.73	0	14.25	NAN	
407.1	-2.73	0	14.25	NAN	
407.2	-2.73	0	14.25	NAN	
407.3	-2.73	0	14.25	NAN	
407.4	-2.73	0	14.25	NAN	
407.5	-2.73	0	14.25	NAN	
407.6	-2.73	0	14.25	NAN	
407.7	-2.73	0	14.25	NAN	
407.8	-2.73	0	14.25	NAN	
407.9	-2.73	0	14.25	NAN	
408	-2.73	0	14.25	NAN	
408.101	-2.73	0	14.25	NAN	
408.2	-2.73	0	14.25	NAN	
408.3	-2.73	0	14.25	NAN	
408.4	-2.73	0	14.25	NAN	
408.5	-2.73	0	14.25	NAN	
408.6	-2.73	0	14.25	NAN	
408.7	-2.73	0	14.25	NAN	
408.8	-2.73	0	14.25	NAN	
408.9	-2.73	0	14.25	NAN	
409	-2.73	0	14.25	NAN	
409.1	-2.73	0	14.25	NAN	
409.2	-2.73	0	14.25	NAN	
409.3	-2.73	0	14.25	NAN	
409.4	-2.73	0	14.25	NAN	
409.5	-2.73	0	14.25	NAN	
409.6	-2.73	0	14.25	NAN	
409.7	-2.73	0	14.25	NAN	
409.8	-2.73	0	14.25	NAN	
409.9	-2.73	0	14.25	NAN	
410	-2.73	0	14.25	NAN	
410.1	-2.73	0	14.25	NAN	
410.2	-2.73	0	14.25	NAN	
410.3	-2.73	0	14.25	NAN	
410.4	-2.73	0	14.25	NAN	
410.5	-2.73	0	14.25	NAN	
410.6	-2.73	0	14.25	NAN	
410.7	-2.73	0	14.25	NAN	
410.8	-2.73	0	14.25	NAN	
410.9	-2.73	0	14.25	NAN	
411	-2.715	0	14.25	NAN	
411.1	-2.715	0	14.25	NAN	
411.2	-2.715	0	14.25	NAN	
411.3	-2.715	0	14.25	NAN	
411.4	-2.715	0	14.25	NAN	
411.5	-2.715	0	14.25	NAN	
411.6	-2.715	0	14.25	NAN	
411.7	-2.715	0	14.25	NAN	
411.8	-2.715	0	14.25	NAN	
411.9	-2.715	0	14.25	NAN	
412	-2.715	0	14.25	NAN	
412.1	-2.715	0	14.25	NAN	
412.2	-2.715	0	14.25	NAN	
412.3	-2.715	0	14.25	NAN	
412.4	-2.715	0	14.25	NAN	
412.5	-2.715	0	14.25	NAN	
412.6	-2.715	0	14.25	NAN	
412.7	-2.715	0	14.25	NAN	
412.8	-2.715	0	14.25	NAN	
412.9	-2.715	0	14.25	NAN	
413	-2.715	0	14.25	NAN	
413.1	-2.715	0	14.25	NAN	
413.2	-2.715	0	14.25	NAN	
413.3	-2.715	0	14.25	NAN	
413.4	-2.715	0	14.25	NAN	
413.5	-2.715	0	14.25	NAN	
413.6	-2.715	0	14.25	NAN	
413.7	-2.715	0	14.25	NAN	
413.8	-2.715	0	14.25	NAN	
413.9	-2.715	0	14.25	NAN	
414	-2.7	0	14.25	NAN	
414.1	-2.7	0	14.25	NAN	
414.2	-2.7	0	14.25	NAN	
414.3	-2.7	0	14.25	NAN	
414.4	-2.7	0	14.25	NAN	
414.5	-2.7	0	14.25	NAN	
414.6	-2.7	0	14.25	NAN	
414.7	-2.7	0	14.25	NAN	
414.8	-2.7	0	14.25	NAN	
414.9	-2.7	0	14.25	NAN	
415	-2.7	0	14.25	NAN	
415.1	-2.7	0	14.25	NAN	
415.2	-2.7	0	14.25	NAN	
415.3	-2.7	0	14.25	NAN	
415.4	-2.7	0	14.25	NAN	
415.5	-2.7	0	14.25	NAN	
415.6	-2.7	0	14.25	NAN	
415.7	-2.7	0	14.25	NAN	
415.8	-2.7	0	14.25	NAN	
415.9	-2.7	0	14.25	NAN	
416	-2.7	0	14.25	NAN	
416.1	-2.7	0	14.25	NAN	
416.2	-2.7	0	14.25	NAN	
416.3	-2.7	0	14.25	NAN	
416.4	-2.7	0	14.25	NAN	
416.5	-2.7	0	14.25	NAN	
416.6	-2.7	0	14.25	NAN	
416.7	-2.7	0	14.25	NAN	
416.8	-2.7	0	14.25	NAN	
416.9	-2.7	0	14.25	NAN	
417	-2.7	0	14.25	NAN	
417.1	-2.7	0	14.25	NAN	
417.2	-2.7	0	14.25	NAN	
417.3	-2.7	0	14.25	NAN	
417.4	-2.7	0	14.25	NAN	
417.5	-2.7	0	14.25	NAN	
417.6	-2.7	0	14.25	NAN	
417.7	-2.7	0	14.25	NAN	
417.8	-2.7	0	14.25	NAN	
417.9	-2.7	0	14.25	NAN	
418	-2.7	0	14.25	NAN	
418.1	-2.7	0	14.25	NAN	
418.2	-2.7	0	14.25	NAN	
418.3	-2.7	0	14.25	NAN	
418.4	-2.7	0	14.25	NAN	
418.5	-2.7	0	14.25	NAN	
418.6	-2.7	0	14.25	NAN	
418.7	-2.7	0	14.25	NAN	
418.8	-2.7	0	14.25	NAN	
418.9	-2.7	0	14.25	NAN	
419	-2.7	0	14.25	NAN	
419.1	-2.7	0	14.25	NAN	
419.2	-2.7	0	14.25	NAN	
419.3	-2.7	0	14.25	NAN	
419.4	-2.7	0	14.25	NAN	
419.5	-2.7	0	14.25	NAN	
419.6	-2.7	0	14.25	NAN	
419.7	-2.7	0	14.25	NAN	
419.8	-2.7	0	14.25	NAN	
419.9	-2.7	0	14.25	NAN	
420	-2.7	0	14.25	NAN	
420.1	-2.7	0	14.25	NAN	
420.2	-2.7	0	14.25	NAN	
420.3	-2.7	0	14.25	NAN	
420.4	-2.7	0	14.25	NAN	
420.5	-2.7	0	14.25	NAN	
420.6	-2.7	0	14.25	NAN	
420.7	-2.7	0	14.25	NAN	
420.8	-2.7	0	14.25	NAN	
420.9	-2.7	0	14.25	NAN	
421	-2.7	0	14.25	NAN	
421.1	-2.7	0	14.25	NAN	
421.2	-2.7	0	14.25	NAN	
421.3	-2.7	0	14.25	NAN	
421.4	-2.7	0	14.25	NAN	
421.5	-2.7	0	14.25	NAN	
421.6	-2.7	0	14.25	NAN	
421.7	-2.7	0	14.25	NAN	
421.8	-2.7	0	14.25	NAN	
421.9	-2.7	0	14.25	NAN	
422	-2.7	0	14.25	NAN	
422.1	-2.7	0	14.25	NAN	
422.2	-2.7	0	14.25	NAN	
422.3	-2.7	0	14.25	NAN	
422.4	-2.7	0	14.25	NAN	
422.5	-2.7	0	14.25	NAN	
422.6	-2.7	0	14.25	NAN	
422.7	-2.7	0	14.25	NAN	
422.8	-2.7	0	14.25	NAN	
422.9	-2.7	0	14.25	NAN	
423	-2.7	0	14.25	NAN	
423.1	-2.7	0	14.25	NAN	
423.2	-2.7	0	14.25	NAN	
423.3	-2.7	0	14.25	NAN	
423.4	-2.7	0	14.25	NAN	
423.5	-2.7	0	14.25	NAN	
423.6	-2.7	0	14.25	NAN	
423.7	-2.7	0	14.25	NAN	
423.8	-2.7	0	14.25	NAN	
423.9	-2.7	0	14.25	NAN	
424	-2.715	0	14.25	NAN	
424.1	-2.715	0	14.25	NAN	
424.2	-2.715	0	14.25	NAN	
424.3	-2.715	0	14.25	NAN	
424.4	-2.715	0	14.25	NAN	
424.5	-2.715	0	14.25	NAN	
424.6	-2.715	0	14.25	NAN	
424.7	-2.715	0	14.25	NAN	
424.8	-2.715	0	14.25	NAN	
424.9	-2.715	0	14.25	NAN	
425	-2.715	0	14.25	NAN	
425.1	-2.715	0	14.25	NAN	
425.2	-2.715	0	14.25	NAN	
425.3	-2.715	0	14.25	NAN	
425.4	-2.715	0	14.25	NAN	
425.5	-2.715	0	14.25	NAN	
425.6	-2.715	0	14.25	NAN	
425.7	-2.715	0	14.25	NAN	
425.8	-2.715	0	14.25	NAN	
425.9	-2.715	0	14.25	NAN	
426	-2.715	0	14.25	NAN	
426.1	-2.715	0	14.25	NAN	
426.2	-2.715	0	14.25	NAN	
426.3	-2.715	0	14.25	NAN	
426.4	-2.715	0	14.25	NAN	
426.5	-2.715	0	14.25	NAN	
426.6	-2.715	0	14.25	NAN	
426.7	-2.715	0	14.25	NAN	
426.8	-2.715	0	14.25	NAN	
426.9	-2.715	0	14.25	NAN	
427	-2.73	0	14.25	NAN	
427.1	-2.73	0	14.25	NAN	
427.2	-2.73	0	14.25	NAN	
427.3	-2.73	0	14.25	NAN	
427.4	-2.73	0	14.25	NAN	
427.5	-2.73	0	14.25	NAN	
427.6	-2.73	0	14.25	NAN	
427.7	-2.73	0	14.25	NAN	
427.8	-2.73	0	14.25	NAN	
427.9	-2.73	0	14.25	NAN	
428	-2.73	0	14.25	NAN	
428.1	-2.73	0	14.25	NAN	
428.2	-2.73	0	14.25	NAN	
428.3	-2.73	0	14.25	NAN	
428.4	-2.73	0	14.25	NAN	
428.5	-2.73	0	14.25	NAN	
428.6	-2.73	0	14.25	NAN	
428.7	-2.73	0	14.25	NAN	
428.8	-2.73	0	14.25	NAN	
428.9	-2.73	0	14.25	NAN	
429	-2.73	0	14.25	NAN	
429.1	-2.73	0	14.25	NAN	
429.2	-2.73	0	14.25	NAN	
429.3	-2.73	0	14.25	NAN	
429.4	-2.73	0	14.25	NAN	
429.5	-2.73	0	14.25	NAN	
429.6	-2.73	0	14.25	NAN	
429.7	-2.73	0	14.25	NAN	
429.8	-2.73	0	14.25	NAN	
429.9	-2.73	0	14.25	NAN	
430	-2.745	0	14.25	NAN	
430.1	-2.745	0	14.25	NAN	
430.2	-2.745	0	14.25	NAN	
430.3	-2.745	0	14.25	NAN	
430.4	-2.745	0	14.25	NAN	
430.5	-2.745	0	14.25	NAN	
430.6	-2.745	0	14.25	NAN	
430.7	-2.745	0	14.25	NAN	
430.8	-2.745	0	14.25	NAN	
430.9	-2.745	0	14.25	NAN	
431	-2.745	0	14.25	NAN	
431.1	-2.745	0	14.25	NAN	
431.2	-2.745	0	14.25	NAN	
431.3	-2.745	0	14.25	NAN	
431.4	-2.745	0	14.25	NAN	
431.5	-2.745	0	14.25	NAN	
431.6	-2.745	0	14.25	NAN	
431.7	-2.745	0	14.25	NAN	
431.8	-2.745	0	14.25	NAN	
431.9	-2.745	0	14.25	NAN	
432	-2.76	0	14.25	NAN	
432.1	-2.76	0	14.25	NAN	
432.2	-2.76	0	14.25	NAN	
432.3	-2.76	0	14.25	NAN	
432.4	-2.76	0	14.25	NAN	
432.5	-2.76	0	14.25	NAN	
432.6	-2.76	0	14.25	NAN	
432.7	-2.76	0	14.25	NAN	
432.8	-2.76	0	14.25	NAN	
432.9	-2.76	0	14.25	NAN	
433	-2.76	0	14.25	NAN	
433.1	-2.76	0	14.25	NAN	
433.2	-2.76	0	14.25	NAN	
433.3	-2.76	0	14.25	NAN	
433.4	-2.76	0	14.25	NAN	
433.5	-2.76	0	14.25	NAN	
433.6	-2.76	0	14.25	NAN	
433.7	-2.76	0	14.25	NAN	
433.8	-2.76	0	14.25	NAN	
433.9	-2.76	0	14.25	NAN	
434	-2.76	0	14.25	NAN	
434.1	-2.76	0	14.25	NAN	
434.204	-2.76	0	14.25	NAN	
434.3	-2.76	0	14.25	NAN	
434.4	-2.76	0	14.25	NAN	
434.5	-2.76	0	14.25	NAN	
434.6	-2.76	0	14.25	NAN	
434.7	-2.76	0	14.25	NAN	
434.8	-2.76	0	14.25	NAN	
434.9	-2.76	0	14.25	NAN	
435	-2.775	0	14.25	NAN	
435.1	-2.775	0	14.25	NAN	
435.2	-2.775	0	14.25	NAN	
435.3	-2.775	0	14.25	NAN	
435.4	-2.775	0	14.25	NAN	
435.5	-2.775	0	14.25	NAN	
435.6	-2.775	0	14.25	NAN	
435.7	-2.775	0	14.25	NAN	
435.8	-2.775	0	14.25	NAN	
435.9	-2.775	0	14.25	NAN	
436	-2.79	0	14.25	NAN	
436.1	-2.79	0	14.25	NAN	
436.2	-2.79	0	14.25	NAN	
436.3	-2.79	0	14.25	NAN	
436.4	-2.79	0	14.25	NAN	
436.5	-2.79	0	14.25	NAN	
436.6	-2.79	0	14.25	NAN	
436.7	-2.79	0	14.25	NAN	
436.8	-2.79	0	14.25	NAN	
436.9	-2.79	0	14.25	NAN	
437	-2.79	0	14.25	NAN	
437.1	-2.79	0	14.25	NAN	
437.2	-2.79	0	14.25	NAN	
437.3	-2.79	0	14.25	NAN	
437.4	-2.79	0	14.25	NAN	
437.5	-2.79	0	14.25	NAN	
437.6	-2.79	0	14.25	NAN	
437.7	-2.79	0	14.25	NAN	
437.8	-2.79	0	14.25	NAN	
437.9	-2.79	0	14.25	NAN	
438	-2.79	0	14.25	NAN	
438.1	-2.79	0	14.25	NAN	
438.2	-2.79	0	14.25	NAN	
438.3	-2.79	0	14.25	NAN	
438.4	-2.79	0	14.25	NAN	
438.5	-2.79	0	14.25	NAN	
438.6	-2.79	0	14.25	NAN	
438.7	-2.79	0	14.25	NAN	
438.8	-2.79	0	14.25	NAN	
438.9	-2.79	0	14.25	NAN	
439	-2.775	0	14.25	NAN	
439.1	-2.775	0	14.25	NAN	
439.2	-2.775	0	14.25	NAN	
439.3	-2.775	0	14.25	NAN	
439.4	-2.775	0	14.25	NAN	
439.5	-2.775	0	14.25	NAN	
439.6	-2.775	0	14.25	NAN	
439.7	-2.775	0	14.25	NAN	
439.8	-2.775	0	14.25	NAN	
439.9	-2.775	0	14.25	NAN	
440	-2.775	0	14.25	NAN	
440.1	-2.775	0	14.25	NAN	
440.2	-2.775	0	14.25	NAN	
440.3	-2.775	0	14.25	NAN	
440.4	-2.775	0	14.25	NAN	
440.5	-2.775	0	14.25	NAN	
440.6	-2.775	0	14.25	NAN	
440.7	-2.775	0	14.25	NAN	
440.8	-2.775	0	14.25	NAN	
440.9	-2.775	0	14.25	NAN	
441	-2.775	0	14.25	NAN	
441.1	-2.775	0	14.25	NAN	
441.2	-2.775	0	14.25	NAN	
441.3	-2.775	0	14.25	NAN	
441.4	-2.775	0	14.25	NAN	
441.5	-2.775	0	14.25	NAN	
441.6	-2.775	0	14.25	NAN	
441.7	-2.775	0	14.25	NAN	
441.8	-2.775	0	14.25	NAN	
441.9	-2.775	0	14.25	NAN	
442	-2.76	0	14.25	NAN	
442.1	-2.76	0	14.25	NAN	
442.2	-2.76	0	14.25	NAN	
442.3	-2.76	0	14.25	NAN	
442.4	-2.76	0	14.25	NAN	
442.5	-2.76	0	14.25	NAN	
442.6	-2.76	0	14.25	NAN	
442.7	-2.76	0	14.25	NAN	
442.8	-2.76	0	14.25	NAN	
442.9	-2.76	0	14.25	NAN	
443	-2.76	0	14.25	NAN	
443.1	-2.76	0	14.25	NAN	
443.2	-2.76	0	14.25	NAN	
443.3	-2.76	0	14.25	NAN	
443.4	-2.76	0	14.25	NAN	
443.5	-2.76	0	14.25	NAN	
443.6	-2.76	0	14.25	NAN	
443.7	-2.76	0	14.25	NAN	
443.8	-2.76	0	14.25	NAN	
443.9	-2.76	0	14.25	NAN	
444	-2.76	0	14.25	NAN	
444.1	-2.76	0	14.25	NAN	
444.2	-2.76	0	14.25	NAN	
444.3	-2.76	0	14.25	NAN	
444.4	-2.76	0	14.25	NAN	
444.5	-2.76	0	14.25	NAN	
444.6	-2.76	0	14.25	NAN	
444.7	-2.76	0	14.25	NAN	
444.8	-2.76	0	14.25	NAN	
444.9	-2.76	0	14.25	NAN	
445	-2.76	0	14.25	NAN	
445.1	-2.76	0	14.25	NAN	
445.2	-2.76	0	14.25	NAN	
445.3	-2.76	0	14.25	NAN	
445.4	-2.76	0	14.25	NAN	
445.5	-2.76	0	14.25	NAN	
445.6	-2.76	0	14.25	NAN	
445.7	-2.76	0	14.25	NAN	
445.8	-2.76	0	14.25	NAN	
445.9	-2.76	0	14.25	NAN	
446	-2.76	0	14.25	NAN	
446.1	-2.76	0	14.25	NAN	
446.2	-2.76	0	14.25	NAN	
446.3	-2.76	0	14.25	NAN	
446.4	-2.76	0	14.25	NAN	
446.5	-2.76	0	14.25	NAN	
446.6	-2.76	0	14.25	NAN	
446.7	-2.76	0	14.25	NAN	
446.8	-2.76	0	14.25	NAN	
446.9	-2.76	0	14.25	NAN	
447	-2.76	0	14.25	NAN	
447.1	-2.76	0	14.25	NAN	
447.2	-2.76	0	14.25	NAN	
447.3	-2.76	0	14.25	NAN	
447.4	-2.76	0	14.25	NAN	
447.5	-2.76	0	14.25	NAN	
447.6	-2.76	0	14.25	NAN	
447.7	-2.76	0	14.25	NAN	
447.8	-2.76	0	14.25	NAN	
447.9	-2.76	-0.0015	14.25	NAN	
448	-2.76	-0.0015	14.25	NAN	
448.1	-2.775	-0.0015	14.25	NAN	
448.2	-2.775	-0.0015	14.25	NAN	
448.3	-2.775	-0.0015	14.25	NAN	
448.4	-2.775	-0.0015	14.25	NAN	
448.5	-2.775	-0.0015	14.25	NAN	
448.6	-2.775	-0.0015	14.25	NAN	
448.7	-2.775	-0.0015	14.25	NAN	
448.8	-2.775	-0.0015	14.25	NAN	
448.9	-2.775	0	14.25	NAN	
449	-2.775	0	14.25	NAN	
449.1	-2.775	0	14.25	NAN	
449.2	-2.775	0	14.25	NAN	
449.3	-2.775	0	14.25	NAN	
449.4	-2.775	0	14.25	NAN	
449.5	-2.775	0	14.25	NAN	
449.6	-2.775	0	14.25	NAN	
449.7	-2.775	0	14.25	NAN	
449.8	-2.775	0	14.25	NAN	
449.9	-2.775	0	14.25	NAN	
450	-2.775	0	14.25	NAN	
450.1	-2.76	0	14.25	NAN	
450.2	-2.76	0	14.25	NAN	
450.3	-2.76	0	14.25	NAN	
450.4	-2.76	0	14.25	NAN	
450.5	-2.76	0	14.25	NAN	
450.6	-2.76	0	14.25	NAN	
450.7	-2.76	0	14.25	NAN	
450.8	-2.76	0	14.25	NAN	
450.9	-2.76	0	14.25	NAN	
451	-2.76	0	14.25	NAN	
451.1	-2.76	0	14.25	NAN	
451.2	-2.76	0	14.25	NAN	
451.3	-2.76	0	14.25	NAN	
451.4	-2.76	0	14.25	NAN	
451.5	-2.76	0	14.25	NAN	
451.6	-2.76	0	14.25	NAN	
451.7	-2.76	0	14.25	NAN	
451.8	-2.76	0	14.25	NAN	
451.9	-2.76	0	14.25	NAN	
452	-2.76	0	14.25	NAN	
452.1	-2.76	0	14.25	NAN	
452.2	-2.76	0	14.25	NAN	
452.3	-2.76	0	14.25	NAN	
452.4	-2.76	0	14.25	NAN	
452.5	-2.76	0	14.25	NAN	
452.6	-2.76	0	14.25	NAN	
452.7	-2.76	0	14.25	NAN	
452.8	-2.76	0	14.25	NAN	
452.9	-2.76	0	14.25	NAN	
453	-2.76	0	14.25	NAN	
453.1	-2.745	0	14.25	NAN	
453.2	-2.745	0	14.25	NAN	
453.3	-2.745	0	14.25	NAN	
453.4	-2.745	0	14.25	NAN	
453.5	-2.745	0	14.25	NAN	
453.6	-2.745	0	14.25	NAN	
453.7	-2.745	0	14.25	NAN	
453.8	-2.745	0	14.25	NAN	
453.9	-2.745	0	14.25	NAN	
454	-2.745	0	14.25	NAN	
454.1	-2.745	0	14.25	NAN	
454.2	-2.745	0	14.25	NAN	
454.3	-2.745	0	14.25	NAN	
454.4	-2.745	0	14.25	NAN	
454.5	-2.745	0	14.25	NAN	
454.6	-2.745	0	14.25	NAN	
454.7	-2.745	0	14.25	NAN	
454.8	-2.745	0	14.25	NAN	
539.1	-2.55	0.0015	14.55	NAN	
539.2	-2.55	0.0015	14.55	NAN	
539.3	-2.55	0.0015	14.55	NAN	
539.4	-2.55	0.0015	14.55	NAN	
539.5	-2.55	0.0015	14.55	NAN	
539.6	-2.55	0.0015	14.55	NAN	
539.7	-2.55	0.0015	14.55	NAN	
539.8	-2.55	0.0015	14.55	NAN	
539.9	-2.55	0.0015	14.55	NAN	
540	-2.55	0.0015	14.55	NAN	
540.1	-2.55	0	14.55	NAN	
540.2	-2.55	0	14.55	NAN	
540.3	-2.55	0	14.55	NAN	
540.4	-2.55	0	14.55	NAN	
540.5	-2.55	0	14.55	NAN	
540.6	-2.55	0	14.55	NAN	
540.7	-2.55	0	14.55	NAN	
540.8	-2.55	0	14.55	NAN	
540.9	-2.55	0	14.55	NAN	
541	-2.55	0	14.55	NAN	
541.1	-2.55	0	14.4	NAN	
541.2	-2.55	0	14.4	NAN	
541.3	-2.55	0	14.4	NAN	
541.4	-2.55	0	14.4	NAN	
541.5	-2.55	0	14.4	NAN	
541.6	-2.55	0	14.4	NAN	
541.7	-2.55	0	14.4	NAN	
541.8	-2.55	0	14.4	NAN	
541.9	-2.55	0	14.4	NAN	
542	-2.55	0	14.4	NAN	
542.1	-2.55	0	14.4	NAN	
542.2	-2.55	0	14.4	NAN	
542.3	-2.55	0	14.4	NAN	
542.4	-2.55	0	14.4	NAN	
542.5	-2.55	0	14.4	NAN	
542.6	-2.55	0	14.4	NAN	
542.7	-2.55	0	14.4	NAN	
542.8	-2.55	0	14.4	NAN	
542.9	-2.55	0	14.4	NAN	
543	-2.55	0	14.4	NAN	
543.1	-2.55	0	14.4	NAN	
543.2	-2.55	0	14.4	NAN	
543.3	-2.55	0	14.4	NAN	
543.4	-2.55	0	14.4	NAN	
543.5	-2.55	0	14.4	NAN	
543.6	-2.55	0	14.4	NAN	
543.7	-2.55	0	14.4	NAN	
543.8	-2.55	0	14.4	NAN	
543.9	-2.55	0	14.4	NAN	
544	-2.55	0	14.4	NAN	
544.1	-2.565	0	14.4	NAN	
544.2	-2.565	0	14.4	NAN	
544.3	-2.565	0	14.4	NAN	
544.4	-2.565	0	14.4	NAN	
544.5	-2.565	0	14.4	NAN	
544.6	-2.565	0	14.4	NAN	
544.7	-2.565	0	14.4	NAN	
544.8	-2.565	0	14.4	NAN	
544.9	-2.565	0	14.4	NAN	
545	-2.565	0	14.4	NAN	
545.1	-2.565	0	14.4	NAN	
545.2	-2.565	0	14.4	NAN	
545.3	-2.565	0	14.4	NAN	
545.4	-2.565	0	14.4	NAN	
545.5	-2.565	0	14.4	NAN	
545.6	-2.565	0	14.4	NAN	
545.7	-2.565	0	14.4	NAN	
545.8	-2.565	0	14.4	NAN	
545.9	-2.565	0	14.4	NAN	
546	-2.565	0	14.4	NAN	
546.1	-2.565	0	14.4	NAN	
546.2	-2.565	0	14.4	NAN	
546.3	-2.565	0	14.4	NAN	
546.4	-2.565	0	14.4	NAN	
546.5	-2.565	0	14.4	NAN	
546.6	-2.565	0	14.4	NAN	
546.7	-2.565	0	14.4	NAN	
546.8	-2.565	0	14.4	NAN	
546.9	-2.565	0	14.4	NAN	
547	-2.565	0	14.4	NAN	
547.1	-2.55	0	14.4	NAN	
547.2	-2.55	0	14.4	NAN	
547.3	-2.55	0	14.4	NAN	
547.4	-2.55	0	14.4	NAN	
547.5	-2.55	0	14.4	NAN	
547.6	-2.55	0	14.4	NAN	
547.7	-2.55	0	14.4	NAN	
547.8	-2.55	0	14.4	NAN	
547.9	-2.55	0	14.4	NAN	
548	-2.55	0	14.4	NAN	
548.1	-2.55	0	14.4	NAN	
548.2	-2.55	0	14.4	NAN	
548.3	-2.55	0	14.4	NAN	
548.4	-2.55	0	14.4	NAN	
548.5	-2.55	0	14.4	NAN	
548.6	-2.55	0	14.4	NAN	
548.7	-2.55	0	14.4	NAN	
548.8	-2.55	0	14.4	NAN	
548.9	-2.55	0	14.4	NAN	
549	-2.55	0	14.4	NAN	
549.1	-2.55	0	14.4	NAN	
549.2	-2.55	0	14.4	NAN	
549.3	-2.55	0	14.4	NAN	
549.4	-2.55	0	14.4	NAN	
549.5	-2.55	0	14.4	NAN	
549.6	-2.55	0	14.4	NAN	
549.7	-2.55	0	14.4	NAN	
549.8	-2.55	0	14.4	NAN	
549.9	-2.55	0	14.4	NAN	
550	-2.55	0	14.4	NAN	
550.1	-2.565	0	14.4	NAN	
550.2	-2.565	0	14.4	NAN	
550.3	-2.565	0	14.4	NAN	
550.4	-2.565	0	14.4	NAN	
550.5	-2.565	0	14.4	NAN	
550.6	-2.565	0	14.4	NAN	
550.7	-2.565	0	14.4	NAN	
550.8	-2.565	0	14.4	NAN	
550.9	-2.565	0	14.4	NAN	
551	-2.565	0	14.4	NAN	
551.1	-2.565	0	14.4	NAN	
551.2	-2.565	0	14.4	NAN	
551.3	-2.565	0	14.4	NAN	
551.4	-2.565	0	14.4	NAN	
551.5	-2.565	0	14.4	NAN	
551.6	-2.565	0	14.4	NAN	
551.7	-2.565	0	14.4	NAN	
551.8	-2.565	0	14.4	NAN	
551.9	-2.565	0	14.4	NAN	
552	-2.565	0	14.4	NAN	
552.1	-2.565	0	14.4	NAN	
552.2	-2.565	0	14.4	NAN	
552.3	-2.565	0	14.4	NAN	
552.4	-2.565	0	14.4	NAN	
552.5	-2.565	0	14.4	NAN	
552.6	-2.565	0	14.4	NAN	
552.7	-2.565	0	14.4	NAN	
552.8	-2.565	0	14.4	NAN	
552.9	-2.565	0	14.4	NAN	
553	-2.565	0	14.4	NAN	
553.1	-2.58	0	14.4	NAN	
553.2	-2.58	0	14.4	NAN	
553.3	-2.58	0	14.4	NAN	
553.4	-2.58	0	14.4	NAN	
553.5	-2.58	0	14.4	NAN	
553.6	-2.58	0	14.4	NAN	
553.7	-2.58	0	14.4	NAN	
553.8	-2.58	0	14.4	NAN	
553.9	-2.58	0	14.4	NAN	
554	-2.58	0	14.4	NAN	
554.1	-2.58	0	14.4	NAN	
554.2	-2.58	0	14.4	NAN	
554.3	-2.58	0	14.4	NAN	
554.4	-2.58	0	14.4	NAN	
554.5	-2.58	0	14.4	NAN	
554.6	-2.58	0	14.4	NAN	
554.7	-2.58	0	14.4	NAN	
554.8	-2.58	0	14.4	NAN	
554.9	-2.58	0	14.4	NAN	
555	-2.58	0	14.4	NAN	
555.1	-2.58	0	14.4	NAN	
555.2	-2.58	0	14.4	NAN	
555.3	-2.58	0	14.4	NAN	
555.4	-2.58	0	14.4	NAN	
555.5	-2.58	0	14.4	NAN	
555.6	-2.58	0	14.4	NAN	
555.7	-2.58	0	14.4	NAN	
555.8	-2.58	0	14.4	NAN	
555.9	-2.58	0	14.4	NAN	
556	-2.58	0	14.4	NAN	
556.1	-2.595	0	14.4	NAN	
556.2	-2.595	0	14.4	NAN	
556.3	-2.595	0	14.4	NAN	
556.4	-2.595	0	14.4	NAN	
556.5	-2.595	0	14.4	NAN	
556.6	-2.595	0	14.4	NAN	
556.7	-2.595	0	14.4	NAN	
556.8	-2.595	0	14.4	NAN	
556.9	-2.595	0	14.4	NAN	
557	-2.595	0	14.4	NAN	
557.1	-2.595	0	14.4	NAN	
557.2	-2.595	0	14.4	NAN	
557.3	-2.595	0	14.4	NAN	
557.4	-2.595	0	14.4	NAN	
557.5	-2.595	0	14.4	NAN	
557.6	-2.595	0	14.4	NAN	
557.7	-2.595	0	14.4	NAN	
557.8	-2.595	0	14.4	NAN	
557.9	-2.595	0	14.4	NAN	
558	-2.595	0	14.4	NAN	
558.1	-2.595	0	14.4	NAN	
558.2	-2.595	0	14.4	NAN	
558.3	-2.595	0	14.4	NAN	
558.4	-2.595	0	14.4	NAN	
558.5	-2.595	0	14.4	NAN	
558.6	-2.595	0	14.4	NAN	
558.7	-2.595	0	14.4	NAN	
558.8	-2.595	0	14.4	NAN	
558.9	-2.595	0	14.4	NAN	
559	-2.595	0	14.4	NAN	
559.1	-2.595	0	14.4	NAN	
559.2	-2.595	0	14.4	NAN	
559.3	-2.595	0	14.4	NAN	
559.4	-2.595	0	14.4	NAN	
559.5	-2.595	0	14.4	NAN	
559.6	-2.595	0	14.4	NAN	
559.7	-2.595	0	14.4	NAN	
559.8	-2.595	0	14.4	NAN	
559.9	-2.595	0	14.4	NAN	
560	-2.595	0	14.4	NAN	
560.1	-2.595	0	14.4	NAN	
560.2	-2.595	0	14.4	NAN	
560.3	-2.595	0	14.4	NAN	
560.4	-2.595	0	14.4	NAN	
560.5	-2.595	0	14.4	NAN	
560.6	-2.595	0	14.4	NAN	
560.7	-2.595	0	14.4	NAN	
560.8	-2.595	0	14.4	NAN	
560.9	-2.595	0	14.4	NAN	
561	-2.595	0	14.4	NAN	
561.1	-2.595	0	14.4	NAN	
561.2	-2.595	0	14.4	NAN	
561.3	-2.595	0	14.4	NAN	
561.4	-2.595	0	14.4	NAN	
561.5	-2.595	0	14.4	NAN	
561.6	-2.595	0	14.4	NAN	
561.7	-2.595	0	14.4	NAN	
561.8	-2.595	0	14.4	NAN	
561.9	-2.595	0	14.4	NAN	
562	-2.595	0	14.4	NAN	
562.1	-2.595	0	14.4	NAN	
562.2	-2.595	0	14.4	NAN	
562.3	-2.595	0	14.4	NAN	
562.4	-2.595	0	14.4	NAN	
562.5	-2.595	0	14.4	NAN	
562.6	-2.595	0	14.4	NAN	
562.7	-2.595	0	14.4	NAN	
562.8	-2.595	0	14.4	NAN	
562.9	-2.595	0	14.4	NAN	
563	-2.595	0	14.4	NAN	
563.1	-2.595	0	14.4	NAN	
563.2	-2.595	0	14.4	NAN	
563.3	-2.595	0	14.4	NAN	
563.4	-2.595	0	14.4	NAN	
563.5	-2.595	0	14.4	NAN	
563.6	-2.595	0	14.4	NAN	
563.7	-2.595	0	14.4	NAN	
563.8	-2.595	0	14.4	NAN	
563.9	-2.595	0	14.4	NAN	
564	-2.595	0	14.4	NAN	
564.1	-2.595	0	14.4	NAN	
564.2	-2.595	0	14.4	NAN	
564.3	-2.595	0	14.4	NAN	
564.4	-2.595	0	14.4	NAN	
564.5	-2.595	0	14.4	NAN	
564.6	-2.595	0	14.4	NAN	
564.7	-2.595	0	14.4	NAN	
564.8	-2.595	0	14.4	NAN	
564.9	-2.595	0	14.4	NAN	
565	-2.595	0	14.4	NAN	
565.1	-2.595	0	14.4	NAN	
565.2	-2.595	0	14.4	NAN	
565.3	-2.595	0	14.4	NAN	
565.4	-2.595	0	14.4	NAN	
565.5	-2.595	0	14.4	NAN	
565.6	-2.595	0	14.4	NAN	
565.7	-2.595	0	14.4	NAN	
565.8	-2.595	0	14.4	NAN	
565.9	-2.595	0	14.4	NAN	
566	-2.595	0	14.4	NAN	
566.1	-2.595	0	14.4	NAN	
566.2	-2.595	0	14.4	NAN	
566.3	-2.595	0	14.4	NAN	
566.4	-2.595	0	14.4	NAN	
566.5	-2.595	0	14.4	NAN	
566.6	-2.595	0	14.4	NAN	
566.7	-2.595	0	14.4	NAN	
566.8	-2.595	0	14.4	NAN	
566.9	-2.595	0	14.4	NAN	
567	-2.595	0	14.4	NAN	
567.1	-2.595	0	14.4	NAN	
567.2	-2.595	0	14.4	NAN	
567.3	-2.595	0	14.4	NAN	
567.4	-2.595	0	14.4	NAN	
567.5	-2.595	0	14.4	NAN	
567.6	-2.595	0	14.4	NAN	
567.7	-2.595	0	14.4	NAN	
567.8	-2.595	0	14.4	NAN	
567.9	-2.595	0	14.4	NAN	
568	-2.595	0	14.4	NAN	
568.1	-2.61	0	14.4	NAN	
568.2	-2.61	0	14.4	NAN	
568.3	-2.61	0	14.4	NAN	
568.4	-2.61	0	14.4	NAN	
568.5	-2.61	0	14.4	NAN	
568.6	-2.61	0	14.4	NAN	
568.7	-2.61	0	14.4	NAN	
568.8	-2.61	0	14.4	NAN	
568.9	-2.61	0	14.4	NAN	
569	-2.61	0	14.4	NAN	
569.1	-2.61	0	14.4	NAN	
569.2	-2.61	0	14.4	NAN	
569.3	-2.61	0	14.4	NAN	
569.4	-2.61	0	14.4	NAN	
569.5	-2.61	0	14.4	NAN	
569.6	-2.61	0	14.4	NAN	
569.7	-2.61	0	14.4	NAN	
569.8	-2.61	0	14.4	NAN	
569.9	-2.61	0	14.4	NAN	
570	-2.61	0	14.4	NAN	
570.1	-2.61	0	14.4	NAN	
570.2	-2.61	0	14.4	NAN	
570.3	-2.61	0	14.4	NAN	
570.4	-2.61	0	14.4	NAN	
570.5	-2.61	0	14.4	NAN	
570.6	-2.61	0	14.4	NAN	
570.7	-2.61	0	14.4	NAN	
570.8	-2.61	0	14.4	NAN	
570.9	-2.61	0	14.4	NAN	
571	-2.61	0	14.4	NAN	
571.1	-2.61	0	14.4	NAN	
571.2	-2.595	0	14.4	NAN	
571.3	-2.595	0	14.4	NAN	
571.4	-2.595	0	14.4	NAN	
571.5	-2.595	0	14.4	NAN	
571.6	-2.595	0	14.4	NAN	
571.7	-2.595	0	14.4	NAN	
571.8	-2.595	0	14.4	NAN	
571.9	-2.595	0	14.4	NAN	
572	-2.595	0	14.4	NAN	
572.1	-2.595	0	14.4	NAN	
572.2	-2.595	0	14.4	NAN	
572.3	-2.595	0	14.4	NAN	
572.4	-2.595	0	14.4	NAN	
572.5	-2.595	0	14.4	NAN	
572.6	-2.595	0	14.4	NAN	
572.7	-2.595	0	14.4	NAN	
572.8	-2.595	0	14.4	NAN	
572.9	-2.595	0	14.4	NAN	
573	-2.595	0	14.4	NAN	
573.1	-2.595	0	14.4	NAN	
573.2	-2.595	0	14.4	NAN	
573.3	-2.595	0	14.4	NAN	
573.4	-2.595	0	14.4	NAN	
573.5	-2.595	0	14.4	NAN	
573.6	-2.595	0	14.4	NAN	
573.7	-2.595	0	14.4	NAN	
573.8	-2.595	0	14.4	NAN	
573.9	-2.595	0	14.4	NAN	
574	-2.595	0	14.4	NAN	
574.1	-2.595	0	14.4	NAN	
574.2	-2.595	0	14.4	NAN	
574.3	-2.595	0	14.4	NAN	
574.4	-2.595	0	14.4	NAN	
574.5	-2.595	0	14.4	NAN	
574.6	-2.595	0	14.4	NAN	
574.7	-2.595	0	14.4	NAN	
574.8	-2.595	0	14.4	NAN	
574.9	-2.595	0	14.4	NAN	
575	-2.595	0	14.4	NAN	
575.1	-2.595	0	14.4	NAN	
575.2	-2.595	0	14.4	NAN	
575.3	-2.595	0	14.4	NAN	
575.4	-2.595	0	14.4	NAN	
575.5	-2.595	0	14.4	NAN	
575.6	-2.595	0	14.4	NAN	
575.7	-2.595	0	14.4	NAN	
575.8	-2.595	0	14.4	NAN	
575.9	-2.595	0	14.4	NAN	
576	-2.595	0	14.4	NAN	
576.1	-2.595	0	14.4	NAN	
576.2	-2.58	0	14.4	NAN	
576.3	-2.58	0	14.4	NAN	
576.4	-2.58	0	14.4	NAN	
576.5	-2.58	0	14.4	NAN	
576.6	-2.58	0	14.4	NAN	
576.7	-2.58	0	14.4	NAN	
576.8	-2.58	0	14.4	NAN	
576.9	-2.58	0	14.4	NAN	
577	-2.58	0	14.4	NAN	
577.1	-2.58	0	14.4	NAN	
577.2	-2.58	0	14.4	NAN	
577.3	-2.58	0	14.4	NAN	
577.4	-2.58	0	14.4	NAN	
577.5	-2.58	0	14.4	NAN	
577.6	-2.58	0	14.4	NAN	
577.7	-2.58	0	14.4	NAN	
577.8	-2.58	0	14.4	NAN	
577.9	-2.58	0	14.4	NAN	
578	-2.58	0	14.4	NAN	
578.1	-2.58	0	14.4	NAN	
578.2	-2.58	0	14.4	NAN	
578.3	-2.58	0	14.4	NAN	
578.4	-2.58	0	14.4	NAN	
578.5	-2.58	0	14.4	NAN	
578.6	-2.58	0	14.4	NAN	
578.7	-2.58	0	14.4	NAN	
578.8	-2.58	0	14.4	NAN	
578.9	-2.58	0	14.4	NAN	
579	-2.58	0	14.4	NAN	
579.1	-2.58	0	14.4	NAN	
579.2	-2.595	0	14.4	NAN	
579.3	-2.595	0	14.4	NAN	
579.4	-2.595	0	14.4	NAN	
579.5	-2.595	0	14.4	NAN	
579.6	-2.595	0	14.4	NAN	
579.7	-2.595	0	14.4	NAN	
579.8	-2.595	0	14.4	NAN	
579.9	-2.595	0	14.4	NAN	
580	-2.595	0	14.4	NAN	
580.1	-2.595	0	14.4	NAN	
580.2	-2.58	0	14.4	NAN	
580.3	-2.58	0	14.4	NAN	
580.4	-2.58	0	14.4	NAN	
580.5	-2.58	0	14.4	NAN	
580.6	-2.58	0	14.4	NAN	
580.7	-2.58	0	14.4	NAN	
580.8	-2.58	0	14.4	NAN	
580.9	-2.58	0	14.4	NAN	
581	-2.58	0	14.4	NAN	
581.1	-2.58	0	14.4	NAN	
581.2	-2.595	0	14.4	NAN	
581.3	-2.595	0	14.4	NAN	
581.4	-2.595	0	14.4	NAN	
581.5	-2.595	0	14.4	NAN	
581.6	-2.595	0	14.4	NAN	
581.7	-2.595	0	14.4	NAN	
581.8	-2.595	0	14.4	NAN	
581.9	-2.595	0	14.4	NAN	
582	-2.595	0	14.4	NAN	
582.1	-2.595	0	14.4	NAN	
582.2	-2.595	0	14.4	NAN	
582.3	-2.595	0	14.4	NAN	
582.4	-2.595	0	14.4	NAN	
582.5	-2.595	0	14.4	NAN	
582.6	-2.595	0	14.4	NAN	
582.7	-2.595	0	14.4	NAN	
582.8	-2.595	0	14.4	NAN	
582.9	-2.595	0	14.4	NAN	
583	-2.595	0	14.4	NAN	
583.1	-2.595	0	14.4	NAN	
583.2	-2.595	0	14.4	NAN	
583.3	-2.595	0	14.4	NAN	
583.4	-2.595	0	14.4	NAN	
583.5	-2.595	0	14.4	NAN	
583.6	-2.595	0	14.4	NAN	
583.7	-2.595	0	14.4	NAN	
583.8	-2.595	0	14.4	NAN	
583.9	-2.595	0	14.4	NAN	
584	-2.595	0	14.4	NAN	
584.1	-2.595	0	14.4	NAN	
584.2	-2.595	0	14.4	NAN	
584.3	-2.595	0	14.4	NAN	
584.4	-2.595	0	14.4	NAN	
584.5	-2.595	0	14.4	NAN	
584.6	-2.595	0	14.4	NAN	
584.7	-2.595	0	14.4	NAN	
584.8	-2.595	0	14.4	NAN	
584.9	-2.595	0	14.4	NAN	
585	-2.595	0	14.4	NAN	
585.1	-2.595	0	14.4	NAN	
585.2	-2.595	0	14.4	NAN	
585.3	-2.595	0	14.4	NAN	
585.4	-2.595	0	14.4	NAN	
585.5	-2.595	0	14.4	NAN	
585.6	-2.595	0	14.4	NAN	
585.7	-2.595	0	14.4	NAN	
585.8	-2.595	0	14.4	NAN	
585.9	-2.595	0	14.4	NAN	
586	-2.595	0	14.4	NAN	
586.1	-2.595	0	14.4	NAN	
586.2	-2.595	0	14.4	NAN	
586.3	-2.595	0	14.4	NAN	
586.4	-2.595	0	14.4	NAN	
586.5	-2.595	0	14.4	NAN	
586.6	-2.595	0	14.4	NAN	
586.7	-2.595	0	14.4	NAN	
586.8	-2.595	0	14.4	NAN	
586.9	-2.595	0	14.4	NAN	
587	-2.595	0	14.4	NAN	
587.1	-2.595	0	14.4	NAN	
587.2	-2.595	0	14.4	NAN	
587.3	-2.595	0	14.4	NAN	
587.4	-2.595	0	14.4	NAN	
587.5	-2.595	0	14.4	NAN	
587.6	-2.595	0	14.4	NAN	
587.7	-2.595	0	14.4	NAN	
587.8	-2.595	0	14.4	NAN	
587.9	-2.595	0	14.4	NAN	
588	-2.595	0	14.4	NAN	
588.1	-2.595	0	14.4	NAN	
588.2	-2.595	0	14.4	NAN	
588.3	-2.595	0	14.4	NAN	
588.4	-2.595	0	14.4	NAN	
588.5	-2.595	0	14.4	NAN	
588.6	-2.595	0	14.4	NAN	
588.7	-2.595	0	14.4	NAN	
588.8	-2.595	0	14.4	NAN	
588.9	-2.595	0	14.4	NAN	
589	-2.595	0	14.4	NAN	
589.1	-2.595	0	14.4	NAN	
589.2	-2.595	0	14.4	NAN	
589.3	-2.595	0	14.4	NAN	
589.4	-2.595	0	14.4	NAN	
589.5	-2.595	0	14.4	NAN	
589.6	-2.595	0	14.4	NAN	
589.7	-2.595	0	14.4	NAN	
589.8	-2.595	0	14.4	NAN	
589.9	-2.595	0	14.4	NAN	
590	-2.595	0	14.4	NAN	
590.1	-2.595	0	14.4	NAN	
590.2	-2.61	0	14.4	NAN	
590.3	-2.61	0	14.4	NAN	
590.4	-2.61	0	14.4	NAN	
590.5	-2.61	0	14.4	NAN	
590.6	-2.61	0	14.4	NAN	
590.7	-2.61	0	14.4	NAN	
590.8	-2.61	0	14.4	NAN	
590.9	-2.61	0	14.4	NAN	
591	-2.61	0	14.4	NAN	
591.1	-2.61	0	14.4	NAN	
591.2	-2.61	0	14.4	NAN	
591.3	-2.61	0	14.4	NAN	
591.4	-2.61	0	14.4	NAN	
591.5	-2.61	0	14.4	NAN	
591.6	-2.61	0	14.4	NAN	
591.7	-2.61	0	14.4	NAN	
591.8	-2.61	0	14.4	NAN	
591.9	-2.61	0	14.4	NAN	
592	-2.61	0	14.4	NAN	
592.1	-2.61	0	14.4	NAN	
592.2	-2.61	0	14.4	NAN	
592.3	-2.61	0	14.4	NAN	
592.4	-2.61	0	14.4	NAN	
592.5	-2.61	0	14.4	NAN	
592.6	-2.61	0	14.4	NAN	
592.7	-2.61	0	14.4	NAN	
592.8	-2.61	0	14.4	NAN	
592.9	-2.61	0	14.4	NAN	
593	-2.61	0	14.4	NAN	
593.1	-2.61	0	14.4	NAN	
593.2	-2.595	0	14.4	NAN	
593.3	-2.595	0	14.4	NAN	
593.4	-2.595	0	14.4	NAN	
593.5	-2.595	0	14.4	NAN	
593.6	-2.595	0	14.4	NAN	
593.7	-2.595	0	14.4	NAN	
593.8	-2.595	0	14.4	NAN	
593.9	-2.595	0	14.4	NAN	
594	-2.595	0	14.4	NAN	
594.1	-2.595	0	14.4	NAN	
594.2	-2.595	0	14.4	NAN	
594.3	-2.595	0	14.4	NAN	
594.4	-2.595	0	14.4	NAN	
594.5	-2.595	0	14.4	NAN	
594.6	-2.595	0	14.4	NAN	
594.7	-2.595	0	14.4	NAN	
594.8	-2.595	0	14.4	NAN	
594.9	-2.595	0	14.4	NAN	
595	-2.595	0	14.4	NAN
