# MIN=0	-30	-3	-300	0	
# MAX=640	30	3	300	5	
# SCALE=100	10	1	100	1	
# DEC=1	2	3	1	3	
# DEF="Zeit" t / s	"Spannung" U_A1 / mV	"Strom" I_A2 / A	"Magn. Flussdichte" B_B2 / mT	"Frequenz" f / Hz	
0	-2.775	0	14.55	NAN	
0.1	-2.775	0	14.55	NAN	
0.201	-2.775	0	14.55	NAN	
0.301	-2.775	0	14.55	NAN	
0.401	-2.775	0	14.55	NAN	
0.501	-2.775	0	14.4	NAN	
0.601	-2.775	0	14.4	NAN	
0.701	-2.775	0	14.4	NAN	
0.801	-2.775	0	14.4	NAN	
0.901	-2.775	0	14.4	NAN	
1.001	-2.775	0	14.4	NAN	
1.101	-2.775	0	14.4	NAN	
1.201	-2.775	0	14.4	NAN	
1.301	-2.775	0	14.4	NAN	
1.401	-2.76	0	14.4	NAN	
1.501	-2.76	-0.0015	14.4	NAN	
1.601	-2.76	-0.0015	14.4	NAN	
1.701	-2.76	-0.0015	14.4	NAN	
1.801	-2.76	-0.0015	14.4	NAN	
1.901	-2.76	-0.0015	14.4	NAN	
2.001	-2.76	-0.0015	14.4	NAN	
2.101	-2.76	-0.0015	14.4	NAN	
2.201	-2.76	-0.0015	14.4	NAN	
2.301	-2.76	-0.0015	14.4	NAN	
2.401	-2.775	-0.0015	14.4	NAN	
2.501	-2.775	0	14.4	NAN	
2.601	-2.775	0	14.4	NAN	
2.701	-2.775	0	14.4	NAN	
2.801	-2.775	0	14.4	NAN	
2.901	-2.775	0	14.4	NAN	
3.001	-2.775	0	14.4	NAN	
3.101	-2.775	0	14.4	NAN	
3.201	-2.775	0	14.4	NAN	
3.301	-2.775	0	14.4	NAN	
3.401	-2.775	0	14.4	NAN	
3.501	-2.775	0	14.4	NAN	
3.601	-2.775	0	14.4	NAN	
3.701	-2.775	0	14.4	NAN	
3.801	-2.775	0	14.4	NAN	
3.901	-2.775	0	14.4	NAN	
4.001	-2.775	0	14.4	NAN	
4.101	-2.775	0	14.4	NAN	
4.201	-2.775	0	14.4	NAN	
4.301	-2.775	0	14.4	NAN	
4.401	-2.775	0	14.4	NAN	
4.501	-2.775	0	14.4	NAN	
4.601	-2.775	0	14.4	NAN	
4.701	-2.775	0	14.4	NAN	
4.801	-2.775	0	14.4	NAN	
4.901	-2.775	0	14.4	NAN	
5.001	-2.775	0	14.4	NAN	
5.101	-2.775	0	14.4	NAN	
5.201	-2.775	0	14.4	NAN	
5.301	-2.775	0	14.4	NAN	
5.401	-2.775	0	14.4	NAN	
5.501	-2.775	0	14.4	NAN	
5.601	-2.775	0	14.4	NAN	
5.701	-2.775	0	14.4	NAN	
5.801	-2.775	0	14.4	NAN	
5.901	-2.775	0	14.4	NAN	
6.001	-2.775	0	14.4	NAN	
6.101	-2.775	0	14.4	NAN	
6.201	-2.775	0	14.4	NAN	
6.301	-2.775	0	14.4	NAN	
6.401	-2.775	0	14.4	NAN	
6.501	-2.775	0	14.55	NAN	
6.601	-2.775	0	14.55	NAN	
6.701	-2.775	0	14.55	NAN	
6.801	-2.775	0	14.55	NAN	
6.901	-2.775	0	14.55	NAN	
7.001	-2.775	0	14.55	NAN	
7.101	-2.775	0	14.55	NAN	
7.201	-2.775	0	14.55	NAN	
7.301	-2.775	0	14.55	NAN	
7.401	-2.775	0	14.55	NAN	
7.501	-2.775	0	14.4	NAN	
7.601	-2.775	0	14.4	NAN	
7.701	-2.775	0	14.4	NAN	
7.801	-2.775	0	14.4	NAN	
7.901	-2.775	0	14.4	NAN	
8.001	-2.775	0	14.4	NAN	
8.101	-2.775	0	14.4	NAN	
8.201	-2.775	0	14.4	NAN	
8.301	-2.775	0	14.4	NAN	
8.401	-2.775	0	14.4	NAN	
8.501	-2.775	0	14.4	NAN	
8.601	-2.775	0	14.4	NAN	
8.701	-2.775	0	14.4	NAN	
8.801	-2.775	0	14.4	NAN	
8.901	-2.775	0	14.4	NAN	
9.001	-2.775	0	14.4	NAN	
9.101	-2.775	0	14.4	NAN	
9.201	-2.775	0	14.4	NAN	
9.301	-2.775	0	14.4	NAN	
9.401	-2.775	0	14.4	NAN	
9.501	-2.775	0	14.4	NAN	
9.601	-2.775	0	14.4	NAN	
9.701	-2.775	0	14.4	NAN	
9.801	-2.775	0	14.4	NAN	
9.901	-2.775	0	14.4	NAN	
10.001	-2.775	0	14.4	NAN	
10.101	-2.775	0	14.4	NAN	
10.201	-2.775	0	14.4	NAN	
10.301	-2.775	0	14.4	NAN	
10.401	-2.775	0	14.4	NAN	
10.501	-2.775	0	14.55	NAN	
10.601	-2.775	0	14.55	NAN	
10.701	-2.775	0	14.55	NAN	
10.801	-2.775	0	14.55	NAN	
10.901	-2.775	0	14.55	NAN	
11.001	-2.775	0	14.55	NAN	
11.101	-2.775	0	14.55	NAN	
11.201	-2.775	0	14.55	NAN	
11.301	-2.775	0	14.55	NAN	
11.401	-2.775	0	14.55	NAN	
11.501	-2.775	0	14.4	NAN	
11.601	-2.775	0	14.4	NAN	
11.701	-2.775	0	14.4	NAN	
11.801	-2.775	0	14.4	NAN	
11.901	-2.775	0	14.4	NAN	
12.001	-2.775	0	14.4	NAN	
12.101	-2.775	0	14.4	NAN	
12.201	-2.775	0	14.4	NAN	
12.301	-2.775	0	14.4	NAN	
12.401	-2.775	0	14.4	NAN	
12.501	-2.775	0	14.4	NAN	
12.601	-2.775	0	14.4	NAN	
12.701	-2.775	0	14.4	NAN	
12.801	-2.775	0	14.4	NAN	
12.901	-2.775	0	14.4	NAN	
13.001	-2.775	0	14.4	NAN	
13.101	-2.775	0	14.4	NAN	
13.201	-2.775	0	14.4	NAN	
13.301	-2.775	0	14.4	NAN	
13.401	-2.775	0	14.4	NAN	
13.501	-2.775	0	14.4	NAN	
13.601	-2.775	0	14.4	NAN	
13.701	-2.775	0	14.4	NAN	
13.801	-2.775	0	14.4	NAN	
13.901	-2.775	0	14.4	NAN	
14.001	-2.775	0	14.4	NAN	
14.101	-2.775	0	14.4	NAN	
14.201	-2.775	0	14.4	NAN	
14.301	-2.775	0	14.4	NAN	
14.401	-2.775	0	14.4	NAN	
14.501	-2.775	0	14.4	NAN	
14.601	-2.775	0	14.4	NAN	
14.701	-2.775	0	14.4	NAN	
14.801	-2.775	0	14.4	NAN	
14.901	-2.775	0	14.4	NAN	
15.001	-2.775	0	14.4	NAN	
15.101	-2.775	0	14.4	NAN	
15.201	-2.775	0	14.4	NAN	
15.301	-2.775	0	14.4	NAN	
15.401	-2.775	0	14.4	NAN	
15.501	-2.775	0	14.4	NAN	
15.601	-2.775	0	14.4	NAN	
15.701	-2.775	0	14.4	NAN	
15.801	-2.775	0	14.4	NAN	
15.901	-2.775	0	14.4	NAN	
16.001	-2.775	0	14.4	NAN	
16.101	-2.775	0	14.4	NAN	
16.201	-2.775	0	14.4	NAN	
16.301	-2.775	0	14.4	NAN	
16.401	-2.79	0	14.4	NAN	
16.501	-2.79	0	14.4	NAN	
16.601	-2.79	0	14.4	NAN	
16.701	-2.79	0	14.4	NAN	
16.801	-2.79	0	14.4	NAN	
16.901	-2.79	0	14.4	NAN	
17.001	-2.79	0	14.4	NAN	
17.101	-2.79	0	14.4	NAN	
17.201	-2.79	0	14.4	NAN	
17.301	-2.79	0	14.4	NAN	
17.401	-2.79	0	14.4	NAN	
17.501	-2.79	0	14.4	NAN	
17.601	-2.79	0	14.4	NAN	
17.701	-2.79	0	14.4	NAN	
17.801	-2.79	0	14.4	NAN	
17.901	-2.79	0	14.4	NAN	
18.001	-2.79	0	14.4	NAN	
18.101	-2.79	0	14.4	NAN	
18.201	-2.79	0	14.4	NAN	
18.301	-2.79	0	14.4	NAN	
18.401	-2.79	0	14.4	NAN	
18.501	-2.79	0	14.4	NAN	
18.601	-2.79	0	14.4	NAN	
18.701	-2.79	0	14.4	NAN	
18.801	-2.79	0	14.4	NAN	
18.901	-2.79	0	14.4	NAN	
19.001	-2.79	0	14.4	NAN	
19.101	-2.79	0	14.4	NAN	
19.201	-2.79	0	14.4	NAN	
19.301	-2.79	0	14.4	NAN	
19.401	-2.79	0	14.4	NAN	
19.501	-2.79	0	14.4	NAN	
19.601	-2.79	0	14.4	NAN	
19.701	-2.79	0	14.4	NAN	
19.801	-2.79	0	14.4	NAN	
19.901	-2.79	0	14.4	NAN	
20.001	-2.79	0	14.4	NAN	
20.101	-2.79	0	14.4	NAN	
20.201	-2.79	0	14.4	NAN	
20.301	-2.79	0	14.4	NAN	
20.401	-2.79	0	14.4	NAN	
20.501	-2.79	0	14.55	NAN	
20.601	-2.79	0	14.55	NAN	
20.701	-2.79	0	14.55	NAN	
20.801	-2.79	0	14.55	NAN	
20.901	-2.79	0	14.55	NAN	
21.001	-2.79	0	14.55	NAN	
21.101	-2.79	0	14.55	NAN	
21.201	-2.79	0	14.55	NAN	
21.301	-2.79	0	14.55	NAN	
21.401	-2.79	0	14.55	NAN	
21.501	-2.79	0	14.55	NAN	
21.601	-2.79	0	14.55	NAN	
21.701	-2.79	0	14.55	NAN	
21.801	-2.79	0	14.55	NAN	
21.901	-2.79	0	14.55	NAN	
22.001	-2.79	0	14.55	NAN	
22.101	-2.79	0	14.55	NAN	
22.201	-2.79	0	14.55	NAN	
22.301	-2.79	0	14.55	NAN	
22.401	-2.79	0	14.55	NAN	
22.501	-2.79	0	14.55	NAN	
22.601	-2.79	0	14.55	NAN	
22.701	-2.79	0	14.55	NAN	
22.801	-2.79	0	14.55	NAN	
22.901	-2.79	0	14.55	NAN	
23.001	-2.79	0	14.55	NAN	
23.101	-2.79	0	14.55	NAN	
23.201	-2.79	0	14.55	NAN	
23.301	-2.79	0	14.55	NAN	
23.401	-2.805	0	14.55	NAN	
23.501	-2.805	0	14.55	NAN	
23.601	-2.805	0	14.55	NAN	
23.701	-2.805	0	14.55	NAN	
23.801	-2.805	0	14.55	NAN	
23.901	-2.805	0	14.55	NAN	
24.001	-2.805	0	14.55	NAN	
24.101	-2.805	0	14.55	NAN	
24.201	-2.805	0	14.55	NAN	
24.301	-2.805	0	14.55	NAN	
24.401	-2.805	0	14.55	NAN	
24.501	-2.805	0	14.55	NAN	
24.601	-2.805	0	14.55	NAN	
24.701	-2.805	0	14.55	NAN	
24.801	-2.805	0	14.55	NAN	
24.901	-2.805	0	14.55	NAN	
25.001	-2.805	0	14.55	NAN	
25.101	-2.805	0	14.55	NAN	
25.201	-2.805	0	14.55	NAN	
25.301	-2.805	0	14.55	NAN	
25.401	-2.805	0	14.55	NAN	
25.501	-2.805	0	14.55	NAN	
25.601	-2.805	0	14.55	NAN	
25.701	-2.805	0	14.55	NAN	
25.801	-2.805	0	14.55	NAN	
25.901	-2.805	0	14.55	NAN	
26.001	-2.805	0	14.55	NAN	
26.101	-2.805	0	14.55	NAN	
26.201	-2.805	0	14.55	NAN	
26.301	-2.805	0	14.55	NAN	
26.401	-2.805	0	14.55	NAN	
26.501	-2.805	0	14.55	NAN	
26.601	-2.805	0	14.55	NAN	
26.701	-2.805	0	14.55	NAN	
26.801	-2.805	0	14.55	NAN	
26.901	-2.805	0	14.55	NAN	
27.001	-2.805	0	14.55	NAN	
27.101	-2.805	0	14.55	NAN	
27.201	-2.805	0	14.55	NAN	
27.301	-2.805	0	14.55	NAN	
27.401	-2.805	0	14.55	NAN	
27.501	-2.805	0	14.55	NAN	
27.601	-2.805	0	14.55	NAN	
27.701	-2.805	0	14.55	NAN	
27.801	-2.805	0	14.55	NAN	
27.901	-2.805	0	14.55	NAN	
28.001	-2.805	0	14.55	NAN	
28.101	-2.805	0	14.55	NAN	
28.201	-2.805	0	14.55	NAN	
28.301	-2.805	0	14.55	NAN	
28.401	-2.805	0	14.55	NAN	
28.501	-2.805	0	14.55	NAN	
28.601	-2.805	0	14.55	NAN	
28.701	-2.805	0	14.55	NAN	
28.801	-2.805	0	14.55	NAN	
28.901	-2.805	0	14.55	NAN	
29.001	-2.805	0	14.55	NAN	
29.101	-2.805	0	14.55	NAN	
29.201	-2.805	0	14.55	NAN	
29.301	-2.805	0	14.55	NAN	
29.401	-2.82	0	14.55	NAN	
29.501	-2.82	0	14.55	NAN	
29.601	-2.82	0	14.55	NAN	
29.701	-2.82	0	14.55	NAN	
29.801	-2.82	0	14.55	NAN	
29.901	-2.82	0	14.55	NAN	
30.001	-2.82	0	14.55	NAN	
30.101	-2.82	0	14.55	NAN	
30.201	-2.82	0	14.55	NAN	
30.301	-2.82	0	14.55	NAN	
30.401	-2.82	0	14.55	NAN	
30.501	-2.82	0	14.55	NAN	
30.601	-2.82	0	14.55	NAN	
30.701	-2.82	0	14.55	NAN	
30.801	-2.82	0	14.55	NAN	
30.901	-2.82	0	14.55	NAN	
31.001	-2.82	0	14.55	NAN	
31.101	-2.82	0	14.55	NAN	
31.201	-2.82	0	14.55	NAN	
31.301	-2.82	0	14.55	NAN	
31.401	-2.82	0	14.55	NAN	
31.501	-2.82	0	14.55	NAN	
31.601	-2.82	0	14.55	NAN	
31.701	-2.82	0	14.55	NAN	
31.801	-2.82	0	14.55	NAN	
31.901	-2.82	0	14.55	NAN	
32.001	-2.82	0	14.55	NAN	
32.101	-2.82	0	14.55	NAN	
32.201	-2.82	0	14.55	NAN	
32.301	-2.82	0	14.55	NAN	
32.401	-2.82	0	14.55	NAN	
32.501	-2.82	0	14.55	NAN	
32.601	-2.82	0	14.55	NAN	
32.701	-2.82	0	14.55	NAN	
32.801	-2.82	0	14.55	NAN	
32.901	-2.82	0	14.55	NAN	
33.001	-2.82	0	14.55	NAN	
33.101	-2.82	0	14.55	NAN	
33.201	-2.82	0	14.55	NAN	
33.301	-2.82	0	14.55	NAN	
33.401	-2.82	0	14.55	NAN	
33.501	-2.82	0	14.55	NAN	
33.601	-2.82	0	14.55	NAN	
33.701	-2.82	0	14.55	NAN	
33.801	-2.82	0	14.55	NAN	
33.901	-2.82	0	14.55	NAN	
34.001	-2.82	0	14.55	NAN	
34.101	-2.82	0	14.55	NAN	
34.201	-2.82	0	14.55	NAN	
34.301	-2.82	0	14.55	NAN	
34.401	-2.82	0	14.55	NAN	
34.501	-2.82	0	14.55	NAN	
34.601	-2.82	0	14.55	NAN	
34.701	-2.82	0	14.55	NAN	
34.801	-2.82	0	14.55	NAN	
34.901	-2.82	0	14.55	NAN	
35.001	-2.82	0	14.55	NAN	
35.101	-2.82	0	14.55	NAN	
35.201	-2.82	0	14.55	NAN	
35.301	-2.82	0	14.55	NAN	
35.401	-2.835	0	14.55	NAN	
35.501	-2.835	0	14.55	NAN	
35.601	-2.835	0	14.55	NAN	
35.702	-2.835	0	14.55	NAN	
35.801	-2.835	0	14.55	NAN	
35.901	-2.835	0	14.55	NAN	
36.001	-2.835	0	14.55	NAN	
36.101	-2.835	0	14.55	NAN	
36.201	-2.835	0	14.55	NAN	
36.301	-2.835	0	14.55	NAN	
36.401	-2.835	0	14.55	NAN	
36.501	-2.835	0	14.55	NAN	
36.601	-2.835	0	14.55	NAN	
36.701	-2.835	0	14.55	NAN	
36.801	-2.835	0	14.55	NAN	
36.901	-2.835	0	14.55	NAN	
37.001	-2.835	0	14.55	NAN	
37.101	-2.835	0	14.55	NAN	
37.201	-2.835	0	14.55	NAN	
37.301	-2.835	0	14.55	NAN	
37.401	-2.835	0	14.55	NAN	
37.501	-2.835	0	14.55	NAN	
37.601	-2.835	0	14.55	NAN	
37.701	-2.835	0	14.55	NAN	
37.801	-2.835	0	14.55	NAN	
37.901	-2.835	0	14.55	NAN	
38.001	-2.835	0	14.55	NAN	
38.101	-2.835	0	14.55	NAN	
38.201	-2.835	0	14.55	NAN	
38.301	-2.835	0	14.55	NAN	
38.401	-2.835	0	14.55	NAN	
38.501	-2.835	0	14.55	NAN	
38.601	-2.835	0	14.55	NAN	
38.701	-2.835	0	14.55	NAN	
38.801	-2.835	0	14.55	NAN	
38.901	-2.835	0	14.55	NAN	
39.001	-2.835	0	14.55	NAN	
39.101	-2.835	0	14.55	NAN	
39.201	-2.835	0	14.55	NAN	
39.301	-2.835	0	14.55	NAN	
39.401	-2.82	0	14.55	NAN	
39.501	-2.82	0	14.55	NAN	
39.601	-2.82	0	14.55	NAN	
39.701	-2.82	0	14.55	NAN	
39.801	-2.82	0	14.55	NAN	
39.901	-2.82	0	14.55	NAN	
40.001	-2.82	0	14.55	NAN	
40.101	-2.82	0	14.55	NAN	
40.201	-2.82	0	14.55	NAN	
40.301	-2.82	0	14.55	NAN	
40.401	-2.835	0	14.55	NAN	
40.501	-2.835	0	14.55	NAN	
40.601	-2.835	0	14.55	NAN	
40.701	-2.835	0	14.55	NAN	
40.801	-2.835	0	14.55	NAN	
40.901	-2.835	0	14.55	NAN	
41.001	-2.835	0	14.55	NAN	
41.101	-2.835	0	14.55	NAN	
41.201	-2.835	0	14.55	NAN	
41.301	-2.835	0	14.55	NAN	
41.401	-2.835	0	14.55	NAN	
41.501	-2.835	0	14.55	NAN	
41.601	-2.835	0	14.55	NAN	
41.701	-2.835	0	14.55	NAN	
41.801	-2.835	0	14.55	NAN	
41.901	-2.835	0	14.55	NAN	
42.001	-2.835	0	14.55	NAN	
42.101	-2.835	0	14.55	NAN	
42.201	-2.835	0	14.55	NAN	
42.301	-2.835	0	14.55	NAN	
42.401	-2.835	0	14.55	NAN	
42.501	-2.835	0	14.55	NAN	
42.601	-2.835	0	14.55	NAN	
42.701	-2.835	0	14.55	NAN	
42.801	-2.835	0	14.55	NAN	
42.901	-2.835	0	14.55	NAN	
43.001	-2.835	0	14.55	NAN	
43.101	-2.835	0	14.55	NAN	
43.201	-2.835	0	14.55	NAN	
43.301	-2.835	0	14.55	NAN	
43.401	-2.835	0	14.55	NAN	
43.501	-2.835	0	14.55	NAN	
43.601	-2.835	0	14.55	NAN	
43.701	-2.835	0	14.55	NAN	
43.801	-2.835	0	14.55	NAN	
43.901	-2.835	0	14.55	NAN	
44.001	-2.835	0	14.55	NAN	
44.101	-2.835	0	14.55	NAN	
44.201	-2.835	0	14.55	NAN	
44.301	-2.835	0	14.55	NAN	
44.401	-2.835	0	14.55	NAN	
44.501	-2.835	0	14.55	NAN	
44.601	-2.835	-0.0015	14.55	NAN	
44.701	-2.835	-0.0015	14.55	NAN	
44.801	-2.835	-0.0015	14.55	NAN	
44.901	-2.835	-0.0015	14.55	NAN	
45.001	-2.835	-0.0015	14.55	NAN	
45.101	-2.835	-0.0015	14.55	NAN	
45.201	-2.835	-0.0015	14.55	NAN	
45.301	-2.835	-0.0015	14.55	NAN	
45.401	-2.835	-0.0015	14.55	NAN	
45.501	-2.835	-0.0015	14.55	NAN	
45.601	-2.835	0	14.55	NAN	
45.701	-2.835	0	14.55	NAN	
45.801	-2.835	0	14.55	NAN	
45.901	-2.835	0	14.55	NAN	
46.001	-2.835	0	14.55	NAN	
46.101	-2.835	0	14.55	NAN	
46.201	-2.835	0	14.55	NAN	
46.301	-2.835	0	14.55	NAN	
46.401	-2.835	0	14.55	NAN	
46.679	-2.835	0	14.55	NAN	
46.702	-2.835	0	14.55	NAN	
46.725	-2.835	0	14.55	NAN	
46.801	-2.835	0	14.55	NAN	
46.901	-2.835	0	14.55	NAN	
47.001	-2.835	0	14.55	NAN	
47.101	-2.835	0	14.55	NAN	
47.201	-2.835	0	14.55	NAN	
47.301	-2.835	0	14.55	NAN	
47.401	-2.835	0	14.55	NAN	
47.501	-2.835	0	14.55	NAN	
47.601	-2.835	0	14.55	NAN	
47.701	-2.835	0	14.55	NAN	
47.801	-2.835	0	14.55	NAN	
47.901	-2.835	0	14.55	NAN	
48.001	-2.835	0	14.55	NAN	
48.101	-2.835	0	14.55	NAN	
48.201	-2.835	0	14.55	NAN	
48.301	-2.835	0	14.55	NAN	
48.401	-2.835	0	14.55	NAN	
48.501	-2.835	0	14.55	NAN	
48.601	-2.835	0	14.55	NAN	
48.701	-2.835	0	14.55	NAN	
48.801	-2.835	0	14.55	NAN	
48.901	-2.835	0	14.55	NAN	
49.001	-2.835	0	14.55	NAN	
49.101	-2.835	0	14.55	NAN	
49.201	-2.835	0	14.55	NAN	
49.301	-2.835	0	14.55	NAN	
49.401	-2.835	0	14.55	NAN	
49.501	-2.835	0	14.55	NAN	
49.601	-2.835	0	14.55	NAN	
49.701	-2.835	0	14.55	NAN	
49.801	-2.835	0	14.55	NAN	
49.901	-2.835	0	14.55	NAN	
50.001	-2.835	0	14.55	NAN	
50.101	-2.835	0	14.55	NAN	
50.201	-2.835	0	14.55	NAN	
50.301	-2.835	0	14.55	NAN	
50.401	-2.835	0	14.55	NAN	
50.501	-2.835	0	14.55	NAN	
50.601	-2.835	0	14.55	NAN	
50.701	-2.835	0	14.55	NAN	
50.801	-2.835	0	14.55	NAN	
50.901	-2.835	0	14.55	NAN	
51.001	-2.835	0	14.55	NAN	
51.101	-2.835	0	14.55	NAN	
51.201	-2.835	0	14.55	NAN	
51.301	-2.835	0	14.55	NAN	
51.401	-2.835	0	14.55	NAN	
51.501	-2.835	0	14.55	NAN	
51.601	-2.835	0	14.55	NAN	
51.701	-2.835	0	14.55	NAN	
51.801	-2.835	0	14.55	NAN	
51.901	-2.835	0	14.55	NAN	
52.001	-2.835	0	14.55	NAN	
52.101	-2.835	0	14.55	NAN	
52.201	-2.835	0	14.55	NAN	
52.301	-2.835	0	14.55	NAN	
52.401	-2.82	0	14.55	NAN	
52.501	-2.82	0	14.55	NAN	
52.601	-2.82	0	14.55	NAN	
52.701	-2.82	0	14.55	NAN	
52.801	-2.82	0	14.55	NAN	
52.901	-2.82	0	14.55	NAN	
53.001	-2.82	0	14.55	NAN	
53.101	-2.82	0	14.55	NAN	
53.201	-2.82	0	14.55	NAN	
53.301	-2.82	0	14.55	NAN	
53.401	-2.835	0	14.55	NAN	
53.501	-2.835	0	14.55	NAN	
53.601	-2.835	0	14.55	NAN	
53.701	-2.835	0	14.55	NAN	
53.801	-2.835	0	14.55	NAN	
53.901	-2.835	0	14.55	NAN	
54.001	-2.835	0	14.55	NAN	
54.101	-2.835	0	14.55	NAN	
54.201	-2.835	0	14.55	NAN	
54.301	-2.835	0	14.55	NAN	
54.401	-2.835	0	14.55	NAN	
54.501	-2.835	0	14.55	NAN	
54.601	-2.835	0	14.55	NAN	
54.701	-2.835	0	14.55	NAN	
54.801	-2.835	0	14.55	NAN	
54.901	-2.835	0	14.55	NAN	
55.001	-2.835	0	14.55	NAN	
55.101	-2.835	0	14.55	NAN	
55.201	-2.835	0	14.55	NAN	
55.301	-2.835	0	14.55	NAN	
55.401	-2.835	0	14.55	NAN	
55.501	-2.835	0	14.55	NAN	
55.601	-2.835	0	14.55	NAN	
55.701	-2.835	0	14.55	NAN	
55.801	-2.835	0	14.55	NAN	
55.901	-2.835	0	14.55	NAN	
56.001	-2.835	0	14.55	NAN	
56.101	-2.835	0	14.55	NAN	
56.201	-2.835	0	14.55	NAN	
56.301	-2.835	0	14.55	NAN	
56.401	-2.835	0	14.55	NAN	
56.501	-2.835	0	14.55	NAN	
56.601	-2.835	0	14.55	NAN	
56.701	-2.835	0	14.55	NAN	
56.801	-2.835	0	14.55	NAN	
56.901	-2.835	0	14.55	NAN	
57.001	-2.835	0	14.55	NAN	
57.101	-2.835	0	14.55	NAN	
57.201	-2.835	0	14.55	NAN	
57.301	-2.835	0	14.55	NAN	
57.401	-2.835	0	14.55	NAN	
57.501	-2.835	0	14.55	NAN	
57.601	-2.835	0	14.55	NAN	
57.701	-2.835	0	14.55	NAN	
57.801	-2.835	0	14.55	NAN	
57.901	-2.835	0	14.55	NAN	
58.001	-2.835	0	14.55	NAN	
58.101	-2.835	0	14.55	NAN	
58.201	-2.835	0	14.55	NAN	
58.301	-2.835	0	14.55	NAN	
58.401	-2.835	0	14.55	NAN	
58.501	-2.835	0	14.55	NAN	
58.601	-2.835	0	14.55	NAN	
58.701	-2.835	0	14.55	NAN	
58.801	-2.835	0	14.55	NAN	
58.901	-2.835	0	14.55	NAN	
59.001	-2.835	0	14.55	NAN	
59.101	-2.835	0	14.55	NAN	
59.201	-2.835	0	14.55	NAN	
59.301	-2.835	0	14.55	NAN	
59.401	-2.835	0	14.55	NAN	
59.501	-2.835	0	14.55	NAN	
59.601	-2.835	0	14.55	NAN	
59.701	-2.835	0	14.55	NAN	
59.801	-2.835	0	14.55	NAN	
59.901	-2.835	0	14.55	NAN	
60.001	-2.835	0	14.55	NAN	
60.101	-2.835	0	14.55	NAN	
60.201	-2.835	0	14.55	NAN	
60.301	-2.835	0	14.55	NAN	
60.401	-2.835	0	14.55	NAN	
60.501	-2.835	0	14.55	NAN	
60.601	-2.835	0	14.55	NAN	
60.701	-2.835	0	14.55	NAN	
60.801	-2.835	0	14.55	NAN	
60.901	-2.835	0	14.55	NAN	
61.001	-2.835	0	14.55	NAN	
61.101	-2.835	0	14.55	NAN	
61.201	-2.835	0	14.55	NAN	
61.301	-2.835	0	14.55	NAN	
61.401	-2.835	0	14.55	NAN	
61.501	-2.835	0	14.55	NAN	
61.601	-2.835	0	14.55	NAN	
61.701	-2.835	0	14.55	NAN	
61.804	-2.835	0	14.55	NAN	
61.901	-2.835	0	14.55	NAN	
62.001	-2.835	0	14.55	NAN	
62.101	-2.835	0	14.55	NAN	
62.201	-2.835	0	14.55	NAN	
62.301	-2.835	0	14.55	NAN	
62.401	-2.85	0	14.55	NAN	
62.501	-2.85	0	14.55	NAN	
62.601	-2.85	0	14.55	NAN	
62.701	-2.85	0	14.55	NAN	
62.801	-2.85	0	14.55	NAN	
62.901	-2.85	0	14.55	NAN	
63.001	-2.85	0	14.55	NAN	
63.101	-2.85	0	14.55	NAN	
63.201	-2.85	0	14.55	NAN	
63.301	-2.85	0	14.55	NAN	
63.401	-2.85	0	14.55	NAN	
63.501	-2.85	0	14.55	NAN	
63.601	-2.85	0	14.55	NAN	
63.701	-2.85	0	14.55	NAN	
63.801	-2.85	0	14.55	NAN	
63.901	-2.85	0	14.55	NAN	
64.001	-2.85	0	14.55	NAN	
64.101	-2.85	0	14.55	NAN	
64.201	-2.85	0	14.55	NAN	
64.301	-2.85	0	14.55	NAN	
64.401	-2.85	0	14.55	NAN	
64.501	-2.85	0	14.55	NAN	
64.601	-2.85	0	14.4	NAN	
64.701	-2.85	0	14.4	NAN	
64.801	-2.85	0	14.4	NAN	
64.901	-2.85	0	14.4	NAN	
65.001	-2.85	0	14.4	NAN	
65.101	-2.85	0	14.4	NAN	
65.201	-2.85	0	14.4	NAN	
65.301	-2.85	0	14.4	NAN	
65.401	-2.835	0	14.4	NAN	
65.501	-2.835	0	14.4	NAN	
65.601	-2.835	0	14.4	NAN	
65.701	-2.835	0	14.4	NAN	
65.801	-2.835	0	14.4	NAN	
65.901	-2.835	0	14.4	NAN	
66.001	-2.835	0	14.4	NAN	
66.101	-2.835	0	14.4	NAN	
66.201	-2.835	0	14.4	NAN	
66.301	-2.835	0	14.4	NAN	
66.401	-2.835	0	14.4	NAN	
66.501	-2.835	0	14.4	NAN	
66.601	-2.835	0	14.55	NAN	
66.701	-2.835	0	14.55	NAN	
66.801	-2.835	0	14.55	NAN	
66.901	-2.835	0	14.55	NAN	
67.001	-2.835	0	14.55	NAN	
67.101	-2.835	0	14.55	NAN	
67.201	-2.835	0	14.55	NAN	
67.301	-2.835	0	14.55	NAN	
67.401	-2.835	0	14.55	NAN	
67.501	-2.835	0	14.55	NAN	
67.601	-2.835	0	14.4	NAN	
67.701	-2.835	0	14.4	NAN	
67.801	-2.835	0	14.4	NAN	
67.901	-2.835	0	14.4	NAN	
68.001	-2.835	0	14.4	NAN	
68.101	-2.835	0	14.4	NAN	
68.201	-2.835	0	14.4	NAN	
68.301	-2.835	0	14.4	NAN	
68.401	-2.835	0	14.4	NAN	
68.501	-2.85	0	14.4	NAN	
68.601	-2.85	0	14.55	NAN	
68.701	-2.85	0	14.55	NAN	
68.801	-2.85	0	14.55	NAN	
68.901	-2.85	0	14.55	NAN	
69.001	-2.85	0	14.55	NAN	
69.101	-2.85	0	14.55	NAN	
69.201	-2.85	0	14.55	NAN	
69.301	-2.85	0	14.55	NAN	
69.401	-2.85	0	14.55	NAN	
69.501	-2.85	0	14.55	NAN	
69.601	-2.85	0	14.4	NAN	
69.701	-2.85	0	14.4	NAN	
69.801	-2.85	0	14.4	NAN	
69.901	-2.85	0	14.4	NAN	
70.001	-2.85	0	14.4	NAN	
70.101	-2.85	0	14.4	NAN	
70.201	-2.85	0	14.4	NAN	
70.301	-2.85	0	14.4	NAN	
70.401	-2.85	0	14.4	NAN	
70.501	-2.85	0	14.4	NAN	
70.601	-2.85	0	14.4	NAN	
70.701	-2.85	0	14.4	NAN	
70.801	-2.85	0	14.4	NAN	
70.901	-2.85	0	14.4	NAN	
71.001	-2.85	0	14.4	NAN	
71.101	-2.85	0	14.4	NAN	
71.201	-2.85	0	14.4	NAN	
71.301	-2.85	0	14.4	NAN	
71.401	-2.85	0	14.4	NAN	
71.501	-2.85	0	14.4	NAN	
71.601	-2.85	0	14.55	NAN	
71.701	-2.85	0	14.55	NAN	
71.801	-2.85	0	14.55	NAN	
71.901	-2.85	0	14.55	NAN	
72.001	-2.85	0	14.55	NAN	
72.101	-2.85	0	14.55	NAN	
72.201	-2.85	0	14.55	NAN	
72.301	-2.85	0	14.55	NAN	
72.401	-2.85	0	14.55	NAN	
72.501	-2.85	0	14.55	NAN	
72.601	-2.85	0	14.55	NAN	
72.701	-2.85	0	14.55	NAN	
72.801	-2.85	0	14.55	NAN	
72.901	-2.85	0	14.55	NAN	
73.001	-2.85	0	14.55	NAN	
73.101	-2.85	0	14.55	NAN	
73.201	-2.85	0	14.55	NAN	
73.301	-2.85	0	14.55	NAN	
73.401	-2.85	0	14.55	NAN	
73.501	-2.85	0	14.55	NAN	
73.601	-2.85	0	14.55	NAN	
73.701	-2.85	0	14.55	NAN	
73.801	-2.85	0	14.55	NAN	
73.901	-2.85	0	14.55	NAN	
74.001	-2.85	0	14.55	NAN	
74.101	-2.85	0	14.55	NAN	
74.201	-2.85	0	14.55	NAN	
74.301	-2.85	0	14.55	NAN	
74.401	-2.85	0	14.55	NAN	
74.501	-2.85	0	14.55	NAN	
74.601	-2.85	0	14.55	NAN	
74.701	-2.85	0	14.55	NAN	
74.801	-2.85	0	14.55	NAN	
74.901	-2.85	0	14.55	NAN	
75.001	-2.85	0	14.55	NAN	
75.101	-2.85	0	14.55	NAN	
75.201	-2.85	0	14.55	NAN	
75.301	-2.85	0	14.55	NAN	
75.401	-2.85	0	14.55	NAN	
75.501	-2.85	0	14.55	NAN	
75.601	-2.85	0	14.4	NAN	
75.701	-2.85	0	14.4	NAN	
75.801	-2.85	0	14.4	NAN	
75.901	-2.85	0	14.4	NAN	
76.001	-2.85	0	14.4	NAN	
76.101	-2.85	0	14.4	NAN	
76.201	-2.85	0	14.4	NAN	
76.301	-2.85	0	14.4	NAN	
76.401	-2.85	0	14.4	NAN	
76.501	-2.85	0	14.4	NAN	
76.601	-2.85	0	14.4	NAN	
76.701	-2.85	0	14.4	NAN	
76.801	-2.85	0	14.4	NAN	
76.901	-2.85	0	14.4	NAN	
77.001	-2.85	0	14.4	NAN	
77.101	-2.85	0	14.4	NAN	
77.201	-2.85	0	14.4	NAN	
77.301	-2.85	0	14.4	NAN	
77.401	-2.85	0	14.4	NAN	
77.501	-2.85	0	14.4	NAN	
77.601	-2.85	0	14.4	NAN	
77.701	-2.85	0	14.4	NAN	
77.801	-2.85	0	14.4	NAN	
77.901	-2.85	0	14.4	NAN	
78.001	-2.85	0	14.4	NAN	
78.101	-2.85	0	14.4	NAN	
78.201	-2.85	0	14.4	NAN	
78.301	-2.85	0	14.4	NAN	
78.401	-2.85	0	14.4	NAN	
78.501	-2.85	0	14.4	NAN	
78.601	-2.85	0	14.4	NAN	
78.701	-2.85	0	14.4	NAN	
78.801	-2.85	0	14.4	NAN	
78.901	-2.85	0	14.4	NAN	
79.001	-2.85	0	14.4	NAN	
79.101	-2.85	0	14.4	NAN	
79.201	-2.85	0	14.4	NAN	
79.301	-2.85	0	14.4	NAN	
79.401	-2.85	0	14.4	NAN	
79.501	-2.85	0	14.4	NAN	
79.601	-2.85	0	14.4	NAN	
79.701	-2.85	0	14.4	NAN	
79.801	-2.85	0	14.4	NAN	
79.901	-2.85	0	14.4	NAN	
80.001	-2.85	0	14.4	NAN	
80.101	-2.85	0	14.4	NAN	
80.201	-2.85	0	14.4	NAN	
80.301	-2.85	0	14.4	NAN	
80.401	-2.85	0	14.4	NAN	
80.501	-2.835	0	14.4	NAN	
80.601	-2.835	0	14.4	NAN	
80.701	-2.835	0	14.4	NAN	
80.801	-2.835	0	14.4	NAN	
80.901	-2.835	0	14.4	NAN	
81.001	-2.835	0	14.4	NAN	
81.101	-2.835	0	14.4	NAN	
81.201	-2.835	0	14.4	NAN	
81.301	-2.835	0	14.4	NAN	
81.401	-2.835	0	14.4	NAN	
81.501	-2.835	0	14.4	NAN	
81.601	-2.835	0	14.4	NAN	
81.701	-2.835	0	14.4	NAN	
81.801	-2.835	0	14.4	NAN	
81.901	-2.835	0	14.4	NAN	
82.001	-2.835	0	14.4	NAN	
82.101	-2.835	0	14.4	NAN	
82.201	-2.835	0	14.4	NAN	
82.301	-2.835	0	14.4	NAN	
82.401	-2.835	0	14.4	NAN	
82.501	-2.835	0	14.4	NAN	
82.601	-2.835	0	14.4	NAN	
82.701	-2.835	0	14.4	NAN	
82.801	-2.835	0	14.4	NAN	
82.901	-2.835	0	14.4	NAN	
83.001	-2.835	0	14.4	NAN	
83.101	-2.835	0	14.4	NAN	
83.201	-2.835	0	14.4	NAN	
83.301	-2.835	0	14.4	NAN	
83.401	-2.835	0	14.4	NAN	
83.501	-2.835	0	14.4	NAN	
83.601	-2.835	0	14.4	NAN	
83.701	-2.835	0	14.4	NAN	
83.801	-2.835	0	14.4	NAN	
83.901	-2.835	0	14.4	NAN	
84.001	-2.835	0	14.4	NAN	
84.101	-2.835	0	14.4	NAN	
84.201	-2.835	0	14.4	NAN	
84.301	-2.835	0	14.4	NAN	
84.401	-2.835	0	14.4	NAN	
84.501	-2.835	0	14.4	NAN	
84.601	-2.835	0	14.4	NAN	
84.701	-2.835	0	14.4	NAN	
84.801	-2.835	0	14.4	NAN	
84.901	-2.835	0	14.4	NAN	
85.001	-2.835	0	14.4	NAN	
85.101	-2.835	0	14.4	NAN	
85.201	-2.835	0	14.4	NAN	
85.301	-2.835	0	14.4	NAN	
85.401	-2.835	0	14.4	NAN	
85.501	-2.835	0	14.4	NAN	
85.601	-2.835	0	14.4	NAN	
85.701	-2.835	0	14.4	NAN	
85.801	-2.835	0	14.4	NAN	
85.901	-2.835	0	14.4	NAN	
86.001	-2.835	0	14.4	NAN	
86.101	-2.835	0	14.4	NAN	
86.201	-2.835	0	14.4	NAN	
86.301	-2.835	0	14.4	NAN	
86.401	-2.835	0	14.4	NAN	
86.501	-2.835	0	14.4	NAN	
86.601	-2.835	-0.0015	14.55	NAN	
86.701	-2.835	-0.0015	14.55	NAN	
86.801	-2.835	-0.0015	14.55	NAN	
86.903	-2.835	-0.0015	14.55	NAN	
87.001	-2.835	-0.0015	14.55	NAN	
87.101	-2.835	-0.0015	14.55	NAN	
87.201	-2.835	-0.0015	14.55	NAN	
87.301	-2.835	-0.0015	14.55	NAN	
87.401	-2.835	-0.0015	14.55	NAN	
87.501	-2.835	-0.0015	14.55	NAN	
87.601	-2.835	0	14.4	NAN	
87.701	-2.835	0	14.4	NAN	
87.801	-2.835	0	14.4	NAN	
87.901	-2.835	0	14.4	NAN	
88.001	-2.835	0	14.4	NAN	
88.101	-2.835	0	14.4	NAN	
88.201	-2.835	0	14.4	NAN	
88.301	-2.835	0	14.4	NAN	
88.401	-2.835	0	14.4	NAN	
88.501	-2.835	0	14.4	NAN	
88.601	-2.835	0	14.4	NAN	
88.701	-2.835	0	14.4	NAN	
88.801	-2.835	0	14.4	NAN	
88.901	-2.835	0	14.4	NAN	
89.001	-2.835	0	14.4	NAN	
89.101	-2.835	0	14.4	NAN	
89.201	-2.835	0	14.4	NAN	
89.301	-2.835	0	14.4	NAN	
89.401	-2.835	0	14.4	NAN	
89.501	-2.835	0	14.4	NAN	
89.601	-2.835	0	14.4	NAN	
89.701	-2.835	0	14.4	NAN	
89.801	-2.835	0	14.4	NAN	
89.901	-2.835	0	14.4	NAN	
90.001	-2.835	0	14.4	NAN	
	
147.501	-2.805	0.0015	14.55	NAN	
147.601	-2.805	0.0015	14.55	NAN	
147.701	-2.805	0.0015	14.55	NAN	
147.801	-2.805	0.0015	14.55	NAN	
147.901	-2.805	0.0015	14.55	NAN	
148.001	-2.805	0.0015	14.55	NAN	
148.101	-2.805	0.0015	14.55	NAN	
148.201	-2.805	0.0015	14.55	NAN	
148.301	-2.805	0.0015	14.55	NAN	
148.401	-2.805	0.0015	14.55	NAN	
148.501	-2.805	0.0015	14.55	NAN	
148.601	-2.805	0.0015	14.55	NAN	
148.701	-2.805	0	14.4	NAN	
148.801	-2.805	0	14.4	NAN	
148.901	-2.805	0	14.4	NAN	
149.001	-2.805	0	14.4	NAN	
149.101	-2.805	0	14.4	NAN	
149.201	-2.805	0	14.4	NAN	
149.301	-2.805	0	14.4	NAN	
149.401	-2.805	0	14.4	NAN	
149.501	-2.805	0	14.4	NAN	
149.601	-2.805	0	14.4	NAN	
149.701	-2.805	0	14.4	NAN	
149.801	-2.805	0	14.4	NAN	
149.901	-2.805	0	14.4	NAN	
150.001	-2.805	0	14.4	NAN	
150.101	-2.805	0	14.4	NAN	
150.201	-2.805	0	14.4	NAN	
150.301	-2.805	0	14.4	NAN	
150.401	-2.805	0	14.4	NAN	
150.501	-2.805	0	14.4	NAN	
150.601	-2.805	0	14.4	NAN	
150.701	-2.805	0	14.4	NAN	
150.801	-2.805	0	14.4	NAN	
150.901	-2.805	0	14.4	NAN	
151.001	-2.805	0	14.4	NAN	
151.101	-2.805	0	14.4	NAN	
151.201	-2.805	0	14.4	NAN	
151.301	-2.805	0	14.4	NAN	
151.401	-2.805	0	14.4	NAN	
151.501	-2.805	0	14.4	NAN	
151.601	-2.805	0	14.4	NAN	
151.701	-2.805	0	14.4	NAN	
151.801	-2.805	0	14.4	NAN	
151.901	-2.805	0	14.4	NAN	
152.001	-2.805	0	14.4	NAN	
152.101	-2.805	0	14.4	NAN	
152.201	-2.805	0	14.4	NAN	
152.301	-2.805	0	14.4	NAN	
152.401	-2.805	0	14.4	NAN	
152.501	-2.805	0	14.4	NAN	
152.601	-2.805	0	14.4	NAN	
152.701	-2.805	0	14.4	NAN	
152.801	-2.805	0	14.4	NAN	
152.901	-2.805	0	14.4	NAN	
153.001	-2.805	0	14.4	NAN	
153.101	-2.805	0	14.4	NAN	
153.201	-2.805	0	14.4	NAN	
153.301	-2.805	0	14.4	NAN	
153.401	-2.805	0	14.4	NAN	
153.501	-2.805	0	14.4	NAN	
153.601	-2.805	0	14.4	NAN	
153.701	-2.805	0	14.4	NAN	
153.801	-2.805	0	14.4	NAN	
153.901	-2.805	0	14.4	NAN	
154.001	-2.805	0	14.4	NAN	
154.101	-2.805	0	14.4	NAN	
154.201	-2.805	0	14.4	NAN	
154.301	-2.805	0	14.4	NAN	
154.401	-2.805	0	14.4	NAN	
154.501	-2.805	0	14.4	NAN	
154.601	-2.805	0	14.4	NAN	
154.701	-2.805	0	14.4	NAN	
154.801	-2.805	0	14.4	NAN	
154.901	-2.805	0	14.4	NAN	
155.001	-2.805	0	14.4	NAN	
155.101	-2.805	0	14.4	NAN	
155.201	-2.805	0	14.4	NAN	
155.301	-2.805	0	14.4	NAN	
155.401	-2.805	0	14.4	NAN	
155.501	-2.805	0	14.4	NAN	
155.601	-2.805	0	14.4	NAN	
155.701	-2.805	0	14.4	NAN	
155.801	-2.805	0	14.4	NAN	
155.901	-2.805	0	14.4	NAN	
156.001	-2.805	0	14.4	NAN	
156.101	-2.805	0	14.4	NAN	
156.201	-2.805	0	14.4	NAN	
156.301	-2.805	0	14.4	NAN	
156.401	-2.805	0	14.4	NAN	
156.501	-2.82	0	14.4	NAN	
156.601	-2.82	0	14.4	NAN	
156.701	-2.82	0	14.4	NAN	
156.801	-2.82	0	14.4	NAN	
156.901	-2.82	0	14.4	NAN	
157.001	-2.82	0	14.4	NAN	
157.101	-2.82	0	14.4	NAN	
157.201	-2.82	0	14.4	NAN	
157.301	-2.82	0	14.4	NAN	
157.401	-2.82	0	14.4	NAN	
157.501	-2.82	0	14.4	NAN	
157.601	-2.82	0	14.4	NAN	
157.701	-2.82	0	14.4	NAN	
157.801	-2.82	0	14.4	NAN	
157.901	-2.82	0	14.4	NAN	
158.001	-2.82	0	14.4	NAN	
158.101	-2.82	0	14.4	NAN	
158.201	-2.82	0	14.4	NAN	
158.301	-2.82	0	14.4	NAN	
158.401	-2.82	0	14.4	NAN	
158.501	-2.82	0	14.4	NAN	
158.601	-2.82	0	14.4	NAN	
158.701	-2.82	0	14.4	NAN	
158.801	-2.82	0	14.4	NAN	
158.901	-2.82	0	14.4	NAN	
159.001	-2.82	0	14.4	NAN	
159.101	-2.82	0	14.4	NAN	
159.201	-2.82	0	14.4	NAN	
159.301	-2.82	0	14.4	NAN	
159.401	-2.82	0	14.4	NAN	
159.501	-2.82	0	14.4	NAN	
159.601	-2.82	0	14.4	NAN	
159.701	-2.82	0	14.4	NAN	
159.801	-2.82	0	14.4	NAN	
159.901	-2.82	0	14.4	NAN	
160.001	-2.82	0	14.4	NAN	
160.101	-2.82	0	14.4	NAN	
160.201	-2.82	0	14.4	NAN	
160.301	-2.82	0	14.4	NAN	
160.401	-2.82	0	14.4	NAN	
160.501	-2.82	0	14.4	NAN	
160.601	-2.82	0	14.4	NAN	
160.701	-2.82	0	14.4	NAN	
160.801	-2.82	0	14.4	NAN	
160.901	-2.82	0	14.4	NAN	
161.001	-2.82	0	14.4	NAN	
161.101	-2.82	0	14.4	NAN	
161.201	-2.82	0	14.4	NAN	
161.301	-2.82	0	14.4	NAN	
161.401	-2.82	0	14.4	NAN	
161.501	-2.82	0	14.4	NAN	
161.601	-2.82	0	14.4	NAN	
161.701	-2.82	0	14.4	NAN	
161.801	-2.82	0	14.4	NAN	
161.901	-2.82	0	14.4	NAN	
162.001	-2.82	0	14.4	NAN	
162.101	-2.82	0	14.4	NAN	
162.201	-2.82	0	14.4	NAN	
162.301	-2.82	0	14.4	NAN	
162.401	-2.82	0	14.4	NAN	
162.501	-2.805	0	14.4	NAN	
162.601	-2.805	0	14.4	NAN	
162.701	-2.805	0	14.4	NAN	
162.801	-2.805	0	14.4	NAN	
162.901	-2.805	0	14.4	NAN	
163.001	-2.805	0	14.4	NAN	
163.101	-2.805	0	14.4	NAN	
163.203	-2.805	0	14.4	NAN	
163.301	-2.805	0	14.4	NAN	
163.401	-2.805	0	14.4	NAN	
163.501	-2.805	0	14.4	NAN	
163.601	-2.805	0	14.4	NAN	
163.701	-2.805	0	14.4	NAN	
163.801	-2.805	0	14.4	NAN	
163.901	-2.805	0	14.4	NAN	
164.001	-2.805	0	14.4	NAN	
164.101	-2.805	0	14.4	NAN	
164.201	-2.805	0	14.4	NAN	
164.301	-2.805	0	14.4	NAN	
164.401	-2.805	0	14.4	NAN	
164.501	-2.82	0	14.4	NAN	
164.601	-2.82	0	14.4	NAN	
164.701	-2.82	0	14.4	NAN	
164.801	-2.82	0	14.4	NAN	
164.901	-2.82	0	14.4	NAN	
165.001	-2.82	0	14.4	NAN	
165.101	-2.82	0	14.4	NAN	
165.201	-2.82	0	14.4	NAN	
165.301	-2.82	0	14.4	NAN	
165.401	-2.82	0	14.4	NAN	
165.501	-2.82	0	14.4	NAN	
165.601	-2.82	0	14.4	NAN	
165.701	-2.82	0	14.4	NAN	
165.801	-2.82	0	14.4	NAN	
165.901	-2.82	0	14.4	NAN	
166.001	-2.82	0	14.4	NAN	
166.101	-2.82	0	14.4	NAN	
166.201	-2.82	0	14.4	NAN	
166.301	-2.82	0	14.4	NAN	
166.401	-2.82	0	14.4	NAN	
166.501	-2.82	0	14.4	NAN	
166.601	-2.82	0	14.4	NAN	
166.701	-2.82	0	14.4	NAN	
166.801	-2.82	0	14.4	NAN	
166.901	-2.82	0	14.4	NAN	
167.001	-2.82	0	14.4	NAN	
167.101	-2.82	0	14.4	NAN	
167.201	-2.82	0	14.4	NAN	
167.301	-2.82	0	14.4	NAN	
167.401	-2.82	0	14.4	NAN	
167.501	-2.82	0	14.4	NAN	
167.601	-2.82	0	14.4	NAN	
167.701	-2.82	0	14.4	NAN	
167.801	-2.82	0	14.4	NAN	
167.901	-2.82	0	14.4	NAN	
168.001	-2.82	0	14.4	NAN	
168.101	-2.82	0	14.4	NAN	
168.201	-2.82	0	14.4	NAN	
168.301	-2.82	0	14.4	NAN	
168.401	-2.82	0	14.4	NAN	
168.501	-2.82	0	14.4	NAN	
168.601	-2.82	0	14.4	NAN	
168.701	-2.82	0	14.4	NAN	
168.801	-2.82	0	14.4	NAN	
168.901	-2.82	0	14.4	NAN	
169.001	-2.82	0	14.4	NAN	
169.101	-2.82	0	14.4	NAN	
169.201	-2.82	0	14.4	NAN	
169.301	-2.82	0	14.4	NAN	
169.401	-2.82	0	14.4	NAN	
169.501	-2.82	0	14.4	NAN	
169.601	-2.82	0	14.4	NAN	
169.701	-2.82	0	14.4	NAN	
169.801	-2.82	0	14.4	NAN	
169.901	-2.82	0	14.4	NAN	
170.001	-2.82	0	14.4	NAN	
170.101	-2.82	0	14.4	NAN	
170.201	-2.82	0	14.4	NAN	
170.301	-2.82	0	14.4	NAN	
170.401	-2.82	0	14.4	NAN	
170.501	-2.82	0	14.4	NAN	
170.601	-2.82	0	14.4	NAN	
170.701	-2.82	0	14.4	NAN	
170.801	-2.82	0	14.4	NAN	
170.901	-2.82	0	14.4	NAN	
171.001	-2.82	0	14.4	NAN	
171.101	-2.82	0	14.4	NAN	
171.201	-2.82	0	14.4	NAN	
171.301	-2.82	0	14.4	NAN	
171.401	-2.82	0	14.4	NAN	
171.501	-2.82	0	14.4	NAN	
171.601	-2.82	0	14.4	NAN	
171.701	-2.82	0	14.4	NAN	
171.801	-2.82	0	14.4	NAN	
171.901	-2.82	0	14.4	NAN	
172.001	-2.82	0	14.4	NAN	
172.101	-2.82	0	14.4	NAN	
172.201	-2.82	0	14.4	NAN	
172.301	-2.82	0	14.4	NAN	
172.401	-2.82	0	14.4	NAN	
172.501	-2.82	0	14.4	NAN	
172.601	-2.82	0	14.4	NAN	
172.701	-2.82	0	14.4	NAN	
172.801	-2.82	0	14.4	NAN	
172.901	-2.82	0	14.4	NAN	
173.001	-2.82	0	14.4	NAN	
173.101	-2.82	0	14.4	NAN	
173.201	-2.82	0	14.4	NAN	
173.301	-2.82	0	14.4	NAN	
173.401	-2.82	0	14.4	NAN	
173.501	-2.82	0	14.4	NAN	
173.601	-2.82	0	14.4	NAN	
173.701	-2.82	0	14.4	NAN	
173.801	-2.82	0	14.4	NAN	
173.901	-2.82	0	14.4	NAN	
174.001	-2.82	0	14.4	NAN	
174.101	-2.82	0	14.4	NAN	
174.201	-2.82	0	14.4	NAN	
174.301	-2.82	0	14.4	NAN	
174.401	-2.82	0	14.4	NAN	
174.501	-2.82	0	14.4	NAN	
174.601	-2.82	0	14.4	NAN	
174.701	-2.82	0	14.4	NAN	
174.801	-2.82	0	14.4	NAN	
174.901	-2.82	0	14.4	NAN	
175.001	-2.82	0	14.4	NAN	
175.101	-2.82	0	14.4	NAN	
175.201	-2.82	0	14.4	NAN	
175.301	-2.82	0	14.4	NAN	
175.401	-2.82	0	14.4	NAN	
175.501	-2.835	0	14.4	NAN	
175.601	-2.835	0	14.4	NAN	
175.701	-2.835	0	14.4	NAN	
175.801	-2.835	0	14.4	NAN	
175.901	-2.835	0	14.4	NAN	
176.001	-2.835	0	14.4	NAN	
176.101	-2.835	0	14.4	NAN	
176.201	-2.835	0	14.4	NAN	
176.301	-2.835	0	14.4	NAN	
176.401	-2.835	0	14.4	NAN	
176.501	-2.835	0	14.4	NAN	
176.601	-2.835	0	14.4	NAN	
176.701	-2.835	0	14.4	NAN	
176.801	-2.835	0	14.4	NAN	
176.901	-2.835	0	14.4	NAN	
177.001	-2.835	0	14.4	NAN	
177.101	-2.835	0	14.4	NAN	
177.201	-2.835	0	14.4	NAN	
177.301	-2.835	0	14.4	NAN	
177.401	-2.835	0	14.4	NAN	
177.501	-2.835	0	14.4	NAN	
177.601	-2.835	0	14.4	NAN	
177.701	-2.835	0	14.4	NAN	
177.801	-2.835	0	14.4	NAN	
177.901	-2.835	0	14.4	NAN	
178.001	-2.835	0	14.4	NAN	
178.101	-2.835	0	14.4	NAN	
178.201	-2.835	0	14.4	NAN	
178.301	-2.835	0	14.4	NAN	
178.401	-2.835	0	14.4	NAN	
178.501	-2.82	0	14.4	NAN	
178.601	-2.82	0	14.4	NAN	
178.701	-2.82	0	14.4	NAN	
178.801	-2.82	0	14.4	NAN	
178.901	-2.82	0	14.4	NAN	
179.001	-2.82	0	14.4	NAN	
179.101	-2.82	0	14.4	NAN	
179.201	-2.82	0	14.4	NAN	
179.301	-2.82	0	14.4	NAN	
179.401	-2.82	0	14.4	NAN	
179.501	-2.82	0	14.4	NAN	
179.601	-2.82	0	14.4	NAN	
179.701	-2.82	0	14.4	NAN	
179.801	-2.82	0	14.4	NAN	
179.901	-2.82	0	14.4	NAN	
180.001	-2.82	0	14.4	NAN	
180.101	-2.82	0	14.4	NAN	
180.201	-2.82	0	14.4	NAN	
180.301	-2.82	0	14.4	NAN	
180.401	-2.82	0	14.4	NAN	
180.501	-2.82	0	14.4	NAN	
180.601	-2.82	0	14.4	NAN	
180.701	-2.82	0	14.4	NAN	
180.801	-2.82	0	14.4	NAN	
180.901	-2.82	0	14.4	NAN	
181.001	-2.82	0	14.4	NAN	
181.101	-2.82	0	14.4	NAN	
181.201	-2.82	0	14.4	NAN	
181.301	-2.82	0	14.4	NAN	
181.401	-2.82	0	14.4	NAN	
181.501	-2.82	0	14.4	NAN	
181.601	-2.82	0	14.4	NAN	
181.701	-2.82	0	14.4	NAN	
181.801	-2.82	0	14.4	NAN	
181.901	-2.82	0	14.4	NAN	
182.001	-2.82	0	14.4	NAN	
182.101	-2.82	0	14.4	NAN	
182.201	-2.82	0	14.4	NAN	
182.301	-2.82	0	14.4	NAN	
182.401	-2.82	0	14.4	NAN	
182.501	-2.835	0	14.4	NAN	
182.601	-2.835	0	14.4	NAN	
182.701	-2.835	0	14.4	NAN	
182.801	-2.835	0	14.4	NAN	
182.901	-2.835	0	14.4	NAN	
183.001	-2.835	0	14.4	NAN	
183.101	-2.835	0	14.4	NAN	
183.201	-2.835	0	14.4	NAN	
183.301	-2.835	0	14.4	NAN	
183.401	-2.835	0	14.4	NAN	
183.501	-2.835	0	14.4	NAN	
183.601	-2.835	0	14.4	NAN	
183.701	-2.835	0	14.4	NAN	
183.801	-2.835	0	14.4	NAN	
183.901	-2.835	0	14.4	NAN	
184.001	-2.835	0	14.4	NAN	
184.101	-2.835	0	14.4	NAN	
184.201	-2.835	0	14.4	NAN	
184.301	-2.835	0	14.4	NAN	
184.401	-2.835	0	14.4	NAN	
184.501	-2.85	0	14.4	NAN	
184.601	-2.85	0	14.4	NAN	
184.701	-2.85	0	14.4	NAN	
184.801	-2.85	0	14.4	NAN	
184.901	-2.85	0	14.4	NAN	
185.001	-2.85	0	14.4	NAN	
185.101	-2.85	0	14.4	NAN	
185.201	-2.85	0	14.4	NAN	
185.301	-2.85	0	14.4	NAN	
185.401	-2.85	0	14.4	NAN	
185.501	-2.85	0	14.4	NAN	
185.601	-2.85	0	14.4	NAN	
185.701	-2.85	0	14.4	NAN	
185.801	-2.85	0	14.4	NAN	
185.901	-2.85	0	14.4	NAN	
186.001	-2.85	0	14.4	NAN	
186.101	-2.85	0	14.4	NAN	
186.201	-2.85	0	14.4	NAN	
186.301	-2.85	0	14.4	NAN	
186.401	-2.85	0	14.4	NAN	
186.501	-2.85	0	14.4	NAN	
186.601	-2.85	0	14.4	NAN	
186.701	-2.85	0	14.4	NAN	
186.801	-2.85	0	14.4	NAN	
186.901	-2.85	0	14.4	NAN	
187.001	-2.85	0	14.4	NAN	
187.101	-2.85	0	14.4	NAN	
187.201	-2.85	0	14.4	NAN	
187.301	-2.85	0	14.4	NAN	
187.401	-2.85	0	14.4	NAN	
187.501	-2.85	0	14.4	NAN	
187.601	-2.85	0	14.4	NAN	
187.701	-2.85	0	14.4	NAN	
187.801	-2.85	0	14.4	NAN	
187.901	-2.85	0	14.4	NAN	
188.001	-2.85	0	14.4	NAN	
188.101	-2.85	0	14.4	NAN	
188.201	-2.85	0	14.4	NAN	
188.302	-2.85	0	14.4	NAN	
188.401	-2.85	0	14.4	NAN	
188.501	-2.85	0	14.4	NAN	
188.601	-2.85	0	14.4	NAN	
188.701	-2.85	0	14.4	NAN	
188.801	-2.85	0	14.4	NAN	
188.901	-2.85	0	14.4	NAN	
189.001	-2.85	0	14.4	NAN	
189.101	-2.85	0	14.4	NAN	
189.201	-2.85	0	14.4	NAN	
189.301	-2.85	0	14.4	NAN	
189.401	-2.85	0	14.4	NAN	
189.501	-2.85	0	14.4	NAN	
189.601	-2.85	0	14.4	NAN	
189.701	-2.85	0	14.4	NAN	
189.801	-2.85	0	14.4	NAN	
189.901	-2.85	0	14.4	NAN	
190.001	-2.85	0	14.4	NAN	
190.101	-2.85	0	14.4	NAN	
190.201	-2.85	0	14.4	NAN	
190.301	-2.85	0	14.4	NAN	
190.401	-2.85	0	14.4	NAN	
190.501	-2.85	0	14.4	NAN	
190.601	-2.85	0	14.4	NAN	
190.701	-2.85	0	14.4	NAN	
190.801	-2.85	0	14.4	NAN	
190.901	-2.85	0	14.4	NAN	
191.001	-2.85	0	14.4	NAN	
191.101	-2.85	0	14.4	NAN	
191.201	-2.85	0	14.4	NAN	
191.301	-2.85	0	14.4	NAN	
191.401	-2.85	0	14.4	NAN	
191.501	-2.85	0	14.4	NAN	
191.601	-2.85	0	14.4	NAN	
191.701	-2.85	0	14.4	NAN	
191.801	-2.85	0	14.4	NAN	
191.901	-2.85	0	14.4	NAN	
192.001	-2.85	0	14.4	NAN	
192.101	-2.85	0	14.4	NAN	
192.201	-2.85	0	14.4	NAN	
192.301	-2.85	0	14.4	NAN	
192.401	-2.85	0	14.4	NAN	
192.501	-2.85	0	14.4	NAN	
192.601	-2.85	0	14.4	NAN	
192.701	-2.85	0	14.4	NAN	
192.801	-2.85	0	14.4	NAN	
192.901	-2.85	0	14.4	NAN	
193.001	-2.85	0	14.4	NAN	
193.101	-2.85	0	14.4	NAN	
193.201	-2.85	0	14.4	NAN	
193.301	-2.85	0	14.4	NAN	
193.401	-2.85	0	14.4	NAN	
193.501	-2.85	0	14.4	NAN	
193.601	-2.85	0	14.4	NAN	
193.701	-2.85	0	14.4	NAN	
193.801	-2.85	0	14.4	NAN	
193.901	-2.85	0	14.4	NAN	
194.001	-2.85	0	14.4	NAN	
194.101	-2.85	0	14.4	NAN	
194.201	-2.85	0	14.4	NAN	
194.301	-2.85	0	14.4	NAN	
194.401	-2.85	0	14.4	NAN	
194.501	-2.85	0	14.4	NAN	
194.601	-2.865	0	14.4	NAN	
194.701	-2.865	0	14.4	NAN	
194.801	-2.865	0	14.4	NAN	
194.901	-2.865	0	14.4	NAN	
195.001	-2.865	0	14.4	NAN	
195.101	-2.865	0	14.4	NAN	
195.201	-2.865	0	14.4	NAN	
195.301	-2.865	0	14.4	NAN	
195.401	-2.865	0	14.4	NAN	
195.501	-2.865	0	14.4	NAN	
195.601	-2.865	0	14.4	NAN	
195.701	-2.865	0	14.4	NAN	
195.801	-2.865	0	14.4	NAN	
195.901	-2.865	0	14.4	NAN	
196.001	-2.865	0	14.4	NAN	
196.101	-2.865	0	14.4	NAN	
196.201	-2.865	0	14.4	NAN	
196.301	-2.865	0	14.4	NAN	
196.401	-2.865	0	14.4	NAN	
196.501	-2.865	0	14.4	NAN	
196.601	-2.865	0	14.4	NAN	
196.701	-2.865	0	14.4	NAN	
196.801	-2.865	0	14.4	NAN	
196.901	-2.865	0	14.4	NAN	
197.001	-2.865	0	14.4	NAN	
197.101	-2.865	0	14.4	NAN	
197.201	-2.865	0	14.4	NAN	
197.301	-2.865	0	14.4	NAN	
197.401	-2.865	0	14.4	NAN	
197.501	-2.865	0	14.4	NAN	
197.601	-2.865	0	14.4	NAN	
197.701	-2.865	0	14.4	NAN	
197.801	-2.865	0	14.4	NAN	
197.901	-2.865	0	14.4	NAN	
198.001	-2.865	0	14.4	NAN	
198.101	-2.865	0	14.4	NAN	
198.201	-2.865	0	14.4	NAN	
198.301	-2.865	0	14.4	NAN	
198.401	-2.865	0	14.4	NAN	
198.501	-2.865	0	14.4	NAN	
198.601	-2.865	0	14.4	NAN	
198.701	-2.865	0	14.4	NAN	
198.801	-2.865	0	14.4	NAN	
198.901	-2.865	0	14.4	NAN	
199.001	-2.865	0	14.4	NAN	
199.101	-2.865	0	14.4	NAN	
199.201	-2.865	0	14.4	NAN	
199.301	-2.865	0	14.4	NAN	
199.401	-2.865	0	14.4	NAN	
199.501	-2.865	0	14.4	NAN	
199.601	-2.865	0	14.4	NAN	
199.701	-2.865	0	14.4	NAN	
199.801	-2.865	0	14.4	NAN	
199.901	-2.865	0	14.4	NAN	
200.001	-2.865	0	14.4	NAN	
200.101	-2.865	0	14.4	NAN	
200.201	-2.865	0	14.4	NAN	
200.301	-2.865	0	14.4	NAN	
200.401	-2.865	0	14.4	NAN	
200.501	-2.865	0	14.4	NAN	
200.601	-2.865	0	14.4	NAN	
200.701	-2.865	0	14.4	NAN	
200.801	-2.865	0	14.4	NAN	
200.901	-2.865	0	14.4	NAN	
201.001	-2.865	0	14.4	NAN	
201.101	-2.865	0	14.4	NAN	
201.201	-2.865	0	14.4	NAN	
201.301	-2.865	0	14.4	NAN	
201.401	-2.865	0	14.4	NAN	
201.501	-2.865	0	14.4	NAN	
201.601	-2.865	0	14.4	NAN	
201.701	-2.865	0	14.4	NAN	
201.801	-2.865	0	14.4	NAN	
201.901	-2.865	0	14.4	NAN	
202.001	-2.865	0	14.4	NAN	
202.101	-2.865	0	14.4	NAN	
202.201	-2.865	0	14.4	NAN	
202.301	-2.865	0	14.4	NAN	
202.401	-2.865	0	14.4	NAN	
202.501	-2.865	0	14.4	NAN	
202.601	-2.88	0	14.4	NAN	
202.701	-2.88	0	14.4	NAN	
202.801	-2.88	0	14.4	NAN	
202.901	-2.88	0	14.4	NAN	
203.001	-2.88	0	14.4	NAN	
203.101	-2.88	0	14.4	NAN	
203.201	-2.88	0	14.4	NAN	
203.301	-2.88	0	14.4	NAN	
203.401	-2.88	0	14.4	NAN	
203.501	-2.88	0	14.4	NAN	
203.601	-2.88	0	14.4	NAN	
203.701	-2.88	0	14.4	NAN	
203.801	-2.88	0	14.4	NAN	
203.901	-2.88	0	14.4	NAN	
204.001	-2.88	0	14.4	NAN	
204.101	-2.88	0	14.4	NAN	
204.201	-2.88	0	14.4	NAN	
204.301	-2.88	0	14.4	NAN	
204.401	-2.88	0	14.4	NAN	
204.501	-2.88	0	14.4	NAN	
204.601	-2.88	0	14.4	NAN	
204.701	-2.88	0	14.4	NAN	
204.801	-2.88	0	14.4	NAN	
204.901	-2.88	0	14.4	NAN	
205.001	-2.88	0	14.4	NAN	
205.101	-2.88	0	14.4	NAN	
205.201	-2.88	0	14.4	NAN	
205.301	-2.88	0	14.4	NAN	
205.401	-2.88	0	14.4	NAN	
205.501	-2.88	0	14.4	NAN	
205.601	-2.88	0	14.4	NAN	
205.701	-2.88	0	14.4	NAN	
205.801	-2.88	0	14.4	NAN	
205.901	-2.88	0	14.4	NAN	
206.001	-2.88	0	14.4	NAN	
206.101	-2.88	0	14.4	NAN	
206.201	-2.88	0	14.4	NAN	
206.301	-2.88	0	14.4	NAN	
206.401	-2.88	0	14.4	NAN	
206.501	-2.88	0	14.4	NAN	
206.601	-2.865	0	14.4	NAN	
206.701	-2.865	0	14.4	NAN	
206.801	-2.865	0	14.4	NAN	
206.901	-2.865	0	14.4	NAN	
207.001	-2.865	0	14.4	NAN	
207.101	-2.865	0	14.4	NAN	
207.201	-2.865	0	14.4	NAN	
207.301	-2.865	0	14.4	NAN	
207.401	-2.865	0	14.4	NAN	
207.501	-2.865	0	14.4	NAN	
207.601	-2.865	0	14.4	NAN	
207.701	-2.865	0	14.4	NAN	
207.801	-2.865	0	14.4	NAN	
207.901	-2.865	0	14.4	NAN	
208.001	-2.865	0	14.4	NAN	
208.101	-2.865	0	14.4	NAN	
208.201	-2.865	0	14.4	NAN	
208.301	-2.865	0	14.4	NAN	
208.401	-2.865	0	14.4	NAN	
208.501	-2.865	0	14.4	NAN	
208.601	-2.865	0	14.4	NAN	
208.701	-2.865	0	14.4	NAN	
208.801	-2.865	0	14.4	NAN	
208.901	-2.865	0	14.4	NAN	
209.001	-2.865	0	14.4	NAN	
209.101	-2.865	0	14.4	NAN	
209.201	-2.865	0	14.4	NAN	
209.301	-2.865	0	14.4	NAN	
209.401	-2.865	0	14.4	NAN	
209.501	-2.865	0	14.4	NAN	
209.601	-2.865	0	14.4	NAN	
209.701	-2.865	0	14.4	NAN	
209.801	-2.865	0	14.4	NAN	
209.901	-2.865	0	14.4	NAN	
210.001	-2.865	0	14.4	NAN	
210.101	-2.865	0	14.4	NAN	
210.201	-2.865	0	14.4	NAN	
210.301	-2.865	0	14.4	NAN	
210.401	-2.865	0	14.4	NAN	
210.501	-2.865	0	14.4	NAN	
210.601	-2.88	0	14.4	NAN	
210.701	-2.88	0	14.4	NAN	
210.801	-2.88	0	14.4	NAN	
210.901	-2.88	0	14.4	NAN	
211.001	-2.88	0	14.4	NAN	
211.101	-2.88	0	14.4	NAN	
211.201	-2.88	0	14.4	NAN	
211.301	-2.88	0	14.4	NAN	
211.401	-2.88	0	14.4	NAN	
211.501	-2.88	0	14.4	NAN	
211.601	-2.88	0	14.4	NAN	
211.701	-2.88	0	14.4	NAN	
211.801	-2.88	0	14.4	NAN	
211.901	-2.88	0	14.4	NAN	
212.001	-2.88	0	14.4	NAN	
212.101	-2.88	0	14.4	NAN	
212.201	-2.88	0	14.4	NAN	
212.301	-2.88	0	14.4	NAN	
212.401	-2.88	0	14.4	NAN	
212.501	-2.88	0	14.4	NAN	
212.601	-2.88	0	14.4	NAN	
212.701	-2.88	0	14.4	NAN	
212.801	-2.88	0	14.4	NAN	
212.901	-2.88	0	14.4	NAN	
213.001	-2.88	0	14.4	NAN	
213.101	-2.88	0	14.4	NAN	
213.201	-2.88	0	14.4	NAN	
213.301	-2.88	0	14.4	NAN	
213.401	-2.88	0	14.4	NAN	
213.501	-2.88	0	14.4	NAN	
213.601	-2.88	0	14.4	NAN	
213.701	-2.88	0	14.4	NAN	
213.801	-2.88	0	14.4	NAN	
213.901	-2.88	0	14.4	NAN	
214.001	-2.88	0	14.4	NAN	
214.101	-2.88	0	14.4	NAN	
214.201	-2.88	0	14.4	NAN	
214.301	-2.88	0	14.4	NAN	
214.404	-2.88	0	14.4	NAN	
214.501	-2.88	0	14.4	NAN	
214.601	-2.88	0	14.4	NAN	
214.701	-2.88	0	14.4	NAN	
214.801	-2.88	0	14.4	NAN	
214.901	-2.88	0	14.4	NAN	
215.001	-2.88	0	14.4	NAN	
215.101	-2.88	0	14.4	NAN	
215.201	-2.88	0	14.4	NAN	
215.301	-2.88	0	14.4	NAN	
215.401	-2.88	0	14.4	NAN	
215.501	-2.88	0	14.4	NAN	
215.601	-2.88	0	14.4	NAN	
215.701	-2.88	0	14.4	NAN	
215.801	-2.88	0	14.4	NAN	
215.901	-2.88	0	14.4	NAN	
216.001	-2.88	0	14.4	NAN	
216.101	-2.88	0	14.4	NAN	
216.201	-2.88	0	14.4	NAN	
216.301	-2.88	0	14.4	NAN	
216.401	-2.88	0	14.4	NAN	
216.501	-2.88	0	14.4	NAN	
216.601	-2.88	0	14.4	NAN	
216.701	-2.88	0	14.4	NAN	
216.801	-2.88	0	14.4	NAN	
216.901	-2.88	0	14.4	NAN	
217.001	-2.88	0	14.4	NAN	
217.101	-2.88	0	14.4	NAN	
217.201	-2.88	0	14.4	NAN	
217.301	-2.88	0	14.4	NAN	
217.401	-2.88	0	14.4	NAN	
217.501	-2.88	0	14.4	NAN	
217.601	-2.88	0	14.4	NAN	
217.701	-2.88	0	14.4	NAN	
217.801	-2.88	0	14.4	NAN	
217.901	-2.88	0	14.4	NAN	
218.001	-2.88	0	14.4	NAN	
218.101	-2.88	0	14.4	NAN	
218.201	-2.88	0	14.4	NAN	
218.301	-2.88	0	14.4	NAN	
218.401	-2.88	0	14.4	NAN	
218.501	-2.88	0	14.4	NAN	
	
269.001	-2.88	0.003	15	NAN	
269.101	-2.88	0.003	15	NAN	
269.201	-2.88	0.003	15	NAN	
269.301	-2.88	0.003	15	NAN	
269.401	-2.88	0.003	15	NAN	
269.501	-2.88	0.003	15	NAN	
269.601	-2.925	0.003	15	NAN	
269.701	-2.925	0.003	15	NAN	
269.801	-2.925	0.003	15	NAN	
269.901	-2.925	0	14.7	NAN	
270.001	-2.925	0	14.7	NAN	
270.101	-2.925	0	14.7	NAN	
270.201	-2.925	0	14.7	NAN	
270.301	-2.925	0	14.7	NAN	
270.401	-2.925	0	14.7	NAN	
270.501	-2.925	0	14.7	NAN	
270.601	-2.925	0	14.7	NAN	
270.701	-2.925	0	14.7	NAN	
270.801	-2.925	0	14.7	NAN	
270.901	-2.925	0	14.55	NAN	
271.001	-2.925	0	14.55	NAN	
271.101	-2.925	0	14.55	NAN	
271.201	-2.925	0	14.55	NAN	
271.301	-2.925	0	14.55	NAN	
271.401	-2.925	0	14.55	NAN	
271.501	-2.925	0	14.55	NAN	
271.601	-2.925	0	14.55	NAN	
271.701	-2.925	0	14.55	NAN	
271.801	-2.925	0	14.55	NAN	
271.901	-2.925	0	14.55	NAN	
272.001	-2.925	0	14.55	NAN	
272.101	-2.925	0	14.55	NAN	
272.201	-2.925	0	14.55	NAN	
272.301	-2.925	0	14.55	NAN	
272.401	-2.925	0	14.55	NAN	
272.501	-2.925	0	14.55	NAN	
272.601	-2.925	0	14.55	NAN	
272.701	-2.925	0	14.55	NAN	
272.801	-2.925	0	14.55	NAN	
272.901	-2.925	0	14.55	NAN	
273.001	-2.925	0	14.55	NAN	
273.101	-2.925	0	14.55	NAN	
273.201	-2.925	0	14.55	NAN	
273.301	-2.925	0	14.55	NAN	
273.401	-2.925	0	14.55	NAN	
273.501	-2.925	0	14.55	NAN	
273.601	-2.925	0	14.55	NAN	
273.701	-2.925	0	14.55	NAN	
273.801	-2.925	0	14.55	NAN	
273.901	-2.925	0	14.55	NAN	
274.001	-2.925	0	14.55	NAN	
274.101	-2.925	0	14.55	NAN	
274.201	-2.925	0	14.55	NAN	
274.301	-2.925	0	14.55	NAN	
274.401	-2.925	0	14.55	NAN	
274.501	-2.925	0	14.55	NAN	
274.601	-2.925	0	14.55	NAN	
274.701	-2.925	0	14.55	NAN	
274.801	-2.925	0	14.55	NAN	
274.901	-2.925	0	14.55	NAN	
275.001	-2.925	0	14.55	NAN	
275.101	-2.925	0	14.55	NAN	
275.201	-2.925	0	14.55	NAN	
275.301	-2.925	0	14.55	NAN	
275.401	-2.925	0	14.55	NAN	
275.501	-2.925	0	14.55	NAN	
275.601	-2.925	0	14.55	NAN	
275.701	-2.925	0	14.55	NAN	
275.801	-2.925	0	14.55	NAN	
275.901	-2.925	0	14.55	NAN	
276.001	-2.925	0	14.55	NAN	
276.101	-2.925	0	14.55	NAN	
276.201	-2.925	0	14.55	NAN	
276.301	-2.925	0	14.55	NAN	
276.401	-2.925	0	14.55	NAN	
276.501	-2.925	0	14.55	NAN	
276.601	-2.94	0	14.55	NAN	
276.701	-2.94	0	14.55	NAN	
276.801	-2.94	0	14.55	NAN	
276.901	-2.94	0	14.55	NAN	
277.001	-2.94	0	14.55	NAN	
277.101	-2.94	0	14.55	NAN	
277.201	-2.94	0	14.55	NAN	
277.301	-2.94	0	14.55	NAN	
277.401	-2.94	0	14.55	NAN	
277.501	-2.94	0	14.55	NAN	
277.601	-2.94	0	14.55	NAN	
277.701	-2.94	0	14.55	NAN	
277.801	-2.94	0	14.55	NAN	
277.901	-2.94	0	14.55	NAN	
278.001	-2.94	0	14.55	NAN	
278.101	-2.94	0	14.55	NAN	
278.201	-2.94	0	14.55	NAN	
278.301	-2.94	0	14.55	NAN	
278.401	-2.94	0	14.55	NAN	
278.501	-2.94	0	14.55	NAN	
278.601	-2.94	0	14.55	NAN	
278.701	-2.94	0	14.55	NAN	
278.801	-2.94	0	14.55	NAN	
278.901	-2.94	0	14.55	NAN	
279.001	-2.94	0	14.55	NAN	
279.101	-2.94	0	14.55	NAN	
279.201	-2.94	0	14.55	NAN	
279.301	-2.94	0	14.55	NAN	
279.401	-2.94	0	14.55	NAN	
279.501	-2.94	0	14.55	NAN	
279.601	-2.94	0	14.55	NAN	
279.701	-2.94	0	14.55	NAN	
279.801	-2.94	0	14.55	NAN	
279.901	-2.94	0	14.55	NAN	
280.001	-2.94	0	14.55	NAN	
280.101	-2.94	0	14.55	NAN	
280.201	-2.94	0	14.55	NAN	
280.301	-2.94	0	14.55	NAN	
280.401	-2.94	0	14.55	NAN	
280.501	-2.94	0	14.55	NAN	
280.601	-2.94	0	14.55	NAN	
280.701	-2.94	0	14.55	NAN	
280.801	-2.94	0	14.55	NAN	
280.901	-2.94	0	14.55	NAN	
281.001	-2.94	0	14.55	NAN	
281.101	-2.94	0	14.55	NAN	
281.201	-2.94	0	14.55	NAN	
281.301	-2.94	0	14.55	NAN	
281.401	-2.94	0	14.55	NAN	
281.501	-2.94	0	14.55	NAN	
281.601	-2.94	0	14.55	NAN	
281.701	-2.94	0	14.55	NAN	
281.801	-2.94	0	14.55	NAN	
281.901	-2.94	0	14.55	NAN	
282.001	-2.94	0	14.55	NAN	
282.101	-2.94	0	14.55	NAN	
282.201	-2.94	0	14.55	NAN	
282.301	-2.94	0	14.55	NAN	
282.401	-2.94	0	14.55	NAN	
282.501	-2.94	0	14.55	NAN	
282.601	-2.94	0	14.55	NAN	
282.701	-2.94	0	14.55	NAN	
282.801	-2.94	0	14.55	NAN	
282.901	-2.94	0	14.55	NAN	
283.001	-2.94	0	14.55	NAN	
283.101	-2.94	0	14.55	NAN	
283.201	-2.94	0	14.55	NAN	
283.301	-2.94	0	14.55	NAN	
283.401	-2.94	0	14.55	NAN	
283.501	-2.94	0	14.55	NAN	
283.601	-2.94	0	14.55	NAN	
283.701	-2.94	0	14.55	NAN	
283.801	-2.94	0	14.55	NAN	
283.901	-2.94	0	14.55	NAN	
284.001	-2.94	0	14.55	NAN	
284.101	-2.94	0	14.55	NAN	
284.201	-2.94	0	14.55	NAN	
284.301	-2.94	0	14.55	NAN	
284.401	-2.94	0	14.55	NAN	
284.501	-2.94	0	14.55	NAN	
284.601	-2.955	0	14.55	NAN	
284.701	-2.955	0	14.55	NAN	
284.801	-2.955	0	14.55	NAN	
284.901	-2.955	0	14.55	NAN	
285.001	-2.955	0	14.55	NAN	
285.101	-2.955	0	14.55	NAN	
285.201	-2.955	0	14.55	NAN	
285.301	-2.955	0	14.55	NAN	
285.401	-2.955	0	14.55	NAN	
285.501	-2.955	0	14.55	NAN	
285.601	-2.94	0	14.55	NAN	
285.701	-2.94	0	14.55	NAN	
285.801	-2.94	0	14.55	NAN	
285.901	-2.94	0	14.55	NAN	
286.001	-2.94	0	14.55	NAN	
286.101	-2.94	0	14.55	NAN	
286.201	-2.94	0	14.55	NAN	
286.301	-2.94	0	14.55	NAN	
286.401	-2.94	0	14.55	NAN	
286.501	-2.94	0	14.55	NAN	
286.601	-2.955	0	14.55	NAN	
286.701	-2.955	0	14.55	NAN	
286.801	-2.955	0	14.55	NAN	
286.901	-2.955	0	14.55	NAN	
287.001	-2.955	0	14.55	NAN	
287.101	-2.955	0	14.55	NAN	
287.201	-2.955	0	14.55	NAN	
287.301	-2.955	0	14.55	NAN	
287.401	-2.955	0	14.55	NAN	
287.501	-2.955	0	14.55	NAN	
287.601	-2.955	0	14.55	NAN	
287.701	-2.955	0	14.55	NAN	
287.801	-2.955	0	14.55	NAN	
287.901	-2.955	0	14.55	NAN	
288.001	-2.955	0	14.55	NAN	
288.101	-2.955	0	14.55	NAN	
288.201	-2.955	0	14.55	NAN	
288.301	-2.955	0	14.55	NAN	
288.401	-2.955	0	14.55	NAN	
288.501	-2.955	0	14.55	NAN	
288.601	-2.955	0	14.55	NAN	
288.701	-2.955	0	14.55	NAN	
288.801	-2.955	0	14.55	NAN	
288.901	-2.955	0	14.55	NAN	
289.001	-2.955	0	14.55	NAN	
289.101	-2.955	0	14.55	NAN	
289.201	-2.955	0	14.55	NAN	
289.301	-2.955	0	14.55	NAN	
289.401	-2.955	0	14.55	NAN	
289.501	-2.955	0	14.55	NAN	
289.601	-2.955	0	14.55	NAN	
289.701	-2.955	0	14.55	NAN	
289.801	-2.955	0	14.55	NAN	
289.901	-2.955	0	14.55	NAN	
290.001	-2.955	0	14.55	NAN	
290.101	-2.955	0	14.55	NAN	
290.201	-2.955	0	14.55	NAN	
290.301	-2.955	0	14.55	NAN	
290.401	-2.955	0	14.55	NAN	
290.501	-2.955	0	14.55	NAN	
290.601	-2.955	0	14.55	NAN	
290.701	-2.955	0	14.55	NAN	
290.801	-2.955	0	14.55	NAN	
290.901	-2.955	0	14.55	NAN	
291.001	-2.955	0	14.55	NAN	
291.101	-2.955	0	14.55	NAN	
291.201	-2.955	0	14.55	NAN	
291.301	-2.955	0	14.55	NAN	
291.401	-2.955	0	14.55	NAN	
291.501	-2.955	0	14.55	NAN	
291.601	-2.955	0	14.55	NAN	
291.701	-2.955	0	14.55	NAN	
291.801	-2.955	0	14.55	NAN	
291.901	-2.955	0	14.55	NAN	
292.001	-2.955	0	14.55	NAN	
292.101	-2.955	0	14.55	NAN	
292.201	-2.955	0	14.55	NAN	
292.301	-2.955	0	14.55	NAN	
292.401	-2.955	0	14.55	NAN	
292.501	-2.955	0	14.55	NAN	
292.601	-2.955	0	14.55	NAN	
292.701	-2.955	0	14.55	NAN	
292.801	-2.955	0	14.55	NAN	
292.901	-2.955	0	14.55	NAN	
293.001	-2.955	0	14.55	NAN	
293.101	-2.955	0	14.55	NAN	
293.201	-2.955	0	14.55	NAN	
293.301	-2.955	0	14.55	NAN	
293.401	-2.955	0	14.55	NAN	
293.501	-2.955	0	14.55	NAN	
293.601	-2.97	0	14.55	NAN	
293.701	-2.97	0	14.55	NAN	
293.801	-2.97	0	14.55	NAN	
293.901	-2.97	0	14.55	NAN	
294.001	-2.97	0	14.55	NAN	
294.101	-2.97	0	14.55	NAN	
294.201	-2.97	0	14.55	NAN	
294.301	-2.97	0	14.55	NAN	
294.401	-2.97	0	14.55	NAN	
294.501	-2.97	0	14.55	NAN	
294.601	-2.97	0	14.55	NAN	
294.701	-2.97	0	14.55	NAN	
294.801	-2.97	0	14.55	NAN	
294.901	-2.97	0	14.55	NAN	
295.001	-2.97	0	14.55	NAN	
295.101	-2.97	0	14.55	NAN	
295.201	-2.97	0	14.55	NAN	
295.301	-2.97	0	14.55	NAN	
295.401	-2.97	0	14.55	NAN	
295.501	-2.97	0	14.55	NAN	
295.601	-2.97	0	14.55	NAN	
295.701	-2.97	0	14.55	NAN	
295.801	-2.97	0	14.55	NAN	
295.901	-2.97	0	14.55	NAN	
296.001	-2.97	0	14.55	NAN	
296.101	-2.97	0	14.55	NAN	
296.201	-2.97	0	14.55	NAN	
296.301	-2.97	0	14.55	NAN	
296.401	-2.97	0	14.55	NAN	
296.501	-2.97	0	14.55	NAN	
296.601	-2.97	0	14.55	NAN	
296.701	-2.97	0	14.55	NAN	
296.801	-2.97	0	14.55	NAN	
296.901	-2.97	0	14.55	NAN	
297.001	-2.97	0	14.55	NAN	
297.101	-2.97	0	14.55	NAN	
297.201	-2.97	0	14.55	NAN	
297.301	-2.97	0	14.55	NAN	
297.401	-2.97	0	14.55	NAN	
297.501	-2.97	0	14.55	NAN	
297.601	-2.97	0	14.55	NAN	
297.701	-2.97	0	14.55	NAN	
297.801	-2.97	0	14.55	NAN	
297.901	-2.97	0	14.55	NAN	
298.001	-2.97	0	14.55	NAN	
298.101	-2.97	0	14.55	NAN	
298.201	-2.97	0	14.55	NAN	
298.301	-2.97	0	14.55	NAN	
298.401	-2.97	0	14.55	NAN	
298.501	-2.97	0	14.55	NAN	
298.601	-2.97	0	14.55	NAN	
298.701	-2.97	0	14.55	NAN	
298.801	-2.97	0	14.55	NAN	
298.901	-2.97	0	14.55	NAN	
299.001	-2.97	0	14.55	NAN	
299.101	-2.97	0	14.55	NAN	
299.201	-2.97	0	14.55	NAN	
299.301	-2.97	0	14.55	NAN	
299.401	-2.97	0	14.55	NAN	
299.501	-2.97	0	14.55	NAN	
299.601	-2.97	0	14.55	NAN	
299.701	-2.97	0	14.55	NAN	
299.801	-2.97	0	14.55	NAN	
299.901	-2.97	0	14.55	NAN	
300.001	-2.97	0	14.55	NAN	
300.101	-2.97	0	14.55	NAN	
300.201	-2.97	0	14.55	NAN	
300.301	-2.97	0	14.55	NAN	
300.401	-2.97	0	14.55	NAN	
300.501	-2.97	0	14.55	NAN	
300.601	-2.97	0	14.55	NAN	
300.701	-2.97	0	14.55	NAN	
300.801	-2.97	0	14.55	NAN	
300.901	-2.97	0	14.55	NAN	
301.001	-2.97	0	14.55	NAN	
301.101	-2.97	0	14.55	NAN	
301.201	-2.97	0	14.55	NAN	
301.301	-2.97	0	14.55	NAN	
301.401	-2.97	0	14.55	NAN	
301.501	-2.97	0	14.55	NAN	
301.601	-2.985	0	14.55	NAN	
301.701	-2.985	0	14.55	NAN	
301.801	-2.985	0	14.55	NAN	
301.901	-2.985	0	14.55	NAN	
302.001	-2.985	0	14.55	NAN	
302.101	-2.985	0	14.55	NAN	
302.201	-2.985	0	14.55	NAN	
302.301	-2.985	0	14.55	NAN	
302.401	-2.985	0	14.55	NAN	
302.501	-2.985	0	14.55	NAN	
302.601	-2.985	0	14.55	NAN	
302.701	-2.985	0	14.55	NAN	
302.801	-2.985	0	14.55	NAN	
302.901	-2.985	0	14.55	NAN	
303.001	-2.985	0	14.55	NAN	
303.101	-2.985	0	14.55	NAN	
303.201	-2.985	0	14.55	NAN	
303.301	-2.985	0	14.55	NAN	
303.401	-2.985	0	14.55	NAN	
303.501	-2.985	0	14.55	NAN	
303.601	-2.985	0	14.55	NAN	
303.701	-2.985	0	14.55	NAN	
303.801	-2.985	0	14.55	NAN	
303.901	-2.985	0	14.55	NAN	
304.001	-2.985	0	14.55	NAN	
304.101	-2.985	0	14.55	NAN	
304.201	-2.985	0	14.55	NAN	
304.301	-2.985	0	14.55	NAN	
304.401	-2.985	0	14.55	NAN	
304.501	-2.985	0	14.55	NAN	
304.601	-2.985	0	14.55	NAN	
304.701	-2.985	0	14.55	NAN	
304.801	-2.985	0	14.55	NAN	
304.901	-2.985	0	14.55	NAN	
305.001	-2.985	0	14.55	NAN	
305.101	-2.985	0	14.55	NAN	
305.201	-2.985	0	14.55	NAN	
305.301	-2.985	0	14.55	NAN	
305.401	-2.985	0	14.55	NAN	
305.501	-2.985	0	14.55	NAN	
305.601	-2.985	0	14.55	NAN	
305.701	-2.985	0	14.55	NAN	
305.801	-2.985	0	14.55	NAN	
305.901	-2.985	0	14.55	NAN	
306.001	-2.985	0	14.55	NAN	
306.101	-2.985	0	14.55	NAN	
306.201	-2.985	0	14.55	NAN	
306.301	-2.985	0	14.55	NAN	
306.401	-2.985	0	14.55	NAN	
306.501	-2.985	0	14.55	NAN	
306.601	-2.985	0	14.55	NAN	
306.701	-2.985	0	14.55	NAN	
306.801	-2.985	0	14.55	NAN	
306.901	-2.985	0	14.55	NAN	
307.001	-2.985	0	14.55	NAN	
307.101	-2.985	0	14.55	NAN	
307.201	-2.985	0	14.55	NAN	
307.301	-2.985	0	14.55	NAN	
307.401	-2.985	0	14.55	NAN	
307.501	-2.985	0	14.55	NAN	

369.701	-2.97	0.03	18.9	NAN	
369.801	-2.97	0.03	18.9	NAN	
369.901	-2.97	0.03	18.9	NAN	
370.001	-2.97	0.03	18.9	NAN	
370.101	-2.97	0	14.55	NAN	
370.201	-2.97	0	14.55	NAN	
370.301	-2.97	0	14.55	NAN	
370.401	-2.97	0	14.55	NAN	
370.501	-2.97	0	14.55	NAN	
370.601	-2.97	0	14.55	NAN	
370.701	-2.97	0	14.55	NAN	
370.801	-2.97	0	14.55	NAN	
370.901	-2.97	0	14.55	NAN	
371.001	-2.97	0	14.55	NAN	
371.101	-2.97	0	14.55	NAN	
371.201	-2.97	0	14.55	NAN	
371.301	-2.97	0	14.55	NAN	
371.401	-2.97	0	14.55	NAN	
371.501	-2.97	0	14.55	NAN	
371.601	-2.97	0	14.55	NAN	
371.701	-2.97	0	14.55	NAN	
371.801	-2.97	0	14.55	NAN	
371.901	-2.97	0	14.55	NAN	
372.001	-2.97	0	14.55	NAN	
372.101	-2.97	0	14.55	NAN	
372.201	-2.97	0	14.55	NAN	
372.301	-2.97	0	14.55	NAN	
372.401	-2.97	0	14.55	NAN	
372.501	-2.97	0	14.55	NAN	
372.601	-2.97	0	14.55	NAN	
372.701	-2.985	0	14.55	NAN	
372.801	-2.985	0	14.55	NAN	
372.901	-2.985	0	14.55	NAN	
373.001	-2.985	0	14.55	NAN	
373.101	-2.985	0	14.55	NAN	
373.201	-2.985	0	14.55	NAN	
373.301	-2.985	0	14.55	NAN	
373.401	-2.985	0	14.55	NAN	
373.501	-2.985	0	14.55	NAN	
373.601	-2.985	0	14.55	NAN	
373.701	-3	0	14.55	NAN	
373.801	-3	0	14.55	NAN	
373.901	-3	0	14.55	NAN	
374.001	-3	0	14.55	NAN	
374.101	-3	0	14.4	NAN	
374.201	-3	0	14.4	NAN	
374.301	-3	0	14.4	NAN	
374.401	-3	0	14.4	NAN	
374.501	-3	0	14.4	NAN	
374.601	-3	0	14.4	NAN	
374.701	-3	0	14.4	NAN	
374.801	-3	0	14.4	NAN	
374.901	-3	0	14.4	NAN	
375.001	-3	0	14.4	NAN	
375.101	-3	0	14.4	NAN	
375.201	-3	0	14.4	NAN	
375.301	-3	0	14.4	NAN	
375.401	-3	0	14.4	NAN	
375.501	-3	0	14.4	NAN	
375.601	-3	0	14.4	NAN	
375.701	-3	0	14.4	NAN	
375.801	-3	0	14.4	NAN	
375.901	-3	0	14.4	NAN	
376.001	-3	0	14.4	NAN	
376.101	-3	0	14.4	NAN	
376.201	-3	0	14.4	NAN	
376.301	-3	0	14.4	NAN	
376.401	-3	0	14.4	NAN	
376.501	-3	0	14.4	NAN	
376.601	-3	0	14.4	NAN	
376.701	-3.015	0	14.4	NAN	
376.801	-3.015	0	14.4	NAN	
376.901	-3.015	0	14.4	NAN	
377.001	-3.015	0	14.4	NAN	
377.101	-3.015	0	14.4	NAN	
377.201	-3.015	0	14.4	NAN	
377.301	-3.015	0	14.4	NAN	
377.401	-3.015	0	14.4	NAN	
377.501	-3.015	0	14.4	NAN	
377.601	-3.015	0	14.4	NAN	
377.701	-3.015	0	14.4	NAN	
377.801	-3.015	0	14.4	NAN	
377.901	-3.015	0	14.4	NAN	
378.001	-3.015	0	14.4	NAN	
378.101	-3.015	0	14.4	NAN	
378.201	-3.015	0	14.4	NAN	
378.301	-3.015	0	14.4	NAN	
378.401	-3.015	0	14.4	NAN	
378.501	-3.015	0	14.4	NAN	
378.601	-3.015	0	14.4	NAN	
378.701	-3.03	0	14.4	NAN	
378.801	-3.03	0	14.4	NAN	
378.901	-3.03	0	14.4	NAN	
379.001	-3.03	0	14.4	NAN	
379.101	-3.03	0	14.4	NAN	
379.201	-3.03	0	14.4	NAN	
379.301	-3.03	0	14.4	NAN	
379.401	-3.03	0	14.4	NAN	
379.501	-3.03	0	14.4	NAN	
379.601	-3.03	0	14.4	NAN	
379.701	-3.03	0	14.4	NAN	
379.801	-3.03	0	14.4	NAN	
379.901	-3.03	0	14.4	NAN	
380.001	-3.03	0	14.4	NAN	
380.101	-3.03	0	14.4	NAN	
380.201	-3.03	0	14.4	NAN	
380.301	-3.03	0	14.4	NAN	
380.401	-3.03	0	14.4	NAN	
380.501	-3.03	0	14.4	NAN	
380.601	-3.03	0	14.4	NAN	
380.701	-3.06	0	14.4	NAN	
380.801	-3.06	0	14.4	NAN	
380.901	-3.06	0	14.4	NAN	
381.001	-3.06	0	14.4	NAN	
381.101	-3.06	0	14.4	NAN	
381.201	-3.06	0	14.4	NAN	
381.301	-3.06	0	14.4	NAN	
381.401	-3.06	0	14.4	NAN	
381.501	-3.06	0	14.4	NAN	
381.601	-3.06	0	14.4	NAN	
381.701	-3.075	0	14.4	NAN	
381.801	-3.075	0	14.4	NAN	
381.901	-3.075	0	14.4	NAN	
382.001	-3.075	0	14.4	NAN	
382.101	-3.075	0	14.4	NAN	
382.201	-3.075	0	14.4	NAN	
382.301	-3.075	0	14.4	NAN	
382.401	-3.075	0	14.4	NAN	
382.501	-3.075	0	14.4	NAN	
382.601	-3.075	0	14.4	NAN	
382.701	-3.075	0	14.4	NAN	
382.801	-3.075	0	14.4	NAN	
382.901	-3.075	0	14.4	NAN	
383.001	-3.075	0	14.4	NAN	
383.101	-3.075	0	14.4	NAN	
383.201	-3.075	0	14.4	NAN	
383.301	-3.075	0	14.4	NAN	
383.401	-3.075	0	14.4	NAN	
383.501	-3.075	0	14.4	NAN	
383.601	-3.075	0	14.4	NAN	
383.701	-3.06	0	14.4	NAN	
383.801	-3.06	0	14.4	NAN	
383.901	-3.06	0	14.4	NAN	
384.001	-3.06	0	14.4	NAN	
384.101	-3.06	0	14.4	NAN	
384.201	-3.06	0	14.4	NAN	
384.301	-3.06	0	14.4	NAN	
384.401	-3.06	0	14.4	NAN	
384.501	-3.06	0	14.4	NAN	
384.601	-3.06	0	14.4	NAN	
384.701	-3.06	0	14.4	NAN	
384.801	-3.06	0	14.4	NAN	
384.901	-3.06	0	14.4	NAN	
385.001	-3.06	0	14.4	NAN	
385.101	-3.06	0	14.4	NAN	
385.201	-3.06	0	14.4	NAN	
385.301	-3.06	0	14.4	NAN	
385.401	-3.06	0	14.4	NAN	
385.501	-3.06	0	14.4	NAN	
385.601	-3.06	0	14.4	NAN	
385.701	-3.045	0	14.4	NAN	
385.801	-3.045	0	14.4	NAN	
385.901	-3.045	0	14.4	NAN	
386.001	-3.045	0	14.4	NAN	
386.101	-3.045	0	14.4	NAN	
386.201	-3.045	0	14.4	NAN	
386.301	-3.045	0	14.4	NAN	
386.401	-3.045	0	14.4	NAN	
386.501	-3.045	0	14.4	NAN	
386.601	-3.045	0	14.4	NAN	
386.701	-3.045	0	14.4	NAN	
386.801	-3.045	0	14.4	NAN	
386.901	-3.045	0	14.4	NAN	
387.001	-3.045	0	14.4	NAN	
387.101	-3.045	0	14.4	NAN	
387.201	-3.045	0	14.4	NAN	
387.301	-3.045	0	14.4	NAN	
387.401	-3.045	0	14.4	NAN	
387.501	-3.045	0	14.4	NAN	
387.601	-3.045	0	14.4	NAN	
387.701	-3.045	0	14.4	NAN	
387.801	-3.045	0	14.4	NAN	
387.901	-3.045	0	14.4	NAN	
388.001	-3.045	0	14.4	NAN	
388.101	-3.045	0	14.4	NAN	
388.201	-3.045	0	14.4	NAN	
388.301	-3.045	0	14.4	NAN	
388.401	-3.045	0	14.4	NAN	
388.501	-3.045	0	14.4	NAN	
388.601	-3.045	0	14.4	NAN	
388.701	-3.045	0	14.4	NAN	
388.801	-3.045	0	14.4	NAN	
388.901	-3.045	0	14.4	NAN	
389.001	-3.045	0	14.4	NAN	
389.101	-3.045	0	14.4	NAN	
389.201	-3.045	0	14.4	NAN	
389.301	-3.045	0	14.4	NAN	
389.401	-3.045	0	14.4	NAN	
389.501	-3.045	0	14.4	NAN	
389.601	-3.045	0	14.4	NAN	
389.701	-3.03	0	14.4	NAN	
389.801	-3.03	0	14.4	NAN	
389.901	-3.03	0	14.4	NAN	
390.001	-3.03	0	14.4	NAN	
390.101	-3.03	0	14.4	NAN	
390.201	-3.03	0	14.4	NAN	
390.301	-3.03	0	14.4	NAN	
390.401	-3.03	0	14.4	NAN	
390.501	-3.03	0	14.4	NAN	
390.601	-3.03	0	14.4	NAN	
390.701	-3.03	0	14.4	NAN	
390.801	-3.03	0	14.4	NAN	
390.901	-3.03	0	14.4	NAN	
391.001	-3.03	0	14.4	NAN	
391.101	-3.03	-0.0015	14.4	NAN	
391.201	-3.03	-0.0015	14.4	NAN	
391.301	-3.03	-0.0015	14.4	NAN	
391.401	-3.03	-0.0015	14.4	NAN	
391.501	-3.03	-0.0015	14.4	NAN	
391.601	-3.03	-0.0015	14.4	NAN	
391.701	-3.03	-0.0015	14.4	NAN	
391.801	-3.03	-0.0015	14.4	NAN	
391.901	-3.03	-0.0015	14.4	NAN	
392.001	-3.03	-0.0015	14.4	NAN	
392.103	-3.03	0	14.4	NAN	
392.201	-3.03	0	14.4	NAN	
392.301	-3.03	0	14.4	NAN	
392.401	-3.03	0	14.4	NAN	
392.501	-3.03	0	14.4	NAN	
392.601	-3.03	0	14.4	NAN	
392.701	-3.03	0	14.4	NAN	
392.801	-3.03	0	14.4	NAN	
392.901	-3.03	0	14.4	NAN	
393.001	-3.03	0	14.4	NAN	
393.101	-3.03	0	14.4	NAN	
393.201	-3.03	0	14.4	NAN	
393.301	-3.03	0	14.4	NAN	
393.401	-3.03	0	14.4	NAN	
393.501	-3.03	0	14.4	NAN	
393.601	-3.03	0	14.4	NAN	
393.701	-3.03	0	14.4	NAN	
393.801	-3.03	0	14.4	NAN	
393.901	-3.03	0	14.4	NAN	
394.001	-3.03	0	14.4	NAN	
394.101	-3.03	0	14.4	NAN	
394.201	-3.03	0	14.4	NAN	
394.301	-3.03	0	14.4	NAN	
394.401	-3.03	0	14.4	NAN	
394.501	-3.03	0	14.4	NAN	
394.601	-3.03	0	14.4	NAN	
394.701	-3.03	0	14.4	NAN	
394.801	-3.03	0	14.4	NAN	
394.901	-3.03	0	14.4	NAN	
395.001	-3.03	0	14.4	NAN	
395.101	-3.03	0	14.4	NAN	
395.201	-3.03	0	14.4	NAN	
395.301	-3.03	0	14.4	NAN	
395.401	-3.03	0	14.4	NAN	
395.501	-3.03	0	14.4	NAN	
395.601	-3.03	0	14.4	NAN	
395.701	-3.03	0	14.4	NAN	
395.801	-3.03	0	14.4	NAN	
395.901	-3.03	0	14.4	NAN	
396.001	-3.03	0	14.4	NAN	
396.101	-3.03	0	14.4	NAN	
396.201	-3.03	0	14.4	NAN	
396.301	-3.03	0	14.4	NAN	
396.401	-3.03	0	14.4	NAN	
396.501	-3.03	0	14.4	NAN	
396.601	-3.03	0	14.4	NAN	
396.701	-3.03	0	14.4	NAN	
396.801	-3.03	0	14.4	NAN	
396.901	-3.03	0	14.4	NAN	
397.001	-3.03	0	14.4	NAN	
397.101	-3.03	0	14.4	NAN	
397.201	-3.03	0	14.4	NAN	
397.301	-3.03	0	14.4	NAN	
397.401	-3.03	0	14.4	NAN	
397.501	-3.03	0	14.4	NAN	
397.601	-3.03	0	14.4	NAN	
397.701	-3.03	0	14.4	NAN	
397.801	-3.03	0	14.4	NAN	
397.901	-3.03	0	14.4	NAN	
398.001	-3.03	0	14.4	NAN	
398.101	-3.03	0	14.4	NAN	
398.201	-3.03	0	14.4	NAN	
398.301	-3.03	0	14.4	NAN	
398.401	-3.03	0	14.4	NAN	
398.501	-3.03	0	14.4	NAN	
398.601	-3.03	0	14.4	NAN	
398.701	-3.03	0	14.4	NAN	
398.801	-3.03	0	14.4	NAN	
398.901	-3.03	0	14.4	NAN	
399.001	-3.03	0	14.4	NAN	
399.101	-3.03	0	14.4	NAN	
399.201	-3.03	0	14.4	NAN	
399.301	-3.03	0	14.4	NAN	
399.401	-3.03	0	14.4	NAN	
399.501	-3.03	0	14.4	NAN	
399.601	-3.03	0	14.4	NAN	
399.701	-3.03	0	14.4	NAN	
399.801	-3.03	0	14.4	NAN	
399.901	-3.03	0	14.4	NAN	
400.001	-3.03	0	14.4	NAN	
400.101	-3.03	0	14.4	NAN	
400.201	-3.03	0	14.4	NAN	
400.301	-3.03	0	14.4	NAN	
400.401	-3.03	0	14.4	NAN	
400.501	-3.03	0	14.4	NAN	
400.601	-3.03	0	14.4	NAN	
400.701	-3.03	0	14.4	NAN	
400.801	-3.03	0	14.4	NAN	
400.901	-3.03	0	14.4	NAN	
401.001	-3.03	0	14.4	NAN	
401.101	-3.03	0	14.4	NAN	
401.201	-3.03	0	14.4	NAN	
401.301	-3.03	0	14.4	NAN	
401.401	-3.03	0	14.4	NAN	
401.501	-3.03	0	14.4	NAN	
401.601	-3.03	0	14.4	NAN	
401.701	-3.03	0	14.4	NAN	
401.801	-3.03	0	14.4	NAN	
401.901	-3.03	0	14.4	NAN	
402.001	-3.03	0	14.4	NAN	
402.101	-3.03	0	14.4	NAN	
402.201	-3.03	0	14.4	NAN	
402.301	-3.03	0	14.4	NAN	
402.401	-3.03	0	14.4	NAN	
402.501	-3.03	0	14.4	NAN	
402.601	-3.03	0	14.4	NAN	
402.701	-3.015	0	14.4	NAN	
402.801	-3.015	0	14.4	NAN	
402.901	-3.015	0	14.4	NAN	
403.001	-3.015	0	14.4	NAN	
403.101	-3.015	0	14.4	NAN	
403.201	-3.015	0	14.4	NAN	
403.301	-3.015	0	14.4	NAN	
403.401	-3.015	0	14.4	NAN	
403.501	-3.015	0	14.4	NAN	
403.601	-3.015	0	14.4	NAN	
403.701	-3.015	0	14.4	NAN	
403.801	-3.015	0	14.4	NAN	
403.901	-3.015	0	14.4	NAN	
404.001	-3.015	0	14.4	NAN	
404.101	-3.015	0	14.4	NAN	
404.201	-3.015	0	14.4	NAN	
404.301	-3.015	0	14.4	NAN	
404.401	-3.015	0	14.4	NAN	
404.501	-3.015	0	14.4	NAN	
404.601	-3.015	0	14.4	NAN	
404.701	-3.015	0	14.4	NAN	
404.801	-3.015	0	14.4	NAN	
404.901	-3.015	0	14.4	NAN	
405.001	-3.015	0	14.4	NAN	
405.101	-3.015	0	14.4	NAN	
405.201	-3.015	0	14.4	NAN	
405.301	-3.015	0	14.4	NAN	
405.401	-3.015	0	14.4	NAN	
405.501	-3.015	0	14.4	NAN	
405.601	-3.015	0	14.4	NAN	
405.701	-3.015	0	14.4	NAN	
405.801	-3.015	0	14.4	NAN	
405.901	-3.015	0	14.4	NAN	
406.001	-3.015	0	14.4	NAN	
406.101	-3.015	0	14.4	NAN	
406.201	-3.015	0	14.4	NAN	
406.301	-3.015	0	14.4	NAN	
406.401	-3.015	0	14.4	NAN	
406.501	-3.015	0	14.4	NAN	
406.601	-3.015	0	14.4	NAN	
406.701	-3.015	0	14.4	NAN	
406.801	-3.015	0	14.4	NAN	
406.901	-3.015	0	14.4	NAN	
407.001	-3.015	0	14.4	NAN	
407.101	-3.015	0	14.4	NAN	
407.201	-3.015	0	14.4	NAN	
407.301	-3.015	0	14.4	NAN	
407.401	-3.015	0	14.4	NAN	
407.501	-3.015	0	14.4	NAN	
407.601	-3.015	0	14.4	NAN	
407.701	-3.015	0	14.4	NAN	
407.801	-3.015	0	14.4	NAN	
407.901	-3.015	0	14.4	NAN	
408.001	-3.015	0	14.4	NAN	
408.101	-3.015	0	14.4	NAN	
408.201	-3.015	0	14.4	NAN	
408.301	-3.015	0	14.4	NAN	
408.401	-3.015	0	14.4	NAN	
408.501	-3.015	0	14.4	NAN	
408.601	-3.015	0	14.4	NAN	
408.701	-3.015	0	14.4	NAN	
408.801	-3.015	0	14.4	NAN	
408.901	-3.015	0	14.4	NAN	
409.001	-3.015	0	14.4	NAN	
409.101	-3.015	0	14.4	NAN	
409.201	-3.015	0	14.4	NAN	
409.301	-3.015	0	14.4	NAN	
409.401	-3.015	0	14.4	NAN	
409.501	-3.015	0	14.4	NAN	
409.601	-3.015	0	14.4	NAN	
409.701	-3.015	0	14.4	NAN	
409.801	-3.015	0	14.4	NAN	
409.901	-3.015	0	14.4	NAN	
410.001	-3.015	0	14.4	NAN	
410.101	-3.015	0	14.4	NAN	
410.201	-3.015	0	14.4	NAN	
410.301	-3.015	0	14.4	NAN	
410.401	-3.015	0	14.4	NAN	
410.501	-3.015	0	14.4	NAN	
410.601	-3.015	0	14.4	NAN	
410.701	-3.015	0	14.4	NAN	
410.801	-3.015	0	14.4	NAN	
410.901	-3.015	0	14.4	NAN	
411.001	-3.015	0	14.4	NAN	
411.101	-3.015	0	14.4	NAN	
411.201	-3.015	0	14.4	NAN	
411.301	-3.015	0	14.4	NAN	
411.401	-3.015	0	14.4	NAN	
411.501	-3.015	0	14.4	NAN	
411.601	-3.015	0	14.4	NAN	
411.701	-3.015	0	14.4	NAN	
411.801	-3.015	0	14.4	NAN	
411.901	-3.015	0	14.4	NAN	
412.001	-3.015	0	14.4	NAN	
412.101	-3.015	0	14.4	NAN	
412.201	-3.015	0	14.4	NAN	
412.301	-3.015	0	14.4	NAN	
412.401	-3.015	0	14.4	NAN	
412.501	-3.015	0	14.4	NAN	
412.601	-3.015	0	14.4	NAN	
412.701	-3.015	0	14.4	NAN	
412.801	-3.015	0	14.4	NAN	
412.901	-3.015	0	14.4	NAN	
413.001	-3.015	0	14.4	NAN	
413.101	-3.015	0	14.4	NAN	
413.201	-3.015	0	14.4	NAN	
413.301	-3.015	0	14.4	NAN	
413.401	-3.015	0	14.4	NAN	
413.501	-3.015	0	14.4	NAN	
413.601	-3.015	0	14.4	NAN	
413.701	-3.015	0	14.4	NAN	
413.801	-3.015	0	14.4	NAN	
413.901	-3.015	0	14.4	NAN	
414.001	-3.015	0	14.4	NAN	
414.101	-3.015	0	14.4	NAN	
414.201	-3.015	0	14.4	NAN	
414.301	-3.015	0	14.4	NAN	
414.401	-3.015	0	14.4	NAN	
414.501	-3.015	0	14.4	NAN	
414.601	-3.015	0	14.4	NAN	
414.701	-3.015	0	14.4	NAN	
414.801	-3.015	0	14.4	NAN	
414.901	-3.015	0	14.4	NAN	
415.001	-3.015	0	14.4	NAN	
415.101	-3.015	0	14.4	NAN	
415.201	-3.015	0	14.4	NAN	
415.301	-3.015	0	14.4	NAN	
415.401	-3.015	0	14.4	NAN	
415.501	-3.015	0	14.4	NAN	
415.601	-3.015	0	14.4	NAN	
415.701	-3.015	0	14.4	NAN	
415.801	-3.015	0	14.4	NAN	
415.901	-3.015	0	14.4	NAN	
416.001	-3.015	0	14.4	NAN	
416.101	-3.015	0	14.4	NAN	
416.201	-3.015	0	14.4	NAN	
416.301	-3.015	0	14.4	NAN	
416.401	-3.015	0	14.4	NAN	
416.501	-3.015	0	14.4	NAN	
416.601	-3.015	0	14.4	NAN	
416.701	-3.03	0	14.4	NAN	
416.801	-3.03	0	14.4	NAN	
416.901	-3.03	0	14.4	NAN	
417.001	-3.03	0	14.4	NAN	
417.101	-3.03	0	14.4	NAN	
417.201	-3.03	0	14.4	NAN	
417.301	-3.03	0	14.4	NAN	
417.401	-3.03	0	14.4	NAN	
417.501	-3.03	0	14.4	NAN	
417.601	-3.03	0	14.4	NAN	
417.701	-3.03	0	14.4	NAN	
417.801	-3.03	0	14.4	NAN	
417.901	-3.03	0	14.4	NAN	
418.001	-3.03	0	14.4	NAN	
418.101	-3.03	0	14.4	NAN	
418.201	-3.03	0	14.4	NAN	
418.301	-3.03	0	14.4	NAN	
418.401	-3.03	0	14.4	NAN	
418.501	-3.03	0	14.4	NAN	
418.601	-3.03	0	14.4	NAN	
418.701	-3.03	0	14.4	NAN	
418.801	-3.03	0	14.4	NAN	
418.901	-3.03	0	14.4	NAN	
419.001	-3.03	0	14.4	NAN	
419.101	-3.03	0	14.4	NAN	
419.201	-3.03	0	14.4	NAN	
419.301	-3.03	0	14.4	NAN	
419.401	-3.03	0	14.4	NAN	
419.501	-3.03	0	14.4	NAN	
419.601	-3.03	0	14.4	NAN	
419.701	-3.03	0	14.4	NAN	
419.801	-3.03	0	14.4	NAN	
419.901	-3.03	0	14.4	NAN	
420.001	-3.03	0	14.4	NAN	
420.101	-3.03	0	14.4	NAN	
420.201	-3.03	0	14.4	NAN	
420.301	-3.03	0	14.4	NAN	
420.401	-3.03	0	14.4	NAN	
420.501	-3.03	0	14.4	NAN	
420.601	-3.03	0	14.4	NAN	
420.701	-3.03	0	14.4	NAN	
420.801	-3.03	0	14.4	NAN	
420.901	-3.03	0	14.4	NAN	
421.001	-3.03	0	14.4	NAN	
421.101	-3.03	0	14.4	NAN	
421.201	-3.03	0	14.4	NAN	
421.301	-3.03	0	14.4	NAN	
421.401	-3.03	0	14.4	NAN	
421.501	-3.03	0	14.4	NAN	
421.601	-3.03	0	14.4	NAN	
421.701	-3.03	0	14.4	NAN	
421.801	-3.03	0	14.4	NAN	
421.901	-3.03	0	14.4	NAN	
422.001	-3.03	0	14.4	NAN	
422.101	-3.03	0	14.4	NAN	
422.201	-3.03	-0.0015	14.4	NAN	
422.301	-3.03	-0.0015	14.4	NAN	
422.401	-3.03	-0.0015	14.4	NAN	
422.501	-3.03	-0.0015	14.4	NAN	
422.601	-3.03	-0.0015	14.4	NAN	
422.701	-3.03	-0.0015	14.4	NAN	
422.801	-3.03	-0.0015	14.4	NAN	
422.901	-3.03	-0.0015	14.4	NAN	
423.001	-3.03	-0.0015	14.4	NAN	
423.101	-3.03	-0.0015	14.4	NAN	
423.201	-3.03	0	14.4	NAN	
423.301	-3.03	0	14.4	NAN	
423.401	-3.03	0	14.4	NAN	
423.501	-3.03	0	14.4	NAN	
423.601	-3.03	0	14.4	NAN	
423.701	-3.03	0	14.4	NAN	
423.801	-3.03	0	14.4	NAN	
423.901	-3.03	0	14.4	NAN	
424.001	-3.03	0	14.4	NAN	
424.101	-3.03	0	14.4	NAN	
424.201	-3.03	0	14.4	NAN	
424.301	-3.03	0	14.4	NAN	
424.401	-3.03	0	14.4	NAN	
424.501	-3.03	0	14.4	NAN	
424.601	-3.03	0	14.4	NAN	
424.701	-3.03	0	14.4	NAN	
424.801	-3.03	0	14.4	NAN	
424.901	-3.03	0	14.4	NAN	
425.001	-3.03	0	14.4	NAN	
425.101	-3.03	0	14.4	NAN	
425.201	-3.03	0	14.4	NAN	
425.301	-3.03	0	14.4	NAN	
425.401	-3.03	0	14.4	NAN	
425.501	-3.03	0	14.4	NAN	
425.601	-3.03	0	14.4	NAN	
425.701	-3.045	0	14.4	NAN	
425.801	-3.045	0	14.4	NAN	
425.901	-3.045	0	14.4	NAN	
426.001	-3.045	0	14.4	NAN	
426.101	-3.045	0	14.4	NAN	
426.201	-3.045	0	14.4	NAN	
426.301	-3.045	0	14.4	NAN	
426.401	-3.045	0	14.4	NAN	
426.501	-3.045	0	14.4	NAN	
426.601	-3.045	0	14.4	NAN	
426.701	-3.045	0	14.4	NAN	
426.801	-3.045	0	14.4	NAN	
426.901	-3.045	0	14.4	NAN	
427.001	-3.045	0	14.4	NAN	
427.101	-3.045	0	14.4	NAN	
427.201	-3.045	0	14.4	NAN	
427.301	-3.045	0	14.4	NAN	
427.401	-3.045	0	14.4	NAN	
427.501	-3.045	0	14.4	NAN	
427.601	-3.045	0	14.4	NAN	
427.701	-3.045	0	14.4	NAN	
427.801	-3.045	0	14.4	NAN	
427.901	-3.045	0	14.4	NAN	
428.001	-3.045	0	14.4	NAN	
428.101	-3.045	0	14.4	NAN	
428.201	-3.045	-0.0015	14.4	NAN	
428.301	-3.045	-0.0015	14.4	NAN	
428.401	-3.045	-0.0015	14.4	NAN	
428.501	-3.045	-0.0015	14.4	NAN	
428.601	-3.045	-0.0015	14.4	NAN	
428.701	-3.03	-0.0015	14.4	NAN	
428.801	-3.03	-0.0015	14.4	NAN	
428.901	-3.03	-0.0015	14.4	NAN	
429.001	-3.03	-0.0015	14.4	NAN	
429.101	-3.03	-0.0015	14.4	NAN	
429.201	-3.03	0	14.4	NAN	
429.301	-3.03	0	14.4	NAN	
429.401	-3.03	0	14.4	NAN	
429.501	-3.03	0	14.4	NAN	
429.601	-3.03	0	14.4	NAN	
429.701	-3.03	0	14.4	NAN	
429.801	-3.03	0	14.4	NAN	
429.901	-3.03	0	14.4	NAN	
430.001	-3.03	0	14.4	NAN	
430.101	-3.03	0	14.4	NAN	
430.201	-3.03	0	14.4	NAN	
430.301	-3.03	0	14.4	NAN	
430.401	-3.03	0	14.4	NAN	
430.501	-3.03	0	14.4	NAN	
430.601	-3.03	0	14.4	NAN	
430.701	-3.03	0	14.4	NAN	
430.801	-3.03	0	14.4	NAN	
430.901	-3.03	0	14.4	NAN	
431.001	-3.03	0	14.4	NAN	
431.101	-3.03	0	14.4	NAN	
431.201	-3.03	0	14.4	NAN	
431.301	-3.03	0	14.4	NAN	
431.401	-3.03	0	14.4	NAN	
431.501	-3.03	0	14.4	NAN	
431.601	-3.03	0	14.4	NAN	
431.701	-3.03	0	14.4	NAN	
431.801	-3.03	0	14.4	NAN	
431.901	-3.03	0	14.4	NAN	
432.001	-3.03	0	14.4	NAN	
432.101	-3.03	0	14.4	NAN	
432.201	-3.03	0	14.4	NAN	
432.301	-3.03	0	14.4	NAN	
432.401	-3.03	0	14.4	NAN	
432.501	-3.03	0	14.4	NAN	
432.601	-3.03	0	14.4	NAN	
432.701	-3.03	0	14.4	NAN	
432.801	-3.03	0	14.4	NAN	
432.901	-3.03	0	14.4	NAN	
433.001	-3.03	0	14.4	NAN	
433.101	-3.03	0	14.4	NAN	
433.201	-3.03	0	14.4	NAN	
433.301	-3.03	0	14.4	NAN	
433.401	-3.03	0	14.4	NAN	
433.501	-3.03	0	14.4	NAN	
433.601	-3.03	0	14.4	NAN	
433.701	-3.03	0	14.4	NAN	
433.801	-3.03	0	14.4	NAN	
433.901	-3.03	0	14.4	NAN	
434.001	-3.03	0	14.4	NAN	
434.101	-3.03	0	14.4	NAN	
434.201	-3.03	0	14.4	NAN	
434.301	-3.03	0	14.4	NAN	
434.401	-3.03	0	14.4	NAN	
434.501	-3.03	0	14.4	NAN	
434.601	-3.03	0	14.4	NAN	
434.701	-3.03	0	14.4	NAN	
434.801	-3.03	0	14.4	NAN	
434.901	-3.03	0	14.4	NAN	
435.001	-3.03	0	14.4	NAN	
435.101	-3.03	0	14.4	NAN	
435.201	-3.03	0	14.4	NAN	
435.301	-3.03	0	14.4	NAN	
435.401	-3.03	0	14.4	NAN	
435.501	-3.03	0	14.4	NAN	
435.601	-3.03	0	14.4	NAN	
435.701	-3.03	0	14.4	NAN	
435.801	-3.03	0	14.4	NAN	
435.901	-3.03	0	14.4	NAN	
436.001	-3.03	0	14.4	NAN	
436.101	-3.03	0	14.4	NAN	
436.201	-3.03	0	14.4	NAN	
436.301	-3.03	0	14.4	NAN	
436.401	-3.03	0	14.4	NAN	
436.501	-3.03	0	14.4	NAN	
436.601	-3.03	0	14.4	NAN	
436.701	-3.03	0	14.4	NAN	
436.801	-3.03	0	14.4	NAN	
436.901	-3.03	0	14.4	NAN	
437.001	-3.03	0	14.4	NAN	
437.101	-3.03	0	14.4	NAN	
437.201	-3.03	0	14.4	NAN	
437.301	-3.03	0	14.4	NAN	
437.401	-3.03	0	14.4	NAN	
437.501	-3.03	0	14.4	NAN	
437.601	-3.03	0	14.4	NAN	
437.701	-3.03	0	14.4	NAN	
437.801	-3.03	0	14.4	NAN	
437.901	-3.03	0	14.4	NAN	
438.001	-3.03	0	14.4	NAN	
438.101	-3.03	0	14.4	NAN	
438.201	-3.03	0	14.4	NAN	
438.301	-3.03	0	14.4	NAN	
438.401	-3.03	0	14.4	NAN	
438.501	-3.03	0	14.4	NAN	
438.601	-3.03	0	14.4	NAN	
438.701	-3.03	0	14.4	NAN	
438.801	-3.03	0	14.4	NAN	
438.901	-3.03	0	14.4	NAN	
439.001	-3.03	0	14.4	NAN	
439.101	-3.03	0	14.4	NAN	
439.201	-3.03	0	14.4	NAN	
439.301	-3.03	0	14.4	NAN	
439.401	-3.03	0	14.4	NAN	
439.501	-3.03	0	14.4	NAN	
439.601	-3.03	0	14.4	NAN	
439.701	-3.03	0	14.4	NAN	
439.801	-3.03	0	14.4	NAN	
439.901	-3.03	0	14.4	NAN	
440.001	-3.03	0	14.4	NAN	
440.101	-3.03	0	14.4	NAN	
440.201	-3.03	0	14.4	NAN	
440.301	-3.03	0	14.4	NAN	
440.401	-3.03	0	14.4	NAN	
440.501	-3.03	0	14.4	NAN	
440.601	-3.03	0	14.4	NAN	
440.701	-3.03	0	14.4	NAN	
440.801	-3.03	0	14.4	NAN	
440.901	-3.03	0	14.4	NAN	
441.001	-3.03	0	14.4	NAN	
441.101	-3.03	0	14.4	NAN	
441.201	-3.03	0	14.4	NAN	
441.301	-3.03	0	14.4	NAN	
441.401	-3.03	0	14.4	NAN	
441.501	-3.03	0	14.4	NAN	
441.601	-3.03	0	14.4	NAN	
441.701	-3.03	0	14.4	NAN	
441.801	-3.03	0	14.4	NAN	
441.901	-3.03	0	14.4	NAN	
442.001	-3.03	0	14.4	NAN	
442.101	-3.03	0	14.4	NAN	
442.201	-3.03	0	14.4	NAN	
442.301	-3.03	0	14.4	NAN	
442.401	-3.03	0	14.4	NAN	
442.501	-3.03	0	14.4	NAN	
442.601	-3.03	0	14.4	NAN	
442.701	-3.03	0	14.4	NAN	
442.801	-3.03	0	14.4	NAN	
442.901	-3.03	0	14.4	NAN	
443.001	-3.03	0	14.4	NAN	
443.101	-3.03	0	14.4	NAN	
443.201	-3.03	0	14.4	NAN	
443.305	-3.03	0	14.4	NAN	
443.401	-3.03	0	14.4	NAN	
443.501	-3.03	0	14.4	NAN	
443.601	-3.03	0	14.4	NAN	
443.701	-3.03	0	14.4	NAN	
443.801	-3.03	0	14.4	NAN	
443.901	-3.03	0	14.4	NAN	
444.001	-3.03	0	14.4	NAN	
444.101	-3.03	0	14.4	NAN	
444.201	-3.03	0	14.4	NAN	
444.301	-3.03	0	14.4	NAN	
444.401	-3.03	0	14.4	NAN	
444.501	-3.03	0	14.4	NAN	
444.601	-3.03	0	14.4	NAN	
444.701	-3.03	0	14.4	NAN	
444.801	-3.03	0	14.4	NAN	
444.901	-3.03	0	14.4	NAN	
445.001	-3.03	0	14.4	NAN	
445.101	-3.03	0	14.4	NAN	
445.201	-3.03	0	14.4	NAN	
445.301	-3.03	0	14.4	NAN	
445.401	-3.03	0	14.4	NAN	
445.501	-3.03	0	14.4	NAN	
445.601	-3.03	0	14.4	NAN	
445.701	-3.03	0	14.4	NAN	
445.801	-3.045	0	14.4	NAN	
445.901	-3.045	0	14.4	NAN	
446.001	-3.045	0	14.4	NAN	
446.101	-3.045	0	14.4	NAN	
446.201	-3.045	0	14.4	NAN	
446.301	-3.045	0	14.4	NAN	
446.401	-3.045	0	14.4	NAN	
446.501	-3.045	0	14.4	NAN	
446.601	-3.045	0	14.4	NAN	
446.701	-3.045	0	14.4	NAN	
446.801	-3.045	0	14.4	NAN	
446.901	-3.045	0	14.4	NAN	
447.001	-3.045	0	14.4	NAN	
447.101	-3.045	0	14.4	NAN	
447.201	-3.045	0	14.4	NAN	
447.301	-3.045	0	14.4	NAN	
447.401	-3.045	0	14.4	NAN	
447.501	-3.045	0	14.4	NAN	
447.601	-3.045	0	14.4	NAN	
447.701	-3.045	0	14.4	NAN	
447.801	-3.045	0	14.4	NAN	
447.901	-3.045	0	14.4	NAN	
448.001	-3.045	0	14.4	NAN	
448.101	-3.045	0	14.4	NAN	
448.201	-3.045	0	14.4	NAN	
448.301	-3.045	0	14.4	NAN	
448.401	-3.045	0	14.4	NAN	
448.501	-3.045	0	14.4	NAN	
448.601	-3.045	0	14.4	NAN	
448.701	-3.045	0	14.4	NAN	
448.801	-3.045	0	14.4	NAN	
448.901	-3.045	0	14.4	NAN	
449.001	-3.045	0	14.4	NAN	
449.101	-3.045	0	14.4	NAN	
449.201	-3.045	0	14.4	NAN	
449.301	-3.045	0	14.4	NAN	
449.401	-3.045	0	14.4	NAN	
449.501	-3.045	0	14.4	NAN	
449.601	-3.045	0	14.4	NAN	
449.701	-3.045	0	14.4	NAN	
449.801	-3.045	0	14.4	NAN	
449.901	-3.045	0	14.4	NAN	
450.001	-3.045	0	14.4	NAN	
450.101	-3.045	0	14.4	NAN	
450.201	-3.045	0	14.4	NAN	
450.301	-3.045	0	14.4	NAN	
450.401	-3.045	0	14.4	NAN	
450.501	-3.045	0	14.4	NAN	
450.601	-3.045	0	14.4	NAN	
450.701	-3.045	0	14.4	NAN	
450.801	-3.03	0	14.4	NAN	
450.901	-3.03	0	14.4	NAN	
451.001	-3.03	0	14.4	NAN	
451.101	-3.03	0	14.4	NAN	
451.201	-3.03	0	14.4	NAN	
451.301	-3.03	0	14.4	NAN	
451.401	-3.03	0	14.4	NAN	
451.501	-3.03	0	14.4	NAN	
451.601	-3.03	0	14.4	NAN	
451.701	-3.03	0	14.4	NAN	
451.801	-3.03	0	14.4	NAN	
451.901	-3.03	0	14.4	NAN	
452.001	-3.03	0	14.4	NAN	
452.101	-3.03	0	14.4	NAN	
452.201	-3.03	0	14.4	NAN	
452.301	-3.03	0	14.4	NAN	
452.401	-3.03	0	14.4	NAN	
452.501	-3.03	0	14.4	NAN	
452.601	-3.03	0	14.4	NAN	
452.701	-3.03	0	14.4	NAN	
452.801	-3.03	0	14.4	NAN	
452.901	-3.03	0	14.4	NAN	
453.001	-3.03	0	14.4	NAN	
453.101	-3.03	0	14.4	NAN	
453.201	-3.03	0	14.4	NAN	
453.301	-3.03	0	14.4	NAN	
453.401	-3.03	0	14.4	NAN	
453.501	-3.03	0	14.4	NAN	
453.601	-3.03	0	14.4	NAN	
453.702	-3.03	0	14.4	NAN	
453.801	-3.03	0	14.4	NAN	
453.901	-3.03	0	14.4	NAN	
454.001	-3.03	0	14.4	NAN	
454.101	-3.03	0	14.4	NAN	
454.201	-3.03	0	14.4	NAN	
454.301	-3.03	0	14.4	NAN	
454.401	-3.03	0	14.4	NAN	
454.501	-3.03	0	14.4	NAN	
454.601	-3.03	0	14.4	NAN	
454.701	-3.03	0	14.4	NAN	
454.801	-3.03	0	14.4	NAN	
454.901	-3.03	0	14.4	NAN	
455.001	-3.03	0	14.4	NAN	
455.101	-3.03	0	14.4	NAN	
455.201	-3.03	0	14.4	NAN	
455.301	-3.03	0	14.4	NAN	
455.401	-3.03	0	14.4	NAN	
455.501	-3.03	0	14.4	NAN	
455.601	-3.03	0	14.4	NAN	
455.701	-3.03	0	14.4	NAN	
455.801	-3.03	0	14.4	NAN	
455.901	-3.03	0	14.4	NAN	
456.001	-3.03	0	14.4	NAN	
456.101	-3.03	0	14.4	NAN	
456.201	-3.03	0	14.4	NAN	
456.301	-3.03	0	14.4	NAN	
456.401	-3.03	0	14.4	NAN	
456.501	-3.03	0	14.4	NAN	
456.601	-3.03	0	14.4	NAN	
456.701	-3.03	0	14.4	NAN	
456.801	-3.03	0	14.4	NAN	
456.901	-3.03	0	14.4	NAN	
457.001	-3.03	0	14.4	NAN	
457.101	-3.03	0	14.4	NAN	
457.201	-3.03	0	14.4	NAN	
457.301	-3.03	0	14.4	NAN	
457.401	-3.03	0	14.4	NAN	
457.501	-3.03	0	14.4	NAN	
457.601	-3.03	0	14.4	NAN	
457.701	-3.03	0	14.4	NAN	
457.801	-3.03	0	14.4	NAN	
457.901	-3.03	0	14.4	NAN	
458.001	-3.03	0	14.4	NAN	
458.101	-3.03	0	14.4	NAN	
458.201	-3.03	0	14.4	NAN	
458.301	-3.03	0	14.4	NAN	
458.401	-3.03	0	14.4	NAN	
458.501	-3.03	0	14.4	NAN	
458.601	-3.03	0	14.4	NAN	
458.701	-3.03	0	14.4	NAN	
458.801	-3.03	0	14.4	NAN	
458.901	-3.03	0	14.4	NAN	
459.001	-3.03	0	14.4	NAN	
459.101	-3.03	0	14.4	NAN	
459.201	-3.03	0	14.4	NAN	
459.301	-3.03	0	14.4	NAN	
459.401	-3.03	0	14.4	NAN	
459.501	-3.03	0	14.4	NAN	
459.601	-3.03	0	14.4	NAN	
459.701	-3.03	0	14.4	NAN	
459.801	-3.045	0	14.4	NAN	
459.901	-3.045	0	14.4	NAN	
460.001	-3.045	0	14.4	NAN	
460.101	-3.045	0	14.4	NAN	
460.201	-3.045	0	14.4	NAN	
460.301	-3.045	0	14.4	NAN	
460.401	-3.045	0	14.4	NAN	
460.501	-3.045	0	14.4	NAN	
460.601	-3.045	0	14.4	NAN	
460.701	-3.045	0	14.4	NAN	
460.801	-3.045	0	14.4	NAN	
460.901	-3.045	0	14.4	NAN	
461.001	-3.045	0	14.4	NAN	
461.101	-3.045	0	14.4	NAN	
461.201	-3.045	0	14.4	NAN	
461.301	-3.045	0	14.4	NAN	
461.401	-3.045	0	14.4	NAN	
461.501	-3.045	0	14.4	NAN	
461.601	-3.045	0	14.4	NAN	
461.701	-3.045	0	14.4	NAN	
461.801	-3.045	0	14.4	NAN	
461.901	-3.045	0	14.4	NAN	
462.001	-3.045	0	14.4	NAN	
462.101	-3.045	0	14.4	NAN	
462.201	-3.045	0	14.4	NAN	
462.301	-3.045	0	14.4	NAN	
462.401	-3.045	0	14.4	NAN	
462.501	-3.045	0	14.4	NAN	
462.601	-3.045	0	14.4	NAN	
462.701	-3.045	0	14.4	NAN	
462.801	-3.045	0	14.4	NAN	
462.901	-3.045	0	14.4	NAN	
463.001	-3.045	0	14.4	NAN	
463.101	-3.045	0	14.4	NAN	
463.201	-3.045	0	14.4	NAN	
463.301	-3.045	0	14.4	NAN	
463.401	-3.045	0	14.4	NAN	
463.501	-3.045	0	14.4	NAN	
463.601	-3.045	0	14.4	NAN	
463.701	-3.045	0	14.4	NAN	
463.801	-3.045	0	14.4	NAN	
463.901	-3.045	0	14.4	NAN	
464.001	-3.045	0	14.4	NAN	
464.101	-3.045	0	14.4	NAN	
464.201	-3.045	0	14.4	NAN	
464.301	-3.045	0	14.4	NAN	
464.401	-3.045	0	14.4	NAN	
464.501	-3.045	0	14.4	NAN	
464.601	-3.045	0	14.4	NAN	
464.701	-3.045	0	14.4	NAN	
464.801	-3.06	0	14.4	NAN	
464.901	-3.06	0	14.4	NAN	
465.001	-3.06	0	14.4	NAN	
465.101	-3.06	0	14.4	NAN	
465.201	-3.06	0	14.4	NAN	
465.301	-3.06	0	14.4	NAN	
465.401	-3.06	0	14.4	NAN	
465.501	-3.06	0	14.4	NAN	
465.601	-3.06	0	14.4	NAN	
465.701	-3.06	0	14.4	NAN	
465.801	-3.06	0	14.4	NAN	
465.901	-3.06	0	14.4	NAN	
466.001	-3.06	0	14.4	NAN	
466.101	-3.06	0	14.4	NAN	
466.201	-3.06	0	14.4	NAN	
466.301	-3.06	0	14.4	NAN	
466.401	-3.06	0	14.4	NAN	
466.501	-3.06	0	14.4	NAN	
466.601	-3.06	0	14.4	NAN	
466.701	-3.06	0	14.4	NAN	
466.801	-3.06	0	14.4	NAN	
466.901	-3.06	0	14.4	NAN	
467.001	-3.06	0	14.4	NAN	
467.101	-3.06	0	14.4	NAN	
467.201	-3.06	0	14.4	NAN	
467.301	-3.06	0	14.4	NAN	
467.401	-3.06	0	14.4	NAN	
467.501	-3.06	0	14.4	NAN	
467.601	-3.06	0	14.4	NAN	
467.701	-3.06	0	14.4	NAN	
467.801	-3.06	0	14.4	NAN	
467.901	-3.06	0	14.4	NAN	
468.001	-3.06	0	14.4	NAN	
468.101	-3.06	0	14.4	NAN	
468.201	-3.06	0	14.4	NAN	
468.301	-3.06	0	14.4	NAN	
468.401	-3.06	0	14.4	NAN	
468.501	-3.06	0	14.4	NAN	
468.601	-3.06	0	14.4	NAN	
468.701	-3.06	0	14.4	NAN	
468.801	-3.045	0	14.4	NAN	
468.901	-3.045	0	14.4	NAN	
469.001	-3.045	0	14.4	NAN	
469.101	-3.045	0	14.4	NAN	
469.201	-3.045	0	14.4	NAN	
469.301	-3.045	0	14.4	NAN	
469.401	-3.045	0	14.4	NAN	
469.501	-3.045	0	14.4	NAN	
469.601	-3.045	0	14.4	NAN	
469.701	-3.045	0	14.4	NAN	
469.801	-3.045	0	14.4	NAN	
469.901	-3.045	0	14.4	NAN	
470.001	-3.045	0	14.4	NAN	
470.101	-3.045	0	14.4	NAN	
470.201	-3.045	0	14.4	NAN	
470.301	-3.045	0	14.4	NAN	
470.401	-3.045	0	14.4	NAN	
470.501	-3.045	0	14.4	NAN	
470.601	-3.045	0	14.4	NAN	
470.701	-3.045	0	14.4	NAN	
470.801	-3.045	0	14.4	NAN	
470.901	-3.045	0	14.4	NAN	
471.001	-3.045	0	14.4	NAN	
471.101	-3.045	0	14.4	NAN	
471.201	-3.045	0	14.4	NAN	
471.301	-3.045	0	14.4	NAN	
471.401	-3.045	0	14.4	NAN	
471.501	-3.045	0	14.4	NAN	
471.601	-3.045	0	14.4	NAN	
471.701	-3.045	0	14.4	NAN	
471.801	-3.045	0	14.4	NAN	
471.901	-3.045	0	14.4	NAN	
472.001	-3.045	0	14.4	NAN	
472.101	-3.045	0	14.4	NAN	
472.201	-3.045	0	14.4	NAN	
472.301	-3.045	0	14.4	NAN	
472.401	-3.045	0	14.4	NAN	
472.501	-3.045	0	14.4	NAN	
472.601	-3.045	0	14.4	NAN	
472.701	-3.045	0	14.4	NAN	
472.801	-3.06	0	14.4	NAN	
472.901	-3.06	0	14.4	NAN	
473.001	-3.06	0	14.4	NAN	
473.101	-3.06	0	14.4	NAN	
473.201	-3.06	0	14.4	NAN	
473.301	-3.06	0	14.4	NAN	
473.401	-3.06	0	14.4	NAN	
473.501	-3.06	0	14.4	NAN	
473.601	-3.06	0	14.4	NAN	
473.701	-3.06	0	14.4	NAN	
473.801	-3.06	0	14.4	NAN	
473.901	-3.06	0	14.4	NAN	
474.001	-3.06	0	14.4	NAN	
474.101	-3.06	0	14.4	NAN	
474.201	-3.06	0	14.4	NAN	
474.301	-3.06	0	14.4	NAN	
474.401	-3.06	0	14.4	NAN	
474.501	-3.06	0	14.4	NAN	
474.601	-3.06	0	14.4	NAN	
474.701	-3.06	0	14.4	NAN	
474.801	-3.045	0	14.4	NAN	
474.901	-3.045	0	14.4	NAN	
475.001	-3.045	0	14.4	NAN	
475.101	-3.045	0	14.4	NAN	
475.201	-3.045	0	14.4	NAN	
475.301	-3.045	0	14.4	NAN	
475.401	-3.045	0	14.4	NAN	
475.501	-3.045	0	14.4	NAN	
475.601	-3.045	0	14.4	NAN	
475.701	-3.045	0	14.4	NAN	
475.801	-3.045	0	14.4	NAN	
475.901	-3.045	0	14.4	NAN	
476.001	-3.045	0	14.4	NAN	
476.101	-3.045	0	14.4	NAN	
476.201	-3.045	0	14.4	NAN	
476.301	-3.045	0	14.4	NAN	
476.401	-3.045	0	14.4	NAN	
476.501	-3.045	0	14.4	NAN	
476.601	-3.045	0	14.4	NAN	
476.701	-3.045	0	14.4	NAN	
476.801	-3.045	0	14.4	NAN	
476.901	-3.045	0	14.4	NAN	
477.001	-3.045	0	14.4	NAN	
477.101	-3.045	0	14.4	NAN	
477.201	-3.045	0	14.4	NAN	
477.301	-3.045	0	14.4	NAN	
477.401	-3.045	0	14.4	NAN	
477.501	-3.045	0	14.4	NAN	
477.601	-3.045	0	14.4	NAN	
477.701	-3.045	0	14.4	NAN	
477.801	-3.045	0	14.4	NAN	
477.901	-3.045	0	14.4	NAN	
478.001	-3.045	0	14.4	NAN	
478.101	-3.045	0	14.4	NAN	
478.201	-3.045	0	14.4	NAN	
478.301	-3.045	0	14.4	NAN	
478.401	-3.045	0	14.4	NAN	
478.501	-3.045	0	14.4	NAN	
478.601	-3.045	0	14.4	NAN	
478.701	-3.045	0	14.4	NAN	
478.801	-3.045	0	14.4	NAN	
478.901	-3.045	0	14.4	NAN	
479.001	-3.045	0	14.4	NAN	
479.101	-3.045	0	14.4	NAN	
479.201	-3.045	0	14.4	NAN	
479.301	-3.045	0	14.4	NAN	
479.401	-3.045	0	14.4	NAN	
479.501	-3.045	0	14.4	NAN	
479.847	-3.045	0	14.4	NAN	
479.875	-3.045	0	14.4	NAN	
479.894	-3.045	0	14.4	NAN	
479.915	-3.045	0	14.4	NAN	
480.001	-3.045	0	14.4	NAN	
480.101	-3.045	0	14.4	NAN	
480.201	-3.045	0	14.4	NAN	
480.301	-3.045	0	14.4	NAN	
480.401	-3.045	0	14.4	NAN	
480.501	-3.045	0	14.4	NAN	
480.601	-3.045	0	14.4	NAN	
480.701	-3.045	0	14.4	NAN	
480.801	-3.045	0	14.4	NAN	
480.901	-3.045	0	14.4	NAN	
481.001	-3.045	0	14.4	NAN	
481.101	-3.045	0	14.4	NAN	
481.201	-3.045	0	14.4	NAN	
481.301	-3.045	0	14.4	NAN	
481.401	-3.045	0	14.4	NAN	
481.501	-3.045	0	14.4	NAN	
481.601	-3.045	0	14.4	NAN	
481.701	-3.045	0	14.4	NAN	
481.801	-3.045	0	14.4	NAN	
481.901	-3.045	0	14.4	NAN	
482.001	-3.045	0	14.4	NAN	
482.101	-3.045	0	14.4	NAN	
482.201	-3.045	0	14.4	NAN	
482.301	-3.045	0	14.4	NAN	
482.401	-3.045	0	14.4	NAN	
482.501	-3.045	0	14.4	NAN	
482.601	-3.045	0	14.4	NAN	
482.701	-3.045	0	14.4	NAN	
482.801	-3.045	0	14.4	NAN	
482.901	-3.045	0	14.4	NAN	
483.001	-3.045	0	14.4	NAN	
483.101	-3.045	0	14.4	NAN	
483.201	-3.045	0	14.4	NAN	
483.301	-3.045	0	14.4	NAN	
