#INFO
#COMMENT: 

#DATA:
0.5477745	0.00315402	
0.5477956	0.00315326236	
0.5477956	0.00315658364	
0.5477745	0.00315719188	
0.5477745	0.00315505772	
0.5477745	0.00315624483	
0.5477956	0.00315463889	
0.5477745	0.00313975586	
0.5478168	0.00314936219	
0.5478168	0.00315091748	
0.5478273	0.00314709734	
0.5478379	0.00314148184	
0.5478802	0.00311823026	
0.5478379	0.00308075455	
0.5478591	0.00308453468	
0.5478802	0.00306450564	
0.5479437	0.00305168741	
0.547986	0.00303459019	
0.548113	0.00301402229	
0.5481659	0.00299110952	
0.5482822	0.00297248637	
0.5484092	0.00294725002	
0.550525	0.00292477737	
0.5522493	0.0029049271	
0.5529898	0.00289907153	
0.5535294	0.00288985466	
0.5540795	0.00287108212	
0.5547459	0.00285697803	
0.5557298	0.00283838425	
0.5568194	0.00282893796	
0.5584803	0.00281294784	
0.5598449	0.00277831586	
0.5616434	0.00277789703	
0.5634841	0.00274508977	
0.5660547	0.00272186755	
0.5682657	0.00270007252	
0.5702228	0.00266046264	
0.5717462	0.00262209861	
0.5737562	0.00259201505	
0.5750151	0.00257376008	
0.5758719	0.00255350162	
0.5768664	0.00254279884	
0.5780512	0.00253002062	
0.5791091	0.0025222603	
0.5801458	0.00251752247	
0.5811402	0.00251193634	
0.5823462	0.00250756668	
0.5837849	0.00251342225	
0.5849063	0.00252244971	
0.5864402	0.00252191084	
0.5877097	0.00252207089	
0.588757	0.00252524278	
0.5898889	0.00252176145	
0.5915604	0.00251736243	
0.5932107	0.0025130728	
0.5949668	0.0025129234	
0.5965325	0.0025206437	
0.5980982	0.00251797067	
0.599685	0.00251273399	
0.6016527	0.00250707848	
0.6035674	0.00251078923	
0.6055139	0.00250172176	
0.6065084	0.0025047336	
0.6075874	0.00250764671	
0.6086453	0.00251419054	
0.6102744	0.00251992607	
0.6117132	0.00252799583	
0.6128768	0.00253606559	
0.6145483	0.00254191052	
0.6160505	0.002549252	
0.6176796	0.00255166625	
0.6195627	0.00255418988	
0.6203984	0.00255384043	
0.6219429	0.00255510757	
0.6230855	0.00255973601	
0.6243126	0.00256119256	
0.6260475	0.00256921166	
0.627719	0.00258508175	
0.6293061	0.00260768508	
0.6309353	0.00262416341	
0.6334636	0.0026376699	
0.6349552	0.0026540282	
0.636394	0.00266822296	
0.6376317	0.00267815745	
0.6391127	0.0026902074	
0.6411439	0.00270348448	
0.6431327	0.00271417661	
0.6444868	0.00271827683	
0.6459044	0.00273054555	
0.6473431	0.00274236608	
0.648803	0.00274978759	
0.650009	0.00275624075	
0.6514689	0.00274966755	
0.653098	0.00275273005	
0.6542405	0.00275900445	
0.6553936	0.00276745303	
0.6566631	0.00277533338	
0.6586942	0.00277654986	
0.660133	0.00278795156	
0.6622064	0.0027906646	
0.6638673	0.00279884375	
0.6653166	0.002805617	
0.6660783	0.00280511815	
0.6673266	0.00281746689	
0.6687865	0.00281227023	
0.6698444	0.00281903283	
0.6713043	0.00282221537	
0.6726055	0.00283214986	
0.6735152	0.00284106793	
0.6742029	0.00283727716	
0.6752079	0.002846414	
0.67616	0.00285395554	
0.6772813	0.00286500778	
0.6796087	0.00287509167	
0.6814494	0.002884658	
0.6825496	0.0028877205	
0.6834171	0.00289085237	
0.6842634	0.00288985466	
0.6850885	0.00289938098	
0.686231	0.00289949036	
0.6875005	0.00290832841	
0.6889816	0.00290772017	
0.6902722	0.00291387453	
0.6918696	0.00291272743	
0.6933083	0.00292415849	
0.6949163	0.00293299653	
0.6961858	0.00293456247	
0.6982381	0.00295666695	
0.6997614	0.0029531456	
0.7014964	0.00296565439	
0.7026812	0.00296790859	
0.7035698	0.00298128441	
0.7047758	0.0029817539	
0.7061722	0.00299004243	
0.7074734	0.00299964877	
0.7087535	0.00300920444	
0.7098854	0.00301379287	
0.7110068	0.00302121438	
0.711578	0.00302657109	
0.7122762	0.00303441143	
0.713186	0.00303914926	
0.7144343	0.00305589702	
0.715873	0.00307119888	
0.7172695	0.00309451983	
0.7191102	0.00311180646	
0.7200834	0.00313080842	
0.721226	0.00315589538	
0.7223685	0.0031766927	
0.7234687	0.00320920116	
0.7250978	0.00324262731	
0.7266952	0.00327837703	
0.7285783	0.00331168315	
0.7306729	0.00334771295	
0.7323867	0.00338454041	
0.7338466	0.00341240978	
0.7355392	0.00344097807	
0.7365653	0.00346200481	
0.7374857	0.00348798009	
0.7386282	0.00350743025	
0.7400458	0.00353615858	
0.7416114	0.00357255656	
0.7438753	0.00361872091	
0.7455785	0.00365236583	
0.7470596	0.00368208123	
0.7478001	0.00370823526	
0.7494715	0.00374104252	
0.7507622	0.00376257877	
0.7513334	0.00379090699	
0.7520211	0.00382158008	
0.7531742	0.00386036294	
0.7543378	0.00388812292	
0.7548879	0.00391591228	
0.7558612	0.00393824617	
0.7565171	0.00396184721	
0.7571518	0.00398130802	
0.7583155	0.00400852914	
0.7593945	0.00403258902	
0.7605582	0.0040611173	
0.7618488	0.0040932763	
0.7632135	0.00412620359	
0.7641868	0.0041511305	
0.7650754	0.00417961876	
0.7659746	0.00419461118	
0.7666622	0.00420261156	
0.7673393	0.00421786276	
0.768249	0.00424983236	
0.7689684	0.00426937319	
0.7698359	0.00429675435	
0.770259	0.00430894305	
0.7705552	0.00431408099	
0.7705341	0.00430711833	
0.7709572	0.00431151734	
0.7718353	0.00433139698	
0.7726499	0.00434818475	
0.773073	0.0043682538	
0.7739405	0.00438562045	
0.774406	0.00439655265	
0.7748926	0.00442065255	
0.775485	0.00443827798	
0.7760351	0.00446347432	
0.7769978	0.00448718475	
0.7776008	0.00450282541	
0.7783942	0.00452856062	
0.7788173	0.00454822149	
0.7792934	0.00455146275	
0.7803619	0.00455621122	
0.7811764	0.0045003818	
0.7824459	0.00438194971	
0.7827104	0.00432317782	
0.7830277	0.00419545949	
0.7837471	0.00396750272	
0.784001	0.00375401015	
0.7843501	0.00365405181	
0.7846886	0.00361611725	
0.7847098	0.00362349875	
0.7847838	0.00362070568	
0.7847415	0.00361909973	
0.7847627	0.00362120454	
0.7847415	0.00362043625	
0.7847204	0.00361997741	
0.7847204	0.00364815623	
0.784678	0.00367932817	
