# Spalte1: Wellenlänge [nm]
# Spalte2: Intensität
417	0.000000
418	0.000000
419	0.000000
420	0.000378
421	0.001339
422	0.001463
423	0.001220
424	0.000920
425	0.000675
426	0.000518
427	0.000421
428	0.000341
429	0.000255
430	0.000158
431	0.000059
432	0.000000
433	0.000000
434	0.000000
435	0.000000
436	0.000000
437	0.000000
438	0.000026
439	0.000061
440	0.000081
441	0.000088
442	0.000083
443	0.000071
444	0.000057
445	0.000042
446	0.000030
447	0.000021
448	0.000015
449	0.000011
450	0.000010
451	0.000010
452	0.000011
453	0.000012
454	0.000014
455	0.000016
456	0.000018
457	0.000019
458	0.000019
459	0.000018
460	0.000014
461	0.000008
462	0.000001
463	0.000000
464	0.000000
465	0.000000
466	0.000000
467	0.000000
468	0.000000
469	0.000000
470	0.000005
471	0.000037
472	0.000077
473	0.000123
474	0.000169
475	0.000211
476	0.000243
477	0.000260
478	0.000259
479	0.000238
480	0.000198
481	0.000142
482	0.000075
483	0.000007
484	0.000000
485	0.000000
486	0.000000
487	0.000000
488	0.000000
489	0.000000
490	0.000000
491	0.000000
492	0.000000
493	0.000000
494	0.000000
495	0.000000
496	0.000000
497	0.000000
498	0.000000
499	0.000000
500	0.000000
501	0.000000
502	0.000000
503	0.000130
504	0.000288
505	0.000435
506	0.000552
507	0.000622
508	0.000629
509	0.000563
510	0.000430
511	0.000234
512	0.000011
513	0.000000
514	0.000000
515	0.000000
516	0.000000
517	0.000000
518	0.000000
519	0.000000
520	0.000000
521	0.000000
522	0.000000
523	0.000000
524	0.000040
525	0.000088
526	0.000089
527	0.000059
528	0.000016
529	0.000000
530	0.000000
531	0.000000
532	0.000000
533	0.000000
534	0.000000
535	0.000000
536	0.000001
537	0.000011
538	0.000018
539	0.000023
540	0.000029
541	0.000033
542	0.000038
543	0.000040
544	0.000041
545	0.000040
546	0.000038
547	0.000034
548	0.000031
549	0.000029
550	0.000028
551	0.000030
552	0.000033
553	0.000037
554	0.000038
555	0.000038
556	0.000036
557	0.000033
558	0.000032
559	0.000034
560	0.000041
561	0.000051
562	0.000061
563	0.000069
564	0.000067
565	0.000055
566	0.000032
567	0.000003
568	0.000000
569	0.000000
570	0.000000
571	0.000000
572	0.000000
573	0.000000
574	0.000030
575	0.000066
576	0.000093
577	0.000104
578	0.000098
579	0.000075
580	0.000042
581	0.000006
582	0.000000
583	0.000000
584	0.000000
585	0.000001
586	0.000046
587	0.000096
588	0.000135
589	0.000147
590	0.000119
591	0.000050
592	0.000000
593	0.000000
594	0.000000
595	0.000000
596	0.000000
597	0.000000
598	0.000000
599	0.000000
600	0.000000
601	0.000026
602	0.000028
603	0.000002
604	0.000000
605	0.000000
606	0.000000
607	0.000000
608	0.000000
609	0.000000
610	0.000000
611	0.000045
612	0.000095
613	0.000135
614	0.000161
615	0.000171
616	0.000162
617	0.000137
618	0.000107
619	0.000088
620	0.000096
621	0.000145
622	0.000240
623	0.000366
624	0.000497
625	0.000598
626	0.000638
627	0.000600
628	0.000490
629	0.000325
630	0.000148
631	0.000006
632	0.000000
633	0.000000
634	0.000000
635	0.000006
636	0.000096
637	0.000163
638	0.000194
639	0.000193
640	0.000179
641	0.000182
642	0.000221
643	0.000286
644	0.000333
645	0.000295
646	0.000116
647	0.000000
648	0.000000
649	0.000000
650	0.000000
651	0.000000
652	0.000000
653	0.000001
654	0.000586
655	0.001205
656	0.001550
657	0.001580
658	0.001354
659	0.001025
660	0.000717
661	0.000515
662	0.000433
663	0.000416
664	0.000403
665	0.000349
666	0.000263
667	0.000180
668	0.000123
669	0.000076
670	0.000000
