# Spalte1: Wellenlänge [nm]
# Spalte2: Intensität
417	0.000000
418	0.000216
419	0.005870
420	0.008977
421	0.009837
422	0.008939
423	0.007072
424	0.004954
425	0.002983
426	0.001478
427	0.000507
428	0.000027
429	0.000000
430	0.000000
431	0.000103
432	0.000257
433	0.000355
434	0.000373
435	0.000319
436	0.000212
437	0.000083
438	0.000000
439	0.000000
440	0.000000
441	0.000000
442	0.000000
443	0.000000
444	0.000000
445	0.000000
446	0.000042
447	0.000080
448	0.000101
449	0.000106
450	0.000098
451	0.000082
452	0.000061
453	0.000039
454	0.000020
455	0.000007
456	0.000000
457	0.000000
458	0.000002
459	0.000009
460	0.000019
461	0.000029
462	0.000038
463	0.000045
464	0.000050
465	0.000052
466	0.000052
467	0.000049
468	0.000046
469	0.000043
470	0.000042
471	0.000045
472	0.000053
473	0.000069
474	0.000090
475	0.000117
476	0.000147
477	0.000177
478	0.000203
479	0.000224
480	0.000238
481	0.000241
482	0.000235
483	0.000219
484	0.000199
485	0.000181
486	0.000173
487	0.000183
488	0.000213
489	0.000261
490	0.000318
491	0.000369
492	0.000400
493	0.000400
494	0.000366
495	0.000301
496	0.000219
497	0.000137
498	0.000068
499	0.000022
500	0.000001
501	0.000001
502	0.000013
503	0.000027
504	0.000039
505	0.000047
506	0.000053
507	0.000061
508	0.000075
509	0.000095
510	0.000119
511	0.000142
512	0.000158
513	0.000163
514	0.000154
515	0.000130
516	0.000093
517	0.000046
518	0.000001
519	0.000000
520	0.000000
521	0.000000
522	0.000000
523	0.000031
524	0.000123
525	0.000225
526	0.000318
527	0.000382
528	0.000405
529	0.000386
530	0.000332
531	0.000258
532	0.000181
533	0.000116
534	0.000075
535	0.000059
536	0.000064
537	0.000083
538	0.000105
539	0.000124
540	0.000134
541	0.000134
542	0.000124
543	0.000107
544	0.000085
545	0.000060
546	0.000036
547	0.000015
548	0.000000
549	0.000000
550	0.000000
551	0.000002
552	0.000021
553	0.000046
554	0.000073
555	0.000097
556	0.000115
557	0.000121
558	0.000117
559	0.000100
560	0.000075
561	0.000048
562	0.000023
563	0.000008
564	0.000006
565	0.000019
566	0.000044
567	0.000074
568	0.000100
569	0.000116
570	0.000117
571	0.000103
572	0.000071
573	0.000026
574	0.000000
575	0.000000
576	0.000000
577	0.000000
578	0.000000
579	0.000000
580	0.000000
581	0.000009
582	0.000079
583	0.000139
584	0.000180
585	0.000193
586	0.000178
587	0.000141
588	0.000094
589	0.000049
590	0.000016
591	0.000004
592	0.000012
593	0.000036
594	0.000068
595	0.000097
596	0.000115
597	0.000117
598	0.000103
599	0.000076
600	0.000045
601	0.000018
602	0.000003
603	0.000005
604	0.000024
605	0.000060
606	0.000108
607	0.000160
608	0.000208
609	0.000241
610	0.000253
611	0.000241
612	0.000206
613	0.000157
614	0.000108
615	0.000073
616	0.000068
617	0.000099
618	0.000165
619	0.000252
620	0.000334
621	0.000384
622	0.000380
623	0.000313
624	0.000194
625	0.000055
626	0.000000
627	0.000000
628	0.000000
629	0.000000
630	0.000017
631	0.000115
632	0.000191
633	0.000229
634	0.000231
635	0.000216
636	0.000209
637	0.000230
638	0.000289
639	0.000378
640	0.000470
641	0.000531
642	0.000531
643	0.000455
644	0.000312
645	0.000144
646	0.000008
647	0.000000
648	0.000036
649	0.000221
650	0.000467
651	0.000699
652	0.000843
653	0.000861
654	0.000756
655	0.000563
656	0.000347
657	0.000163
658	0.000050
659	0.000030
660	0.000104
661	0.000247
662	0.000423
663	0.000590
664	0.000740
665	0.000887
666	0.001091
667	0.001399
668	0.001766
669	0.002164
670	0.002494
