# Spalte1: Wellenlänge [nm]
# Spalte2: Intensität
417	0.034911
418	0.034077
419	0.034093
420	0.032854
421	0.031906
422	0.030722
423	0.029438
424	0.028243
425	0.026705
426	0.025192
427	0.023776
428	0.022346
429	0.021006
430	0.019770
431	0.018477
432	0.017237
433	0.016037
434	0.014784
435	0.013499
436	0.012251
437	0.011059
438	0.009917
439	0.008830
440	0.007830
441	0.006946
442	0.006155
443	0.005466
444	0.004885
445	0.004384
446	0.003951
447	0.003581
448	0.003262
449	0.002981
450	0.002736
451	0.002520
452	0.002325
453	0.002152
454	0.001997
455	0.001864
456	0.001746
457	0.001639
458	0.001545
459	0.001458
460	0.001377
461	0.001299
462	0.001219
463	0.001136
464	0.001048
465	0.000954
466	0.000857
467	0.000761
468	0.000666
469	0.000574
470	0.000490
471	0.000413
472	0.000347
473	0.000294
474	0.000255
475	0.000230
476	0.000219
477	0.000218
478	0.000222
479	0.000227
480	0.000226
481	0.000217
482	0.000199
483	0.000173
484	0.000144
485	0.000118
486	0.000103
487	0.000106
488	0.000131
489	0.000176
490	0.000231
491	0.000278
492	0.000297
493	0.000265
494	0.000171
495	0.000017
496	0.000000
497	0.000000
498	0.000000
499	0.000000
500	0.000000
501	0.000000
502	0.000000
503	0.000000
504	0.000048
505	0.000226
506	0.000349
507	0.000412
508	0.000420
509	0.000388
510	0.000337
511	0.000282
512	0.000233
513	0.000195
514	0.000168
515	0.000150
516	0.000136
517	0.000124
518	0.000110
519	0.000089
520	0.000061
521	0.000022
522	0.000000
523	0.000000
524	0.000000
525	0.000000
526	0.000000
527	0.000000
528	0.000000
529	0.000047
530	0.000171
531	0.000295
532	0.000396
533	0.000456
534	0.000466
535	0.000426
536	0.000348
537	0.000251
538	0.000157
539	0.000083
540	0.000040
541	0.000030
542	0.000049
543	0.000087
544	0.000135
545	0.000180
546	0.000215
547	0.000229
548	0.000216
549	0.000171
550	0.000093
551	0.000000
552	0.000000
553	0.000000
554	0.000000
555	0.000000
556	0.000000
557	0.000133
558	0.000374
559	0.000583
560	0.000685
561	0.000620
562	0.000354
563	0.000000
564	0.000000
565	0.000000
566	0.000000
567	0.000000
568	0.000000
569	0.000000
570	0.000000
571	0.000000
572	0.000160
573	0.000341
574	0.000371
575	0.000287
576	0.000142
577	0.000007
578	0.000000
579	0.000000
580	0.000000
581	0.000000
582	0.000000
583	0.000000
584	0.000027
585	0.000055
586	0.000066
587	0.000064
588	0.000057
589	0.000049
590	0.000045
591	0.000047
592	0.000054
593	0.000066
594	0.000081
595	0.000097
596	0.000111
597	0.000118
598	0.000117
599	0.000106
600	0.000085
601	0.000060
602	0.000034
603	0.000016
604	0.000009
605	0.000017
606	0.000038
607	0.000067
608	0.000095
609	0.000112
610	0.000111
611	0.000088
612	0.000047
613	0.000003
614	0.000000
615	0.000000
616	0.000003
617	0.000072
618	0.000175
619	0.000279
620	0.000360
621	0.000398
622	0.000385
623	0.000331
624	0.000254
625	0.000178
626	0.000123
627	0.000099
628	0.000103
629	0.000128
630	0.000161
631	0.000192
632	0.000215
633	0.000225
634	0.000222
635	0.000207
636	0.000183
637	0.000157
638	0.000137
639	0.000133
640	0.000152
641	0.000207
642	0.000305
643	0.000453
644	0.000639
645	0.000832
646	0.000989
647	0.001039
648	0.000944
649	0.000685
650	0.000327
651	0.000006
652	0.000000
653	0.000000
654	0.000290
655	0.000973
656	0.001749
657	0.002412
658	0.002762
659	0.002774
660	0.002497
661	0.002099
662	0.001790
663	0.001647
664	0.001692
665	0.001796
666	0.001837
667	0.001702
668	0.001294
669	0.000709
670	0.000077
