# Spalte1: Wellenlänge [nm]
# Spalte2: Intensität
417	0.021525
418	0.017364
419	0.014326
420	0.011476
421	0.009430
422	0.007895
423	0.006798
424	0.006050
425	0.005439
426	0.004956
427	0.004550
428	0.004162
429	0.003796
430	0.003454
431	0.003114
432	0.002807
433	0.002536
434	0.002288
435	0.002064
436	0.001870
437	0.001700
438	0.001546
439	0.001401
440	0.001268
441	0.001148
442	0.001039
443	0.000945
444	0.000869
445	0.000807
446	0.000760
447	0.000728
448	0.000707
449	0.000695
450	0.000691
451	0.000692
452	0.000695
453	0.000701
454	0.000708
455	0.000718
456	0.000731
457	0.000748
458	0.000771
459	0.000802
460	0.000840
461	0.000888
462	0.000940
463	0.000998
464	0.001058
465	0.001119
466	0.001184
467	0.001257
468	0.001342
469	0.001444
470	0.001573
471	0.001729
472	0.001917
473	0.002138
474	0.002388
475	0.002657
476	0.002954
477	0.003291
478	0.003695
479	0.004206
480	0.004898
481	0.005849
482	0.007138
483	0.008802
484	0.010854
485	0.013239
486	0.015902
487	0.018723
488	0.021555
489	0.024265
490	0.026847
491	0.029279
492	0.031747
493	0.034364
494	0.037356
495	0.040857
496	0.045010
497	0.049671
498	0.054736
499	0.060069
500	0.065640
501	0.071296
502	0.077033
503	0.083026
504	0.089477
505	0.096167
506	0.104214
507	0.113338
508	0.123558
509	0.134221
510	0.146034
511	0.157964
512	0.169395
513	0.180290
514	0.190316
515	0.199583
516	0.207676
517	0.215087
518	0.222214
519	0.228249
520	0.234755
521	0.241432
522	0.248430
523	0.255434
524	0.262808
525	0.270517
526	0.278279
527	0.285473
528	0.292419
529	0.298559
530	0.303717
531	0.308321
532	0.311616
533	0.313156
534	0.314513
535	0.314466
536	0.314428
537	0.314457
538	0.314040
539	0.313425
540	0.312465
541	0.311424
542	0.310718
543	0.309548
544	0.308202
545	0.306442
546	0.305288
547	0.303958
548	0.303384
549	0.303611
550	0.304266
551	0.305540
552	0.306351
553	0.308164
554	0.309549
555	0.310744
556	0.311417
557	0.312382
558	0.314245
559	0.315657
560	0.317877
561	0.322390
562	0.329608
563	0.337336
564	0.342150
565	0.342208
566	0.338327
567	0.333552
568	0.327457
569	0.322504
570	0.321024
571	0.325408
572	0.331774
573	0.338433
574	0.345484
575	0.353461
576	0.361540
577	0.370194
578	0.379167
579	0.388461
580	0.398133
581	0.408366
582	0.419427
583	0.431055
584	0.442683
585	0.453635
586	0.464357
587	0.474200
588	0.482026
589	0.489895
590	0.495935
591	0.501432
592	0.505169
593	0.508511
594	0.511109
595	0.511993
596	0.511473
597	0.508429
598	0.504945
599	0.498581
600	0.491425
601	0.485064
602	0.480002
603	0.475576
604	0.473543
605	0.471802
606	0.470282
607	0.467383
608	0.465217
609	0.460386
610	0.454736
611	0.448139
612	0.441025
613	0.435572
614	0.430353
615	0.426777
616	0.424282
617	0.421413
618	0.416460
619	0.410144
620	0.400548
621	0.388449
622	0.374921
623	0.361676
624	0.349430
625	0.340316
626	0.335398
627	0.334367
628	0.336581
629	0.337275
630	0.335140
631	0.330186
632	0.319520
633	0.303977
634	0.284668
635	0.263500
636	0.241857
637	0.221420
638	0.204369
639	0.189682
640	0.175803
641	0.161925
642	0.147178
643	0.131227
644	0.113491
645	0.095219
646	0.078025
647	0.062186
648	0.048924
649	0.038120
650	0.029962
651	0.023648
652	0.018913
653	0.015378
654	0.012822
655	0.010971
656	0.009787
657	0.009103
658	0.008655
659	0.008411
660	0.008201
661	0.007955
662	0.007754
663	0.007465
664	0.007197
665	0.006884
666	0.006695
667	0.006714
668	0.006791
669	0.007099
670	0.007560
