# Spalte1: Wellenlänge [nm]
# Spalte2: Intensität
417	0.035266
418	0.029133
419	0.024931
420	0.020828
421	0.017742
422	0.015112
423	0.012875
424	0.011018
425	0.009324
426	0.007920
427	0.006805
428	0.005920
429	0.005247
430	0.004743
431	0.004324
432	0.003982
433	0.003684
434	0.003392
435	0.003104
436	0.002833
437	0.002585
438	0.002358
439	0.002155
440	0.001980
441	0.001841
442	0.001728
443	0.001642
444	0.001585
445	0.001550
446	0.001534
447	0.001540
448	0.001569
449	0.001624
450	0.001711
451	0.001839
452	0.002015
453	0.002255
454	0.002569
455	0.002984
456	0.003509
457	0.004148
458	0.004917
459	0.005810
460	0.006824
461	0.007970
462	0.009224
463	0.010611
464	0.012136
465	0.013843
466	0.015776
467	0.018025
468	0.020650
469	0.023705
470	0.027304
471	0.031442
472	0.036168
473	0.041474
474	0.047301
475	0.053422
476	0.059894
477	0.066613
478	0.073493
479	0.080443
480	0.087746
481	0.095633
482	0.104353
483	0.113980
484	0.124650
485	0.136110
486	0.148437
487	0.161164
488	0.173613
489	0.185060
490	0.195478
491	0.204322
492	0.212247
493	0.219243
494	0.226111
495	0.233252
496	0.241567
497	0.250713
498	0.260855
499	0.272007
500	0.284411
501	0.297334
502	0.310222
503	0.322803
504	0.334681
505	0.343968
506	0.353968
507	0.363281
508	0.372229
509	0.379597
510	0.388382
511	0.396562
512	0.403384
513	0.409265
514	0.413621
515	0.416680
516	0.417488
517	0.417001
518	0.415943
519	0.412851
520	0.410658
521	0.408778
522	0.407399
523	0.405906
524	0.404788
525	0.403911
526	0.402855
527	0.400855
528	0.398594
529	0.395563
530	0.391814
531	0.388130
532	0.383702
533	0.378074
534	0.373131
535	0.367306
536	0.362145
537	0.357593
538	0.353005
539	0.348666
540	0.344450
541	0.340696
542	0.337880
543	0.335104
544	0.332605
545	0.329991
546	0.328187
547	0.326163
548	0.324750
549	0.323869
550	0.323066
551	0.322552
552	0.321258
553	0.320827
554	0.319866
555	0.318701
556	0.317026
557	0.315653
558	0.315123
559	0.314003
560	0.313486
561	0.314979
562	0.318830
563	0.322905
564	0.324010
565	0.320568
566	0.313508
567	0.305728
568	0.296809
569	0.288914
570	0.283974
571	0.283870
572	0.284985
573	0.285785
574	0.286369
575	0.287239
576	0.287825
577	0.288650
578	0.289648
579	0.290950
580	0.292682
581	0.294999
582	0.298052
583	0.301568
584	0.305057
585	0.308000
586	0.310699
587	0.312792
588	0.313696
589	0.314979
590	0.315663
591	0.316787
592	0.317719
593	0.319302
594	0.321137
595	0.322296
596	0.322567
597	0.320826
598	0.318068
599	0.312613
600	0.305816
601	0.298843
602	0.292244
603	0.285828
604	0.280757
605	0.275756
606	0.270715
607	0.264667
608	0.258871
609	0.251655
610	0.244453
611	0.237662
612	0.231955
613	0.228732
614	0.227197
615	0.227814
616	0.229765
617	0.231584
618	0.231609
619	0.229563
620	0.223905
621	0.214770
622	0.202791
623	0.189232
624	0.174977
625	0.161769
626	0.150558
627	0.141318
628	0.133501
629	0.124714
630	0.114129
631	0.101582
632	0.086498
633	0.070059
634	0.053811
635	0.039441
636	0.028234
637	0.020756
638	0.016939
639	0.015684
640	0.015739
641	0.015967
642	0.015638
643	0.014544
644	0.012798
645	0.010894
646	0.009338
647	0.008329
648	0.007972
649	0.008077
650	0.008484
651	0.008884
652	0.009163
653	0.009286
654	0.009287
655	0.009172
656	0.009128
657	0.009267
658	0.009592
659	0.010259
660	0.011132
661	0.012002
662	0.012778
663	0.013036
664	0.012850
665	0.012188
666	0.011617
667	0.011612
668	0.012161
669	0.013598
670	0.015541
