# Spalte1: Wellenlänge [nm]
# Spalte2: Intensität [mV]
335	-0.009103
336	-0.009937
337	-0.010886
338	-0.011958
339	-0.013160
340	-0.014501
341	-0.015988
342	-0.017627
343	-0.019426
344	-0.021389
345	-0.023524
346	-0.025835
347	-0.028329
348	-0.031010
349	-0.033883
350	-0.036952
351	-0.040221
352	-0.043695
353	-0.047376
354	0.130507
355	0.085848
356	0.082749
357	0.092219
358	0.107121
359	0.122448
360	0.137034
361	0.150039
362	0.160778
363	0.168896
364	0.174402
365	0.177593
366	0.178929
367	0.178927
368	0.178073
369	0.176781
370	0.175383
371	0.174136
372	0.173231
373	0.172819
374	0.173019
375	0.173859
376	0.175211
377	0.176959
378	0.179012
379	0.181295
380	0.183740
381	0.186285
382	0.188870
383	0.191441
384	0.193945
385	0.196333
386	0.198559
387	0.200581
388	0.202360
389	0.203865
390	0.205069
391	0.205949
392	0.206464
393	0.206593
394	0.206480
395	0.206301
396	0.206206
397	0.206322
398	0.206733
399	0.207398
400	0.208254
401	0.209254
402	0.210376
403	0.211599
404	0.212907
405	0.214284
406	0.215714
407	0.217186
408	0.218686
409	0.220203
410	0.221727
411	0.223245
412	0.224748
413	0.226226
414	0.227670
415	0.228752
416	0.229356
417	0.229906
418	0.231135
419	0.232292
420	0.233381
421	0.234446
422	0.235578
423	0.237201
424	0.238582
425	0.238614
426	0.237823
427	0.236953
428	0.236547
429	0.235556
430	0.233453
431	0.230797
432	0.227700
433	0.224167
434	0.220217
435	0.216465
436	0.212292
437	0.206874
438	0.199954
439	0.192326
440	0.185453
441	0.180150
442	0.176416
443	0.173955
444	0.172570
445	0.172168
446	0.172082
447	0.171112
448	0.169402
449	0.167038
450	0.164181
451	0.161262
452	0.159178
453	0.157201
454	0.155342
455	0.153623
456	0.152050
457	0.150327
458	0.148997
459	0.148133
460	0.147812
461	0.148066
462	0.148164
463	0.146834
464	0.143077
465	0.136282
466	0.126511
467	0.118703
468	0.114959
469	0.112110
470	0.109354
471	0.106945
472	0.104826
473	0.102443
474	0.098595
475	0.094248
476	0.090670
477	0.087755
478	0.085284
479	0.083102
480	0.081084
481	0.079463
482	0.077882
483	0.076097
484	0.074022
485	0.071878
486	0.069734
487	0.067516
488	0.065221
489	0.062754
490	0.060406
491	0.058220
492	0.056302
493	0.054495
494	0.052698
495	0.050892
496	0.049115
497	0.047329
498	0.045630
499	0.044106
500	0.042803
501	0.041776
502	0.041054
503	0.040389
504	0.039314
505	0.037528
506	0.034955
507	0.031856
508	0.029267
509	0.027529
510	0.026418
511	0.025682
512	0.025092
513	0.024458
514	0.023689
515	0.022916
516	0.022169
517	0.021392
518	0.020545
519	0.019698
520	0.019000
521	0.018497
522	0.018144
523	0.017885
524	0.017608
525	0.017183
526	0.016482
527	0.015386
528	0.013958
529	0.012526
530	0.011441
531	0.010717
532	0.010232
533	0.009895
534	0.009620
535	0.009332
536	0.009016
537	0.008668
538	0.008307
539	0.007930
540	0.007541
541	0.007152
542	0.006765
543	0.006388
544	0.006046
545	0.005734
546	0.005439
547	0.005151
548	0.004864
549	0.004583
550	0.004353
551	0.004145
552	0.003952
553	0.003773
554	0.003599
555	0.003441
556	0.003297
557	0.003166
558	0.003048
559	0.002958
560	0.002876
561	0.002794
562	0.002714
563	0.002639
564	0.002567
565	0.002503
566	0.002450
567	0.002405
568	0.002361
569	0.002317
570	0.002273
571	0.002236
572	0.002198
573	0.002162
574	0.002127
575	0.002092
576	0.002054
577	0.002017
578	0.001986
579	0.001958
580	0.001931
581	0.001903
582	0.001877
583	0.001853
584	0.001832
585	0.001811
586	0.001792
587	0.001774
588	0.001755
589	0.001738
590	0.001724
591	0.001713
592	0.001704
593	0.001693
594	0.001683
595	0.001675
596	0.001668
597	0.001663
598	0.001660
599	0.001658
600	0.001659
601	0.001663
602	0.001667
603	0.001671
604	0.001676
605	0.001681
606	0.001688
607	0.001696
608	0.001705
609	0.001716
610	0.001734
611	0.001753
612	0.001769
613	0.001785
614	0.001800
615	0.001816
616	0.001831
617	0.001844
618	0.001857
619	0.001871
620	0.001888
621	0.001906
622	0.001924
623	0.001942
624	0.001962
625	0.001984
626	0.002006
627	0.002031
628	0.002055
629	0.002075
630	0.002094
631	0.002112
632	0.002128
633	0.002144
634	0.002158
635	0.002171
636	0.002186
637	0.002203
638	0.002220
639	0.002234
640	0.002247
641	0.002257
642	0.002264
643	0.002271
644	0.002277
645	0.002283
646	0.002292
647	0.002303
648	0.002313
649	0.002319
650	0.002325
651	0.002335
652	0.002347
653	0.002357
654	0.002365
655	0.002373
656	0.002383
657	0.002394
658	0.002405
659	0.002416
660	0.002428
661	0.002442
662	0.002458
663	0.002479
664	0.002504
665	0.002529
666	0.002551
667	0.002576
668	0.002603
669	0.002633
670	0.002668
671	0.002709
672	0.002753
673	0.002799
674	0.002848
675	0.002900
676	0.002956
677	0.003014
678	0.003075
679	0.003137
680	0.003199
681	0.003260
682	0.003322
683	0.003383
684	0.003444
685	0.003506
686	0.003567
687	0.003624
688	0.003676
689	0.003725
690	0.003770
691	0.003810
692	0.003845
693	0.003875
694	0.003901
695	0.003927
696	0.003952
697	0.003977
698	0.004005
699	0.004038
700	0.004087
701	0.004141
702	0.004189
703	0.004240
704	0.004300
705	0.004370
706	0.004447
707	0.004534
708	0.004628
709	0.004737
710	0.004860
711	0.004991
712	0.005120
713	0.005255
714	0.005398
715	0.005546
716	0.005700
717	0.005857
718	0.006018
719	0.006182
720	0.006349
721	0.006519
722	0.006691
723	0.006867
724	0.007047
725	0.007230
726	0.007414
727	0.007598
728	0.007782
729	0.007962
730	0.008143
731	0.008332
732	0.008539
733	0.008773
734	0.009046
735	0.009366
736	0.000000
737	0.000000
738	0.000000
739	0.000000
740	0.000000
