# Spalte1: Wellenlänge [nm]
# Spalte2: Intensität [mV]
335	-0.019295
336	-0.019571
337	-0.019911
338	-0.020322
339	-0.020810
340	-0.021376
341	-0.022024
342	-0.022753
343	-0.023561
344	-0.024446
345	-0.025403
346	-0.026426
347	-0.027507
348	-0.028637
349	-0.029806
350	-0.031002
351	-0.032211
352	-0.033420
353	-0.034612
354	-0.035770
355	-0.036877
356	-0.037913
357	-0.038858
358	-0.039690
359	-0.040387
360	-0.040924
361	-0.041285
362	-0.041468
363	-0.041474
364	-0.041306
365	-0.040967
366	-0.040461
367	-0.039793
368	-0.038968
369	-0.037993
370	-0.036874
371	-0.035618
372	-0.034235
373	-0.032731
374	-0.031116
375	-0.029401
376	-0.027594
377	-0.025706
378	-0.023750
379	-0.021735
380	-0.019675
381	-0.017581
382	-0.015467
383	-0.013344
384	-0.011225
385	-0.009118
386	-0.007029
387	-0.004960
388	-0.002918
389	-0.000908
390	0.001064
391	0.002990
392	0.004864
393	0.006678
394	0.008425
395	0.010098
396	0.011694
397	0.013211
398	0.014651
399	0.016014
400	0.017306
401	0.018529
402	0.019688
403	0.020790
404	0.021840
405	0.022844
406	0.023806
407	0.024725
408	0.025601
409	0.026432
410	0.027216
411	0.027951
412	0.028633
413	0.029260
414	0.029828
415	0.030290
416	0.030626
417	0.030889
418	0.031173
419	0.031373
420	0.031485
421	0.031503
422	0.031434
423	0.031343
424	0.031139
425	0.030689
426	0.030074
427	0.029399
428	0.028739
429	0.027968
430	0.027027
431	0.025988
432	0.024873
433	0.023699
434	0.022479
435	0.021292
436	0.020089
437	0.018846
438	0.017601
439	0.016414
440	0.015303
441	0.014284
442	0.013380
443	0.012588
444	0.011908
445	0.011340
446	0.010887
447	0.010547
448	0.010321
449	0.010199
450	0.010178
451	0.010273
452	0.010534
453	0.010916
454	0.011422
455	0.012058
456	0.012821
457	0.013666
458	0.014622
459	0.015675
460	0.016816
461	0.018050
462	0.019386
463	0.020812
464	0.022329
465	0.023938
466	0.025646
467	0.027472
468	0.029442
469	0.031510
470	0.033752
471	0.036269
472	0.039078
473	0.042098
474	0.045128
475	0.048395
476	0.051946
477	0.055779
478	0.059887
479	0.064280
480	0.068968
481	0.074277
482	0.080006
483	0.085969
484	0.092086
485	0.098553
486	0.105380
487	0.112576
488	0.120408
489	0.128883
490	0.137735
491	0.146426
492	0.155512
493	0.164982
494	0.174822
495	0.185162
496	0.196277
497	0.207792
498	0.219701
499	0.232000
500	0.244500
501	0.257084
502	0.270002
503	0.283254
504	0.296835
505	0.311054
506	0.325893
507	0.341001
508	0.355592
509	0.370317
510	0.385043
511	0.399642
512	0.414272
513	0.429370
514	0.443999
515	0.458015
516	0.471270
517	0.483738
518	0.495599
519	0.507051
520	0.518290
521	0.529504
522	0.540385
523	0.551167
524	0.562433
525	0.574347
526	0.587040
527	0.600337
528	0.613908
529	0.627754
530	0.642160
531	0.656137
532	0.668566
533	0.679915
534	0.690703
535	0.701272
536	0.711079
537	0.719077
538	0.726313
539	0.732185
540	0.736758
541	0.740548
542	0.743540
543	0.745719
544	0.749462
545	0.753496
546	0.756114
547	0.756166
548	0.755427
549	0.754390
550	0.752699
551	0.750275
552	0.747145
553	0.743353
554	0.737501
555	0.731471
556	0.725579
557	0.720013
558	0.715392
559	0.715216
560	0.715768
561	0.714782
562	0.713021
563	0.711139
564	0.708857
565	0.706150
566	0.703875
567	0.701393
568	0.698147
569	0.693945
570	0.689422
571	0.685994
572	0.682302
573	0.678296
574	0.673985
575	0.669116
576	0.661808
577	0.654119
578	0.647197
579	0.640331
580	0.632680
581	0.623784
582	0.614284
583	0.604823
584	0.594833
585	0.584132
586	0.572700
587	0.560518
588	0.546875
589	0.532463
590	0.518028
591	0.503428
592	0.487889
593	0.470666
594	0.452653
595	0.433851
596	0.414271
597	0.393993
598	0.373249
599	0.352038
600	0.330888
601	0.309649
602	0.288235
603	0.266714
604	0.245423
605	0.224134
606	0.203156
607	0.182515
608	0.162232
609	0.142389
610	0.123376
611	0.104702
612	0.086357
613	0.069103
614	0.053872
615	0.041499
616	0.032179
617	0.025268
618	0.020180
619	0.016283
620	0.012996
621	0.010123
622	0.007642
623	0.005528
624	0.003761
625	0.002313
626	0.001158
627	0.000272
628	-0.000369
629	-0.000787
630	-0.001004
631	-0.001045
632	-0.000933
633	-0.000693
634	-0.000348
635	0.000081
636	0.000569
637	0.001096
638	0.001640
639	0.002176
640	0.002684
641	0.003142
642	0.003550
643	0.003912
644	0.004230
645	0.004505
646	0.004745
647	0.004950
648	0.005112
649	0.005229
650	0.005313
651	0.005378
652	0.005421
653	0.005438
654	0.005423
655	0.005386
656	0.005325
657	0.005247
658	0.005155
659	0.005052
660	0.004942
661	0.004828
662	0.004711
663	0.004599
664	0.004492
665	0.004385
666	0.004273
667	0.004166
668	0.004064
669	0.003967
670	0.003879
671	0.003801
672	0.003728
673	0.003658
674	0.003594
675	0.003536
676	0.003484
677	0.003440
678	0.003402
679	0.003371
680	0.003345
681	0.003326
682	0.003316
683	0.003316
684	0.003326
685	0.003349
686	0.003385
687	0.003430
688	0.003485
689	0.003552
690	0.003629
691	0.003719
692	0.003819
693	0.003929
694	0.004050
695	0.004182
696	0.004321
697	0.004467
698	0.004619
699	0.004778
700	0.004953
701	0.005130
702	0.005293
703	0.005449
704	0.005602
705	0.005751
706	0.005894
707	0.006029
708	0.006156
709	0.006282
710	0.006404
711	0.006514
712	0.006597
713	0.006666
714	0.006715
715	0.006745
716	0.006750
717	0.006727
718	0.006668
719	0.006566
720	0.006410
721	0.006196
722	0.005917
723	0.005567
724	0.005141
725	0.004630
726	0.004026
727	0.003320
728	0.002502
729	0.001563
730	0.000495
731	-0.000690
732	-0.001859
733	-0.002836
734	-0.003441
735	-0.003491
736	-0.002799
737	0.005562
738	0.008340
739	0.000000
740	0.000000
