# Spalte1: Wellenlänge [nm]
# Spalte2: Intensität [mV]
335	-0.009827
336	-0.010922
337	-0.011922
338	-0.012839
339	-0.013687
340	-0.014489
341	-0.015270
342	-0.016060
343	-0.016897
344	-0.017819
345	-0.018875
346	-0.020109
347	-0.021539
348	-0.023171
349	-0.025011
350	-0.027062
351	-0.029329
352	-0.031813
353	6.470049
354	0.148674
355	0.114953
356	0.107825
357	0.108877
358	0.114410
359	0.122281
360	0.130301
361	0.136536
362	0.141006
363	0.144304
364	0.147069
365	0.149894
366	0.153323
367	0.157729
368	0.162589
369	0.167036
370	0.170210
371	0.171343
372	0.170626
373	0.169594
374	0.169297
375	0.169654
376	0.170434
377	0.171456
378	0.172588
379	0.173715
380	0.174735
381	0.175558
382	0.176101
383	0.176312
384	0.176251
385	0.176009
386	0.175672
387	0.175314
388	0.175007
389	0.174824
390	0.174829
391	0.175080
392	0.175616
393	0.176368
394	0.176651
395	0.175584
396	0.172481
397	0.167798
398	0.164393
399	0.162444
400	0.161598
401	0.161591
402	0.162218
403	0.163304
404	0.164698
405	0.166260
406	0.167858
407	0.169395
408	0.170840
409	0.172167
410	0.173353
411	0.174374
412	0.175209
413	0.175879
414	0.176485
415	0.176887
416	0.177101
417	0.177561
418	0.178894
419	0.180347
420	0.181659
421	0.182572
422	0.182929
423	0.183112
424	0.182724
425	0.181099
426	0.178822
427	0.176595
428	0.174875
429	0.172897
430	0.170273
431	0.167409
432	0.164425
433	0.161368
434	0.158286
435	0.155635
436	0.151350
437	0.141517
438	0.130940
439	0.123158
440	0.117170
441	0.112384
442	0.108532
443	0.105303
444	0.102435
445	0.099745
446	0.097152
447	0.094586
448	0.091982
449	0.089192
450	0.086140
451	0.082912
452	0.079845
453	0.076554
454	0.073198
455	0.069938
456	0.066887
457	0.063969
458	0.061346
459	0.058946
460	0.056704
461	0.054575
462	0.052533
463	0.050507
464	0.048481
465	0.046173
466	0.043033
467	0.038968
468	0.035427
469	0.032476
470	0.030003
471	0.027954
472	0.026149
473	0.024390
474	0.022554
475	0.020830
476	0.019259
477	0.017842
478	0.016593
479	0.015483
480	0.014452
481	0.013506
482	0.012552
483	0.011547
484	0.010516
485	0.009513
486	0.008554
487	0.007620
488	0.006712
489	0.005841
490	0.005130
491	0.004595
492	0.004187
493	0.003872
494	0.003621
495	0.003418
496	0.003256
497	0.003117
498	0.003004
499	0.002914
500	0.002837
501	0.002763
502	0.002691
503	0.002616
504	0.002543
505	0.002480
506	0.002429
507	0.002384
508	0.002340
509	0.002300
510	0.002262
511	0.002225
512	0.002194
513	0.002177
514	0.002167
515	0.002163
516	0.002161
517	0.002158
518	0.002151
519	0.002140
520	0.002133
521	0.002133
522	0.002135
523	0.002133
524	0.002126
525	0.002109
526	0.002085
527	0.002055
528	0.002033
529	0.002025
530	0.002022
531	0.002021
532	0.002019
533	0.002017
534	0.002017
535	0.002018
536	0.002017
537	0.002011
538	0.002003
539	0.001996
540	0.001991
541	0.001990
542	0.001991
543	0.001993
544	0.002001
545	0.002012
546	0.002018
547	0.002017
548	0.002014
549	0.002013
550	0.002016
551	0.002020
552	0.002027
553	0.002034
554	0.002036
555	0.002037
556	0.002039
557	0.002043
558	0.002048
559	0.002064
560	0.002078
561	0.002086
562	0.002089
563	0.002091
564	0.002094
565	0.002096
566	0.002102
567	0.002108
568	0.002113
569	0.002116
570	0.002118
571	0.002125
572	0.002131
573	0.002136
574	0.002141
575	0.002145
576	0.002142
577	0.002138
578	0.002137
579	0.002138
580	0.002138
581	0.002135
582	0.002131
583	0.002130
584	0.002128
585	0.002126
586	0.002124
587	0.002122
588	0.002116
589	0.002110
590	0.002107
591	0.002106
592	0.002105
593	0.002099
594	0.002093
595	0.002087
596	0.002080
597	0.002074
598	0.002068
599	0.002062
600	0.002059
601	0.002056
602	0.002053
603	0.002048
604	0.002045
605	0.002040
606	0.002035
607	0.002032
608	0.002028
609	0.002026
610	0.002031
611	0.002036
612	0.002038
613	0.002038
614	0.002038
615	0.002038
616	0.002039
617	0.002036
618	0.002033
619	0.002034
620	0.002037
621	0.002042
622	0.002047
623	0.002053
624	0.002063
625	0.002075
626	0.002087
627	0.002103
628	0.002120
629	0.002134
630	0.002148
631	0.002163
632	0.002179
633	0.002195
634	0.002213
635	0.002232
636	0.002254
637	0.002280
638	0.002306
639	0.002332
640	0.002358
641	0.002382
642	0.002406
643	0.002430
644	0.002454
645	0.002479
646	0.002509
647	0.002542
648	0.002574
649	0.002601
650	0.002629
651	0.002662
652	0.002696
653	0.002727
654	0.002755
655	0.002782
656	0.002809
657	0.002836
658	0.002862
659	0.002886
660	0.002911
661	0.002935
662	0.002960
663	0.002989
664	0.003020
665	0.003049
666	0.003072
667	0.003094
668	0.003116
669	0.003138
670	0.003162
671	0.003190
672	0.003219
673	0.003244
674	0.003269
675	0.003295
676	0.003320
677	0.003346
678	0.003372
679	0.003398
680	0.003422
681	0.003446
682	0.003470
683	0.003494
684	0.003518
685	0.003546
686	0.003575
687	0.003603
688	0.003629
689	0.003656
690	0.003683
691	0.003711
692	0.003738
693	0.003765
694	0.003794
695	0.003824
696	0.003855
697	0.003888
698	0.003924
699	0.003964
700	0.004019
701	0.004076
702	0.004124
703	0.004172
704	0.004223
705	0.004277
706	0.004336
707	0.004398
708	0.004465
709	0.004543
710	0.004633
711	0.004728
712	0.004820
713	0.004919
714	0.005025
715	0.005137
716	0.005256
717	0.005382
718	0.005515
719	0.005656
720	0.005805
721	0.005963
722	0.006130
723	0.006305
724	0.006487
725	0.006674
726	0.006863
727	0.007052
728	0.007239
729	0.007420
730	0.007594
731	0.007761
732	0.007917
733	0.008063
734	0.008198
735	0.000000
736	0.000000
737	0.000000
738	0.000000
739	0.000000
740	0.000000
