# Spalte1: Wellenlänge [nm]
# Spalte2: Intensität [mV]
335	0.008551
336	0.008933
337	0.009315
338	0.009698
339	0.010081
340	0.010465
341	0.010850
342	0.011237
343	0.011624
344	0.012013
345	0.012404
346	0.012797
347	0.013192
348	0.013589
349	0.013987
350	0.014388
351	0.014790
352	0.015194
353	0.015600
354	0.016007
355	0.016415
356	0.016825
357	0.017236
358	0.017647
359	0.018059
360	0.018471
361	0.018883
362	0.019295
363	0.019707
364	0.020118
365	0.020528
366	0.020936
367	0.021343
368	0.021747
369	0.022149
370	0.022549
371	0.022945
372	0.023338
373	0.023726
374	0.024110
375	0.024490
376	0.024864
377	0.025232
378	0.025593
379	0.025945
380	0.026287
381	0.026617
382	0.026933
383	0.027235
384	0.027519
385	0.027786
386	0.028032
387	0.028257
388	0.028459
389	0.028636
390	0.028787
391	0.028910
392	0.029004
393	0.029069
394	0.029102
395	0.029102
396	0.029069
397	0.029002
398	0.028900
399	0.028763
400	0.028590
401	0.028382
402	0.028140
403	0.027879
404	0.027611
405	0.027348
406	0.027103
407	0.026884
408	0.026702
409	0.026561
410	0.026434
411	0.026290
412	0.026107
413	0.025886
414	0.025634
415	0.025320
416	0.024943
417	0.024559
418	0.024246
419	0.023920
420	0.023576
421	0.023210
422	0.022830
423	0.022481
424	0.022099
425	0.021590
426	0.021015
427	0.020444
428	0.019927
429	0.019373
430	0.018741
431	0.018074
432	0.017386
433	0.016681
434	0.015966
435	0.015287
436	0.014608
437	0.013906
438	0.013202
439	0.012530
440	0.011895
441	0.011301
442	0.010760
443	0.010269
444	0.009823
445	0.009423
446	0.009070
447	0.008761
448	0.008499
449	0.008277
450	0.008094
451	0.007962
452	0.007919
453	0.007929
454	0.007989
455	0.008097
456	0.008245
457	0.008407
458	0.008606
459	0.008836
460	0.009096
461	0.009385
462	0.009703
463	0.010041
464	0.010400
465	0.010781
466	0.011189
467	0.011627
468	0.012099
469	0.012583
470	0.013108
471	0.013710
472	0.014392
473	0.015109
474	0.015775
475	0.016458
476	0.017155
477	0.017847
478	0.018517
479	0.019185
480	0.019878
481	0.020716
482	0.021671
483	0.022719
484	0.023839
485	0.025080
486	0.026430
487	0.027872
488	0.029445
489	0.031179
490	0.033119
491	0.035186
492	0.037530
493	0.040168
494	0.043116
495	0.046427
496	0.050192
497	0.054338
498	0.058883
499	0.063843
500	0.069183
501	0.074877
502	0.081008
503	0.087587
504	0.094627
505	0.102242
506	0.110449
507	0.119144
508	0.128070
509	0.137497
510	0.147435
511	0.157887
512	0.168927
513	0.180685
514	0.192726
515	0.204929
516	0.217177
517	0.229373
518	0.241431
519	0.253273
520	0.264827
521	0.276025
522	0.286685
523	0.297259
524	0.308450
525	0.320610
526	0.333704
527	0.347564
528	0.361942
529	0.377259
530	0.395464
531	0.416795
532	0.439321
533	0.462825
534	0.487216
535	0.512217
536	0.536943
537	0.560379
538	0.583237
539	0.605006
540	0.625714
541	0.645812
542	0.665166
543	0.683522
544	0.702903
545	0.721994
546	0.738910
547	0.752178
548	0.763222
549	0.772644
550	0.780583
551	0.787465
552	0.793810
553	0.800093
554	0.804678
555	0.809135
556	0.813427
557	0.817453
558	0.821630
559	0.829753
560	0.837328
561	0.841742
562	0.844279
563	0.846241
564	0.847735
565	0.848866
566	0.850744
567	0.852679
568	0.854059
569	0.854619
570	0.855054
571	0.857058
572	0.858888
573	0.860414
574	0.861581
575	0.862029
576	0.859325
577	0.856122
578	0.853958
579	0.851942
580	0.848960
581	0.844368
582	0.839005
583	0.833740
584	0.827789
585	0.820883
586	0.812970
587	0.803997
588	0.792899
589	0.780613
590	0.768203
591	0.755444
592	0.741154
593	0.724145
594	0.705721
595	0.685846
596	0.664484
597	0.641706
598	0.617681
599	0.592060
600	0.565410
601	0.537203
602	0.507040
603	0.474831
604	0.441095
605	0.405591
606	0.369413
607	0.333150
608	0.297291
609	0.262260
610	0.229016
611	0.196936
612	0.166193
613	0.137546
614	0.111706
615	0.089123
616	0.069762
617	0.053293
618	0.039614
619	0.028513
620	0.019722
621	0.012947
622	0.007940
623	0.004448
624	0.002230
625	0.001043
626	0.000650
627	0.000822
628	0.001324
629	0.001924
630	0.002468
631	0.002947
632	0.003367
633	0.003733
634	0.004046
635	0.004309
636	0.004527
637	0.004703
638	0.004832
639	0.004912
640	0.004956
641	0.004967
642	0.004951
643	0.004914
644	0.004858
645	0.004783
646	0.004701
647	0.004608
648	0.004502
649	0.004380
650	0.004254
651	0.004133
652	0.004015
653	0.003896
654	0.003776
655	0.003665
656	0.003562
657	0.003469
658	0.003380
659	0.003296
660	0.003217
661	0.003143
662	0.003073
663	0.003010
664	0.002954
665	0.002900
666	0.002844
667	0.002792
668	0.002745
669	0.002703
670	0.002667
671	0.002638
672	0.002614
673	0.002591
674	0.002571
675	0.002555
676	0.002542
677	0.002532
678	0.002526
679	0.002522
680	0.002519
681	0.002519
682	0.002520
683	0.002525
684	0.002532
685	0.002543
686	0.002557
687	0.002572
688	0.002587
689	0.002604
690	0.002623
691	0.002643
692	0.002664
693	0.002684
694	0.002706
695	0.002728
696	0.002752
697	0.002776
698	0.002800
699	0.002827
700	0.002863
701	0.002899
702	0.002927
703	0.002952
704	0.002978
705	0.003003
706	0.003028
707	0.003053
708	0.003078
709	0.003106
710	0.003139
711	0.003170
712	0.003196
713	0.003220
714	0.003244
715	0.003266
716	0.003288
717	0.003307
718	0.003325
719	0.003341
720	0.003357
721	0.003370
722	0.003382
723	0.003392
724	0.003400
725	0.003405
726	0.003406
727	0.003402
728	0.003392
729	0.003375
730	0.003350
731	0.003322
732	0.003293
733	0.003265
734	0.003240
735	0.003205
736	0.003161
737	0.013251
738	0.013227
739	0.013207
740	0.013189
