# Spalte1: Wellenlänge [nm]
# Spalte2: Intensität [mV]
335	0.001465
336	0.001707
337	0.001966
338	0.002242
339	0.002535
340	0.002845
341	0.003172
342	0.003515
343	0.003874
344	0.004250
345	0.004641
346	0.005048
347	0.005471
348	0.005908
349	0.006361
350	0.006828
351	0.007310
352	0.007806
353	0.008317
354	0.008841
355	0.009380
356	0.009932
357	0.010498
358	0.011077
359	0.011670
360	0.012277
361	0.012897
362	0.013530
363	0.014178
364	0.014839
365	0.015513
366	0.016202
367	0.016905
368	0.017623
369	0.018355
370	0.019102
371	0.019862
372	0.020634
373	0.021416
374	0.022209
375	0.023010
376	0.023817
377	0.024629
378	0.025444
379	0.026259
380	0.027074
381	0.027885
382	0.028691
383	0.029488
384	0.030275
385	0.031049
386	0.031807
387	0.032547
388	0.033267
389	0.033963
390	0.034634
391	0.035277
392	0.035889
393	0.036474
394	0.037033
395	0.037572
396	0.038095
397	0.038605
398	0.039108
399	0.039608
400	0.040108
401	0.040615
402	0.041131
403	0.041662
404	0.042213
405	0.042786
406	0.043389
407	0.044025
408	0.044699
409	0.045418
410	0.046178
411	0.046977
412	0.047808
413	0.048666
414	0.049547
415	0.050373
416	0.051112
417	0.051851
418	0.052753
419	0.053644
420	0.054515
421	0.055359
422	0.056190
423	0.057126
424	0.058008
425	0.058578
426	0.058970
427	0.059373
428	0.059929
429	0.060374
430	0.060552
431	0.060575
432	0.060464
433	0.060215
434	0.059825
435	0.059457
436	0.058945
437	0.058160
438	0.057142
439	0.055930
440	0.054422
441	0.052655
442	0.050857
443	0.049140
444	0.047534
445	0.046027
446	0.044609
447	0.043272
448	0.042007
449	0.040765
450	0.039528
451	0.038351
452	0.037407
453	0.036502
454	0.035631
455	0.034791
456	0.033962
457	0.033071
458	0.032299
459	0.031734
460	0.031458
461	0.031558
462	0.032120
463	0.033187
464	0.034823
465	0.037089
466	0.040041
467	0.043737
468	0.048227
469	0.053448
470	0.059536
471	0.066688
472	0.074957
473	0.084151
474	0.093761
475	0.104137
476	0.115305
477	0.127184
478	0.139690
479	0.152775
480	0.166395
481	0.181278
482	0.196892
483	0.212714
484	0.228473
485	0.244602
486	0.261066
487	0.277833
488	0.295521
489	0.314100
490	0.332874
491	0.350529
492	0.368396
493	0.386469
494	0.404754
495	0.423579
496	0.443593
497	0.463956
498	0.484687
499	0.505805
500	0.526936
501	0.547869
502	0.569189
503	0.590923
504	0.613097
505	0.636375
506	0.660738
507	0.685503
508	0.709210
509	0.733361
510	0.757775
511	0.782268
512	0.807213
513	0.833537
514	0.859510
515	0.884948
516	0.909666
517	0.933479
518	0.956321
519	0.978297
520	0.999520
521	1.020100
522	1.039195
523	1.057018
524	1.074460
525	1.091620
526	1.108585
527	1.125329
528	1.141734
529	1.158241
530	1.175872
531	1.193296
532	1.208971
533	1.224227
534	1.240247
535	1.257353
536	1.274206
537	1.288715
538	1.302705
539	1.315105
540	1.326035
541	1.336436
542	1.346297
543	1.355604
544	1.368714
545	1.383349
546	1.396363
547	1.405582
548	1.414237
549	1.423234
550	1.431884
551	1.439990
552	1.447410
553	1.453922
554	1.456136
555	1.456909
556	1.456213
557	1.453921
558	1.450820
559	1.453597
560	1.454300
561	1.448469
562	1.438304
563	1.425764
564	1.410728
565	1.393068
566	1.374281
567	1.352897
568	1.327657
569	1.298048
570	1.265102
571	1.231129
572	1.193293
573	1.151358
574	1.105663
575	1.056277
576	1.000926
577	0.943543
578	0.886232
579	0.828326
580	0.769161
581	0.708758
582	0.648445
583	0.589337
584	0.531251
585	0.474500
586	0.419566
587	0.366935
588	0.316692
589	0.269833
590	0.227165
591	0.188884
592	0.154594
593	0.123928
594	0.097003
595	0.073593
596	0.053470
597	0.036409
598	0.022180
599	0.010533
600	0.001244
601	-0.005924
602	-0.011180
603	-0.014724
604	-0.016774
605	-0.017519
606	-0.017187
607	-0.015984
608	-0.014115
609	-0.011781
610	-0.009205
611	-0.006532
612	-0.003950
613	-0.001667
614	0.000225
615	0.001755
616	0.002959
617	0.003865
618	0.004511
619	0.004942
620	0.005198
621	0.005313
622	0.005327
623	0.005275
624	0.005198
625	0.005125
626	0.005058
627	0.004999
628	0.004945
629	0.004886
630	0.004828
631	0.004773
632	0.004721
633	0.004672
634	0.004627
635	0.004585
636	0.004549
637	0.004523
638	0.004499
639	0.004473
640	0.004450
641	0.004424
642	0.004398
643	0.004375
644	0.004353
645	0.004334
646	0.004324
647	0.004321
648	0.004317
649	0.004308
650	0.004300
651	0.004302
652	0.004307
653	0.004310
654	0.004309
655	0.004310
656	0.004311
657	0.004314
658	0.004315
659	0.004314
660	0.004315
661	0.004316
662	0.004317
663	0.004324
664	0.004336
665	0.004348
666	0.004353
667	0.004363
668	0.004378
669	0.004391
670	0.004404
671	0.004420
672	0.004434
673	0.004443
674	0.004452
675	0.004464
676	0.004480
677	0.004498
678	0.004520
679	0.004543
680	0.004563
681	0.004582
682	0.004599
683	0.004614
684	0.004629
685	0.004648
686	0.004669
687	0.004689
688	0.004707
689	0.004726
690	0.004746
691	0.004766
692	0.004786
693	0.004805
694	0.004824
695	0.004844
696	0.004864
697	0.004885
698	0.004906
699	0.004932
700	0.004970
701	0.005007
702	0.005027
703	0.005041
704	0.005057
705	0.005083
706	0.005116
707	0.005156
708	0.005197
709	0.005244
710	0.005295
711	0.005344
712	0.005381
713	0.005416
714	0.005450
715	0.005483
716	0.005515
717	0.005546
718	0.005578
719	0.005611
720	0.005645
721	0.005681
722	0.005719
723	0.005759
724	0.005803
725	0.005851
726	0.005902
727	0.005956
728	0.006012
729	0.006067
730	0.006120
731	0.006167
732	0.006205
733	0.006253
734	0.006348
735	0.006404
736	0.013459
737	0.013595
738	0.013694
739	0.013741
740	0.013771
