# Spalte1: Wellenlänge [nm]
# Spalte2: Intensität [mV]
335	-0.009248
336	-0.009723
337	-0.010207
338	-0.010700
339	-0.011201
340	-0.011710
341	-0.012226
342	-0.012748
343	-0.013275
344	-0.013806
345	-0.014338
346	-0.014871
347	-0.015402
348	-0.015930
349	-0.016452
350	-0.016966
351	-0.017471
352	-0.017962
353	0.102555
354	0.057351
355	0.047831
356	0.045640
357	0.045405
358	0.045165
359	0.044802
360	0.044321
361	0.043741
362	0.043062
363	0.042294
364	0.041449
365	0.040539
366	0.039577
367	0.038576
368	0.037547
369	0.036501
370	0.035448
371	0.034397
372	0.033356
373	0.032334
374	0.031350
375	0.030433
376	0.029604
377	0.028878
378	0.028263
379	0.027768
380	0.027390
381	0.027098
382	0.026860
383	0.026648
384	0.026438
385	0.026208
386	0.025940
387	0.025619
388	0.025242
389	0.024824
390	0.024381
391	0.023928
392	0.023474
393	0.023029
394	0.022600
395	0.022193
396	0.021812
397	0.021459
398	0.021136
399	0.020845
400	0.020590
401	0.020374
402	0.020199
403	0.020070
404	0.019988
405	0.019955
406	0.019974
407	0.020035
408	0.020121
409	0.020218
410	0.020323
411	0.020444
412	0.020585
413	0.020754
414	0.020953
415	0.021139
416	0.021287
417	0.021426
418	0.021616
419	0.021787
420	0.021949
421	0.022114
422	0.022302
423	0.022568
424	0.022852
425	0.023055
426	0.023229
427	0.023445
428	0.023748
429	0.024022
430	0.024191
431	0.024269
432	0.024221
433	0.024005
434	0.023596
435	0.023044
436	0.022286
437	0.021294
438	0.020184
439	0.019147
440	0.018279
441	0.017561
442	0.016956
443	0.016422
444	0.015949
445	0.015543
446	0.015206
447	0.014942
448	0.014760
449	0.014655
450	0.014614
451	0.014640
452	0.014791
453	0.015001
454	0.015309
455	0.015757
456	0.016352
457	0.016835
458	0.016945
459	0.016710
460	0.016710
461	0.016974
462	0.017482
463	0.018194
464	0.019074
465	0.020061
466	0.021081
467	0.022316
468	0.024544
469	0.027547
470	0.030163
471	0.032470
472	0.034807
473	0.037301
474	0.039815
475	0.042529
476	0.045400
477	0.048344
478	0.051277
479	0.054131
480	0.056925
481	0.060500
482	0.065464
483	0.072429
484	0.082062
485	0.094736
486	0.105710
487	0.111001
488	0.113449
489	0.116264
490	0.122449
491	0.132004
492	0.142448
493	0.150295
494	0.156320
495	0.164236
496	0.177212
497	0.191726
498	0.202728
499	0.210601
500	0.216817
501	0.222751
502	0.229443
503	0.235913
504	0.240764
505	0.244980
506	0.256346
507	0.283894
508	0.318766
509	0.343271
510	0.356244
511	0.364587
512	0.374398
513	0.386733
514	0.399488
515	0.411822
516	0.422980
517	0.432813
518	0.441863
519	0.450563
520	0.459281
521	0.468375
522	0.477770
523	0.487867
524	0.499377
525	0.512419
526	0.526274
527	0.539824
528	0.554114
529	0.572160
530	0.591893
531	0.602280
532	0.606683
533	0.619061
534	0.636162
535	0.651814
536	0.664850
537	0.674388
538	0.682356
539	0.689207
540	0.695997
541	0.704042
542	0.714087
543	0.726432
544	0.741502
545	0.755420
546	0.764370
547	0.768123
548	0.770289
549	0.773066
550	0.776433
551	0.779223
552	0.780303
553	0.779408
554	0.776713
555	0.774105
556	0.771586
557	0.769027
558	0.766771
559	0.768289
560	0.769378
561	0.767689
562	0.764387
563	0.760489
564	0.755896
565	0.750568
566	0.745917
567	0.741706
568	0.737047
569	0.731357
570	0.724940
571	0.719054
572	0.712216
573	0.704380
574	0.695798
575	0.686546
576	0.675078
577	0.663880
578	0.654473
579	0.646478
580	0.639239
581	0.632345
582	0.626489
583	0.622375
584	0.619456
585	0.617493
586	0.616347
587	0.615799
588	0.614944
589	0.614436
590	0.615068
591	0.616645
592	0.618142
593	0.618550
594	0.619066
595	0.619795
596	0.620826
597	0.622249
598	0.624259
599	0.626584
600	0.629879
601	0.633564
602	0.637084
603	0.640147
604	0.643146
605	0.645193
606	0.647024
607	0.648762
608	0.650490
609	0.652582
610	0.657430
611	0.663352
612	0.669640
613	0.675348
614	0.678872
615	0.680324
616	0.680374
617	0.678239
618	0.675714
619	0.673986
620	0.672330
621	0.669670
622	0.666304
623	0.662517
624	0.659045
625	0.655942
626	0.652818
627	0.650225
628	0.647179
629	0.642149
630	0.635075
631	0.627423
632	0.620568
633	0.615463
634	0.611349
635	0.607606
636	0.604409
637	0.601700
638	0.598113
639	0.593183
640	0.587962
641	0.582465
642	0.577219
643	0.573134
644	0.570149
645	0.567916
646	0.567144
647	0.567174
648	0.567051
649	0.565966
650	0.564698
651	0.564038
652	0.563109
653	0.560950
654	0.556723
655	0.550525
656	0.541793
657	0.530319
658	0.516018
659	0.498728
660	0.478472
661	0.455007
662	0.427603
663	0.393267
664	0.361095
665	0.335673
666	0.312716
667	0.289137
668	0.263073
669	0.235359
670	0.207169
671	0.179568
672	0.153311
673	0.129336
674	0.108814
675	0.092015
676	0.078402
677	0.067404
678	0.058456
679	0.050994
680	0.044421
681	0.038180
682	0.031697
683	0.024832
684	0.018832
685	0.014476
686	0.011492
687	0.009544
688	0.008301
689	0.007435
690	0.006708
691	0.006089
692	0.005566
693	0.005129
694	0.004773
695	0.004488
696	0.004264
697	0.004092
698	0.003964
699	0.003872
700	0.003815
701	0.003771
702	0.003721
703	0.003670
704	0.003620
705	0.003574
706	0.003532
707	0.003498
708	0.003469
709	0.003450
710	0.003443
711	0.003443
712	0.003443
713	0.003447
714	0.003455
715	0.003466
716	0.003478
717	0.003488
718	0.003497
719	0.003502
720	0.003504
721	0.003500
722	0.003490
723	0.003478
724	0.003465
725	0.003453
726	0.003445
727	0.003443
728	0.003450
729	0.003465
730	0.003494
731	0.003538
732	0.003600
733	0.003683
734	0.003788
735	0.003724
736	0.000000
737	0.000000
738	0.000000
739	0.000000
740	0.000000
