# Spalte1: Wellenlänge [nm]
# Spalte2: Intensität [mV]
335	0.023559
336	0.024616
337	0.025675
338	0.026734
339	0.027792
340	0.028848
341	0.029902
342	0.030952
343	0.031997
344	0.033037
345	0.034071
346	0.035100
347	0.036125
348	0.037145
349	0.038162
350	0.039175
351	0.040186
352	0.041195
353	0.042202
354	0.043209
355	0.044216
356	0.045223
357	0.046233
358	0.047244
359	0.048259
360	0.049278
361	0.050299
362	0.051321
363	0.052341
364	0.053357
365	0.054366
366	0.055366
367	0.056354
368	0.057326
369	0.058280
370	0.059213
371	0.060121
372	0.061001
373	0.061849
374	0.062662
375	0.063436
376	0.064167
377	0.064853
378	0.065489
379	0.066072
380	0.066600
381	0.067070
382	0.067479
383	0.067827
384	0.068110
385	0.068328
386	0.068478
387	0.068559
388	0.068569
389	0.068508
390	0.068374
391	0.068167
392	0.067889
393	0.067542
394	0.067129
395	0.066651
396	0.066113
397	0.065515
398	0.064865
399	0.064175
400	0.063456
401	0.062718
402	0.061973
403	0.061230
404	0.060496
405	0.059781
406	0.059092
407	0.058434
408	0.057816
409	0.057243
410	0.056722
411	0.056258
412	0.055854
413	0.055499
414	0.055181
415	0.054812
416	0.054358
417	0.053912
418	0.053636
419	0.053344
420	0.053024
421	0.052669
422	0.052292
423	0.051997
424	0.051637
425	0.050989
426	0.050185
427	0.049396
428	0.048740
429	0.048002
430	0.047068
431	0.046044
432	0.044957
433	0.043814
434	0.042623
435	0.041507
436	0.040362
437	0.039122
438	0.037836
439	0.036589
440	0.035394
441	0.034261
442	0.033226
443	0.032273
444	0.031392
445	0.030585
446	0.029853
447	0.029195
448	0.028611
449	0.028073
450	0.027570
451	0.027145
452	0.026923
453	0.026772
454	0.026691
455	0.026680
456	0.026724
457	0.026754
458	0.026847
459	0.027000
460	0.027214
461	0.027493
462	0.027851
463	0.028264
464	0.028731
465	0.029250
466	0.029822
467	0.030443
468	0.031114
469	0.031762
470	0.032457
471	0.033296
472	0.034286
473	0.035355
474	0.036350
475	0.037470
476	0.038757
477	0.040209
478	0.041830
479	0.043633
480	0.045635
481	0.048060
482	0.050786
483	0.053715
484	0.056792
485	0.060070
486	0.063454
487	0.066837
488	0.070246
489	0.073554
490	0.076903
491	0.080360
492	0.084201
493	0.088363
494	0.092786
495	0.097524
496	0.102724
497	0.108193
498	0.113929
499	0.119933
500	0.126108
501	0.132439
502	0.139124
503	0.146227
504	0.153808
505	0.162098
506	0.171162
507	0.180891
508	0.190971
509	0.201909
510	0.213810
511	0.226784
512	0.241062
513	0.256675
514	0.272600
515	0.288230
516	0.303005
517	0.316589
518	0.328730
519	0.339215
520	0.348190
521	0.356720
522	0.365574
523	0.375845
524	0.388841
525	0.405496
526	0.425381
527	0.446872
528	0.468318
529	0.488596
530	0.508397
531	0.527878
532	0.547067
533	0.568022
534	0.591998
535	0.618586
536	0.646189
537	0.672336
538	0.697507
539	0.721672
540	0.744957
541	0.767273
542	0.788670
543	0.809223
544	0.831595
545	0.854560
546	0.876643
547	0.896117
548	0.914365
549	0.931412
550	0.946695
551	0.960362
552	0.972696
553	0.983868
554	0.991552
555	0.997577
556	1.001833
557	1.004612
558	1.007259
559	1.015239
560	1.023841
561	1.030677
562	1.037076
563	1.041087
564	1.042057
565	1.041294
566	1.041146
567	1.041582
568	1.042633
569	1.044157
570	1.046269
571	1.050251
572	1.053255
573	1.055403
574	1.057698
575	1.060380
576	1.060277
577	1.060337
578	1.062170
579	1.064401
580	1.065453
581	1.064704
582	1.063508
583	1.063287
584	1.063358
585	1.063678
586	1.064473
587	1.065967
588	1.067024
589	1.069056
590	1.071766
591	1.071858
592	1.068827
593	1.064524
594	1.062832
595	1.060996
596	1.053353
597	1.046230
598	1.040879
599	1.036865
600	1.036343
601	1.037350
602	1.037779
603	1.035892
604	1.031124
605	1.021882
606	1.010526
607	0.998835
608	0.988295
609	0.979443
610	0.974943
611	0.971032
612	0.965383
613	0.958212
614	0.950311
615	0.941783
616	0.932494
617	0.919909
618	0.904631
619	0.887450
620	0.870175
621	0.853014
622	0.836123
623	0.819608
624	0.804009
625	0.788789
626	0.772941
627	0.756853
628	0.739592
629	0.720670
630	0.700264
631	0.677577
632	0.650901
633	0.618165
634	0.578134
635	0.532572
636	0.484291
637	0.436368
638	0.391218
639	0.351319
640	0.318055
641	0.288850
642	0.261046
643	0.232673
644	0.201217
645	0.166951
646	0.133069
647	0.101634
648	0.075980
649	0.057462
650	0.044384
651	0.035414
652	0.028638
653	0.023122
654	0.018667
655	0.015163
656	0.012475
657	0.010477
658	0.009038
659	0.008032
660	0.007338
661	0.006832
662	0.006405
663	0.006021
664	0.005680
665	0.005375
666	0.005094
667	0.004848
668	0.004635
669	0.004451
670	0.004297
671	0.004172
672	0.004066
673	0.003973
674	0.003893
675	0.003832
676	0.003795
677	0.003776
678	0.003769
679	0.003771
680	0.003780
681	0.003796
682	0.003818
683	0.003847
684	0.003880
685	0.003921
686	0.003966
687	0.004011
688	0.004054
689	0.004095
690	0.004133
691	0.004168
692	0.004196
693	0.004215
694	0.004225
695	0.004224
696	0.004213
697	0.004190
698	0.004156
699	0.004114
700	0.004073
701	0.004027
702	0.003972
703	0.003921
704	0.003873
705	0.003826
706	0.003777
707	0.003725
708	0.003667
709	0.003609
710	0.003553
711	0.003496
712	0.003432
713	0.003369
714	0.003309
715	0.003253
716	0.003202
717	0.003155
718	0.003113
719	0.003075
720	0.003042
721	0.003014
722	0.002991
723	0.002974
724	0.002963
725	0.002954
726	0.002946
727	0.002940
728	0.002933
729	0.002924
730	0.002913
731	0.002900
732	0.002880
733	0.002850
734	0.002812
735	0.002766
736	0.002710
737	0.002638
738	0.002545
739	0.002431
740	0.013281
