# Spalte1: Wellenlänge [nm]
# Spalte2: Intensität [mV]
335	0.000000
336	0.000000
337	0.000000
338	0.000000
339	0.000000
340	0.000000
341	0.000000
342	0.000000
343	0.000000
344	0.000000
345	0.000000
346	0.000000
347	0.000000
348	0.000000
349	0.000000
350	0.000000
351	0.000000
352	0.000000
353	0.000000
354	-0.030645
355	-0.027876
356	-0.027518
357	-0.068078
358	-0.068256
359	-0.068723
360	-0.069309
361	-0.069967
362	-0.070654
363	-0.071325
364	-0.071939
365	-0.072483
366	-0.072959
367	-0.073366
368	-0.073706
369	-0.073979
370	-0.074186
371	-0.074329
372	-0.074409
373	-0.074426
374	-0.074383
375	-0.074281
376	-0.074121
377	-0.073904
378	-0.073632
379	-0.073306
380	-0.072923
381	-0.072478
382	-0.071967
383	-0.071386
384	-0.070732
385	-0.070002
386	-0.069193
387	-0.068304
388	-0.067333
389	-0.066282
390	-0.065148
391	-0.063935
392	-0.062642
393	-0.061273
394	-0.059830
395	-0.058317
396	-0.056739
397	-0.055102
398	-0.053432
399	-0.051753
400	-0.050086
401	-0.048448
402	-0.046852
403	-0.045311
404	-0.043830
405	-0.042418
406	-0.041078
407	-0.039801
408	-0.038564
409	-0.037343
410	-0.036118
411	-0.034872
412	-0.033591
413	-0.032271
414	-0.030905
415	-0.029450
416	-0.027897
417	-0.026302
418	-0.024747
419	-0.023140
420	-0.021486
421	-0.019787
422	-0.018057
423	-0.016337
424	-0.014580
425	-0.012743
426	-0.010885
427	-0.009059
428	-0.007283
429	-0.005522
430	-0.003778
431	-0.002078
432	-0.000433
433	0.001149
434	0.002663
435	0.004114
436	0.005494
437	0.006784
438	0.007977
439	0.009084
440	0.010105
441	0.011041
442	0.011905
443	0.012697
444	0.013419
445	0.014081
446	0.014692
447	0.015263
448	0.015801
449	0.016299
450	0.016757
451	0.017204
452	0.017732
453	0.018262
454	0.018793
455	0.019323
456	0.019842
457	0.020298
458	0.020746
459	0.021187
460	0.021619
461	0.022046
462	0.022480
463	0.022901
464	0.023308
465	0.023698
466	0.024073
467	0.024434
468	0.024780
469	0.025060
470	0.025324
471	0.025636
472	0.025984
473	0.026300
474	0.026461
475	0.026609
476	0.026766
477	0.026920
478	0.027064
479	0.027198
480	0.027324
481	0.027558
482	0.027809
483	0.028008
484	0.028136
485	0.028259
486	0.028378
487	0.028497
488	0.028681
489	0.028923
490	0.029158
491	0.029282
492	0.029423
493	0.029583
494	0.029765
495	0.029995
496	0.030317
497	0.030670
498	0.031054
499	0.031470
500	0.031895
501	0.032315
502	0.032765
503	0.033245
504	0.033754
505	0.034326
506	0.034956
507	0.035605
508	0.036204
509	0.036842
510	0.037521
511	0.038247
512	0.039052
513	0.039992
514	0.040998
515	0.042075
516	0.043228
517	0.044465
518	0.045791
519	0.047206
520	0.048700
521	0.050274
522	0.051879
523	0.053518
524	0.055225
525	0.056991
526	0.058809
527	0.060756
528	0.062996
529	0.065693
530	0.068875
531	0.072384
532	0.076062
533	0.079977
534	0.084210
535	0.088820
536	0.093742
537	0.098832
538	0.104235
539	0.109877
540	0.115755
541	0.121909
542	0.128292
543	0.134853
544	0.141987
545	0.149441
546	0.156822
547	0.163788
548	0.170610
549	0.177338
550	0.184119
551	0.191405
552	0.199504
553	0.208236
554	0.216837
555	0.225520
556	0.234360
557	0.243459
558	0.253080
559	0.264591
560	0.276807
561	0.289001
562	0.301671
563	0.315301
564	0.329942
565	0.345653
566	0.363018
567	0.381995
568	0.402519
569	0.424669
570	0.449018
571	0.476771
572	0.507354
573	0.540987
574	0.577708
575	0.616716
576	0.655462
577	0.695063
578	0.736198
579	0.777662
580	0.817871
581	0.855862
582	0.892794
583	0.930115
584	0.967523
585	1.005200
586	1.043493
587	1.082536
588	1.120970
589	1.160127
590	1.201803
591	1.246043
592	1.291198
593	1.335216
594	1.380409
595	1.426871
596	1.474697
597	1.524117
598	1.575287
599	1.627006
600	1.680605
601	1.734497
602	1.787041
603	1.837125
604	1.885593
605	1.929496
606	1.970158
607	2.006940
608	2.039093
609	2.067342
610	2.099475
611	2.130215
612	2.157682
613	2.185125
614	2.215599
615	2.246692
616	2.273629
617	2.290316
618	2.300960
619	2.309170
620	2.316981
621	2.322669
622	2.326844
623	2.330094
624	2.335119
625	2.342222
626	2.349942
627	2.360154
628	2.369592
629	2.373895
630	2.374063
631	2.371222
632	2.365505
633	2.358705
634	2.352219
635	2.346402
636	2.343314
637	2.344239
638	2.345619
639	2.344386
640	2.342181
641	2.336539
642	2.327227
643	2.316055
644	2.302581
645	2.285591
646	2.267784
647	2.245822
648	2.215174
649	2.172047
650	2.119348
651	2.062433
652	2.001174
653	1.935588
654	1.865009
655	1.789362
656	1.705778
657	1.611523
658	1.503538
659	1.380318
660	1.248119
661	1.116685
662	0.990369
663	0.870384
664	0.755329
665	0.643747
666	0.536402
667	0.438901
668	0.355219
669	0.288142
670	0.235836
671	0.195111
672	0.162487
673	0.135056
674	0.111905
675	0.092521
676	0.076395
677	0.063011
678	0.051839
679	0.042379
680	0.034364
681	0.027673
682	0.022177
683	0.017735
684	0.014211
685	0.011486
686	0.009451
687	0.008012
688	0.007080
689	0.006572
690	0.006402
691	0.006482
692	0.006722
693	0.007034
694	0.007332
695	0.007536
696	0.007632
697	0.007638
698	0.007574
699	0.007462
700	0.007336
701	0.007188
702	0.007015
703	0.006850
704	0.006713
705	0.006611
706	0.006541
707	0.006500
708	0.006483
709	0.006495
710	0.006533
711	0.006580
712	0.006622
713	0.006666
714	0.006706
715	0.006741
716	0.006768
717	0.006781
718	0.006776
719	0.006748
720	0.006694
721	0.006619
722	0.006529
723	0.006433
724	0.006340
725	0.006256
726	0.006188
727	0.006145
728	0.006133
729	0.006159
730	0.006222
731	0.006307
732	0.006399
733	0.006482
734	0.006539
735	0.006551
736	0.016400
737	0.016589
738	0.016699
739	0.016712
740	0.000000
