# Spalte1: Wellenlänge [nm]
# Spalte2: Intensität [mV]
335	-0.003891
336	-0.004375
337	-0.004776
338	-0.005089
339	-0.005310
340	-0.005434
341	-0.005463
342	-0.005394
343	-0.005229
344	-0.004972
345	-0.004624
346	-0.004190
347	-0.003674
348	-0.003083
349	-0.002424
350	-0.001703
351	-0.000929
352	-0.000112
353	0.000738
354	0.001611
355	0.002494
356	0.003377
357	0.004249
358	0.005101
359	0.005924
360	0.006716
361	0.007475
362	0.008200
363	0.008891
364	0.009546
365	0.010165
366	0.010748
367	0.011296
368	0.011807
369	0.012283
370	0.012724
371	0.013131
372	0.013504
373	0.013845
374	0.014154
375	0.014433
376	0.014682
377	0.014904
378	0.015100
379	0.015272
380	0.015421
381	0.015546
382	0.015648
383	0.015725
384	0.015777
385	0.015804
386	0.015806
387	0.015783
388	0.015735
389	0.015663
390	0.015569
391	0.015459
392	0.015340
393	0.015220
394	0.015104
395	0.014999
396	0.014909
397	0.014841
398	0.014798
399	0.014782
400	0.014799
401	0.014851
402	0.014942
403	0.015074
404	0.015247
405	0.015460
406	0.015711
407	0.015996
408	0.016312
409	0.016658
410	0.017030
411	0.017426
412	0.017841
413	0.018274
414	0.018721
415	0.019152
416	0.019552
417	0.019954
418	0.020417
419	0.020875
420	0.021323
421	0.021756
422	0.022180
423	0.022638
424	0.023065
425	0.023353
426	0.023547
427	0.023718
428	0.023917
429	0.024040
430	0.024029
431	0.023937
432	0.023779
433	0.023561
434	0.023290
435	0.023037
436	0.022745
437	0.022373
438	0.021947
439	0.021527
440	0.021124
441	0.020751
442	0.020438
443	0.020190
444	0.020016
445	0.019929
446	0.019937
447	0.020050
448	0.020257
449	0.020524
450	0.020834
451	0.021215
452	0.021763
453	0.022369
454	0.023021
455	0.023711
456	0.024421
457	0.025078
458	0.025749
459	0.026426
460	0.027105
461	0.027783
462	0.028448
463	0.029052
464	0.029569
465	0.029974
466	0.030246
467	0.030407
468	0.030543
469	0.030683
470	0.030995
471	0.031516
472	0.032159
473	0.032873
474	0.033565
475	0.034471
476	0.035672
477	0.037210
478	0.039131
479	0.041494
480	0.044355
481	0.047944
482	0.052088
483	0.056476
484	0.060839
485	0.065085
486	0.068994
487	0.072184
488	0.074234
489	0.075147
490	0.075798
491	0.076302
492	0.077676
493	0.080610
494	0.085783
495	0.093775
496	0.102507
497	0.107583
498	0.108982
499	0.109212
500	0.110633
501	0.114842
502	0.122533
503	0.133123
504	0.146997
505	0.160781
506	0.173769
507	0.185403
508	0.194753
509	0.201352
510	0.204322
511	0.205722
512	0.209345
513	0.216838
514	0.228999
515	0.246891
516	0.269634
517	0.285323
518	0.294718
519	0.302546
520	0.313311
521	0.328584
522	0.345028
523	0.360119
524	0.373226
525	0.382934
526	0.390233
527	0.401708
528	0.423429
529	0.487427
530	0.573830
531	0.590913
532	0.612460
533	0.636184
534	0.659769
535	0.680670
536	0.696328
537	0.707603
538	0.718591
539	0.731719
540	0.749986
541	0.775230
542	0.805105
543	0.836303
544	0.867250
545	0.894074
546	0.914095
547	0.924893
548	0.927366
549	0.897911
550	0.903173
551	0.909328
552	0.915811
553	0.922640
554	0.926008
555	0.926789
556	0.927408
557	0.930946
558	0.935612
559	0.942816
560	0.944913
561	0.941206
562	0.938160
563	0.930463
564	0.929691
565	0.933732
566	0.943497
567	0.954351
568	0.961129
569	0.962725
570	0.963124
571	0.967558
572	0.974685
573	0.983708
574	0.993844
575	1.003985
576	1.010565
577	1.016089
578	1.022462
579	1.028884
580	1.034029
581	1.036913
582	1.038234
583	1.039601
584	1.048009
585	1.051447
586	1.044764
587	1.043712
588	1.044087
589	1.044241
590	1.042967
591	1.040265
592	1.037268
593	1.034828
594	1.033973
595	1.030975
596	1.024614
597	1.016726
598	1.008814
599	1.000268
600	0.992742
601	0.975762
602	0.976399
603	0.971209
604	0.958226
605	0.938140
606	0.913118
607	0.884011
608	0.851584
609	0.817129
610	0.784375
611	0.750533
612	0.711606
613	0.665019
614	0.607255
615	0.529546
616	0.448946
617	0.380980
618	0.324971
619	0.278412
620	0.239194
621	0.205220
622	0.175094
623	0.148642
624	0.125818
625	0.106149
626	0.089171
627	0.074650
628	0.062266
629	0.052060
630	0.043557
631	0.036133
632	0.029637
633	0.024189
634	0.019689
635	0.015968
636	0.012911
637	0.010447
638	0.008512
639	0.007038
640	0.005953
641	0.005174
642	0.004625
643	0.004237
644	0.003936
645	0.003668
646	0.003430
647	0.003217
648	0.003023
649	0.002843
650	0.002682
651	0.002546
652	0.002431
653	0.002335
654	0.002256
655	0.002197
656	0.002155
657	0.002127
658	0.002110
659	0.002105
660	0.002115
661	0.002142
662	0.002184
663	0.002239
664	0.002303
665	0.002372
666	0.002446
667	0.002531
668	0.002623
669	0.002724
670	0.002832
671	0.002949
672	0.003070
673	0.003190
674	0.003313
675	0.003438
676	0.003566
677	0.003696
678	0.003828
679	0.003962
680	0.004093
681	0.004220
682	0.004343
683	0.004465
684	0.004586
685	0.004710
686	0.004830
687	0.004942
688	0.005045
689	0.005143
690	0.005234
691	0.005315
692	0.005382
693	0.005432
694	0.005466
695	0.005484
696	0.005487
697	0.005474
698	0.005445
699	0.005405
700	0.005362
701	0.005302
702	0.005209
703	0.005095
704	0.004964
705	0.004816
706	0.004650
707	0.004467
708	0.004269
709	0.004066
710	0.003862
711	0.003654
712	0.003443
713	0.003238
714	0.003045
715	0.002869
716	0.002713
717	0.002579
718	0.002472
719	0.002418
720	0.002451
721	0.002605
722	0.002914
723	0.003412
724	0.004136
725	0.005121
726	0.006403
727	0.007947
728	0.009334
729	0.009999
730	0.009381
731	0.007141
732	0.009182
733	0.009254
734	0.009319
735	0.009373
736	0.009425
737	0.009570
738	0.009953
739	0.010722
740	0.000000
