# Spalte1: Wellenlänge [nm]
# Spalte2: Intensität [mV]
335	-0.024952
336	-0.023787
337	-0.022560
338	-0.021307
339	-0.020071
340	-0.018895
341	-0.017823
342	-0.016904
343	-0.016186
344	-0.015719
345	-0.015528
346	-0.015611
347	-0.015964
348	-0.016576
349	-0.017434
350	-0.018522
351	-0.019819
352	-0.021305
353	-0.022951
354	-0.024730
355	-0.026611
356	-0.028560
357	-0.030540
358	-0.032513
359	-0.034438
360	-0.036273
361	-0.037971
362	-0.039486
363	-0.040768
364	-0.041767
365	-0.042430
366	-0.042700
367	-0.042520
368	-0.041829
369	-0.040572
370	-0.038777
371	-0.036557
372	-0.034037
373	-0.031345
374	-0.028617
375	-0.025996
376	-0.023627
377	-0.021649
378	-0.020086
379	-0.018914
380	-0.018107
381	-0.017636
382	-0.017469
383	-0.017574
384	-0.017915
385	-0.018455
386	-0.019156
387	-0.019976
388	-0.020875
389	-0.021816
390	-0.022768
391	-0.023699
392	-0.024580
393	-0.025381
394	-0.026072
395	-0.026629
396	-0.027028
397	-0.027277
398	-0.027393
399	-0.027362
400	-0.027154
401	-0.026735
402	-0.026072
403	-0.025132
404	-0.023912
405	-0.022438
406	-0.020738
407	-0.018841
408	-0.016776
409	-0.014576
410	-0.012275
411	-0.009909
412	-0.007516
413	-0.005135
414	-0.002808
415	-0.000577
416	0.001505
417	0.003389
418	0.005044
419	0.006415
420	0.007459
421	0.008185
422	0.008620
423	0.008813
424	0.008769
425	0.008483
426	0.008018
427	0.007441
428	0.006807
429	0.006119
430	0.005404
431	0.004713
432	0.004086
433	0.003556
434	0.003151
435	0.002907
436	0.002835
437	0.002949
438	0.003261
439	0.003781
440	0.004502
441	0.005418
442	0.006531
443	0.007841
444	0.009358
445	0.011092
446	0.013053
447	0.015220
448	0.017503
449	0.019787
450	0.021970
451	0.023994
452	0.025906
453	0.027526
454	0.028776
455	0.029643
456	0.030200
457	0.030460
458	0.030605
459	0.030717
460	0.030874
461	0.031156
462	0.031648
463	0.032388
464	0.033433
465	0.034839
466	0.036654
467	0.038919
468	0.041625
469	0.044645
470	0.048032
471	0.051883
472	0.056177
473	0.060763
474	0.065316
475	0.070137
476	0.075266
477	0.080655
478	0.086261
479	0.092058
480	0.098022
481	0.104573
482	0.111379
483	0.118138
484	0.124725
485	0.131452
486	0.138373
487	0.145535
488	0.153321
489	0.161787
490	0.170656
491	0.179343
492	0.188619
493	0.198562
494	0.209254
495	0.220947
496	0.234055
497	0.248190
498	0.263398
499	0.279720
500	0.296974
501	0.315046
502	0.334269
503	0.354584
504	0.375836
505	0.398274
506	0.421754
507	0.445699
508	0.468996
509	0.492530
510	0.516152
511	0.539581
512	0.562889
513	0.586562
514	0.609230
515	0.630597
516	0.650374
517	0.668277
518	0.684063
519	0.698221
520	0.711922
521	0.726339
522	0.741943
523	0.759734
524	0.780814
525	0.805610
526	0.834722
527	0.869621
528	0.911977
529	0.963921
530	1.028040
531	1.103294
532	1.186095
533	1.275289
534	1.369903
535	1.468433
536	1.567441
537	1.662116
538	1.752350
539	1.834613
540	1.908476
541	1.975286
542	2.035069
543	2.087835
544	2.140418
545	2.189492
546	2.230033
547	2.257887
548	2.277421
549	2.289444
550	2.292475
551	2.287999
552	2.279075
553	2.268536
554	2.253631
555	2.237952
556	2.219066
557	2.194482
558	2.163254
559	2.134295
560	2.095956
561	2.042337
562	1.977452
563	1.905656
564	1.828530
565	1.747533
566	1.665778
567	1.582404
568	1.497002
569	1.410173
570	1.324207
571	1.242471
572	1.161008
573	1.076374
574	0.985145
575	0.883606
576	0.766493
577	0.638713
578	0.509441
579	0.386176
580	0.276819
581	0.189345
582	0.125384
583	0.081706
584	0.054786
585	0.041258
586	0.034875
587	0.029434
588	0.024560
589	0.020260
590	0.016523
591	0.013296
592	0.010520
593	0.008152
594	0.006179
595	0.004568
596	0.003282
597	0.002288
598	0.001551
599	0.001037
600	0.000712
601	0.000544
602	0.000498
603	0.000544
604	0.000650
605	0.000785
606	0.000919
607	0.001046
608	0.001165
609	0.001277
610	0.001387
611	0.001491
612	0.001587
613	0.001676
614	0.001759
615	0.001837
616	0.001911
617	0.001976
618	0.002038
619	0.002101
620	0.002166
621	0.002230
622	0.002290
623	0.002346
624	0.002399
625	0.002448
626	0.002495
627	0.002543
628	0.002591
629	0.002636
630	0.002679
631	0.002720
632	0.002759
633	0.002797
634	0.002832
635	0.002867
636	0.002902
637	0.002940
638	0.002979
639	0.003015
640	0.003052
641	0.003088
642	0.003122
643	0.003156
644	0.003189
645	0.003220
646	0.003256
647	0.003294
648	0.003330
649	0.003360
650	0.003391
651	0.003428
652	0.003467
653	0.003501
654	0.003528
655	0.003553
656	0.003577
657	0.003605
658	0.003634
659	0.003662
660	0.003690
661	0.003718
662	0.003747
663	0.003782
664	0.003821
665	0.003858
666	0.003887
667	0.003916
668	0.003944
669	0.003972
670	0.004003
671	0.004037
672	0.004070
673	0.004097
674	0.004122
675	0.004145
676	0.004165
677	0.004181
678	0.004192
679	0.004204
680	0.004212
681	0.004216
682	0.004217
683	0.004216
684	0.004212
685	0.004210
686	0.004205
687	0.004197
688	0.004184
689	0.004168
690	0.004150
691	0.004129
692	0.004105
693	0.004076
694	0.004046
695	0.004013
696	0.003979
697	0.003942
698	0.003905
699	0.003868
700	0.003841
701	0.003812
702	0.003770
703	0.003724
704	0.003676
705	0.003627
706	0.003577
707	0.003526
708	0.003474
709	0.003425
710	0.003379
711	0.003331
712	0.003275
713	0.003217
714	0.003156
715	0.003091
716	0.003023
717	0.002950
718	0.002873
719	0.002791
720	0.002706
721	0.002615
722	0.002519
723	0.002418
724	0.002311
725	0.002199
726	0.002080
727	0.001954
728	0.001823
729	0.001695
730	0.001582
731	0.001496
732	0.001448
733	0.001449
734	0.010112
735	0.010330
736	0.010632
737	0.011032
738	0.011544
739	0.012186
740	0.000000
