# Spalte1: Wellenlänge [nm]
# Spalte2: Intensität [mV]
335	0.041908
336	0.042724
337	0.043419
338	0.044055
339	0.044683
340	0.045403
341	0.046282
342	0.047225
343	0.048201
344	0.049133
345	0.050141
346	0.051065
347	0.051982
348	0.053233
349	0.054584
350	0.055955
351	0.057391
352	0.058888
353	0.060459
354	0.062078
355	0.063740
356	0.065465
357	0.067223
358	0.068999
359	0.070783
360	0.072570
361	0.074343
362	0.076090
363	0.077554
364	0.078949
365	0.080283
366	0.081572
367	0.082925
368	0.084219
369	0.085454
370	0.086631
371	0.087746
372	0.088803
373	0.089803
374	0.090748
375	0.091638
376	0.092512
377	0.093357
378	0.094152
379	0.094896
380	0.095622
381	0.096329
382	0.096989
383	0.097604
384	0.098150
385	0.098516
386	0.098835
387	0.099105
388	0.099384
389	0.099578
390	0.099659
391	0.099617
392	0.099459
393	0.099175
394	0.098980
395	0.098642
396	0.098155
397	0.097357
398	0.096336
399	0.095234
400	0.094102
401	0.093016
402	0.092035
403	0.091222
404	0.090579
405	0.090143
406	0.090018
407	0.090114
408	0.090331
409	0.090469
410	0.090704
411	0.091022
412	0.091568
413	0.092083
414	0.092510
415	0.092819
416	0.093040
417	0.093290
418	0.093871
419	0.094465
420	0.095031
421	0.095569
422	0.096078
423	0.096782
424	0.097431
425	0.097595
426	0.097512
427	0.097503
428	0.097779
429	0.097897
430	0.097622
431	0.097203
432	0.096658
433	0.095899
434	0.094932
435	0.094060
436	0.093037
437	0.091674
438	0.090010
439	0.088188
440	0.086280
441	0.084311
442	0.082375
443	0.080440
444	0.078456
445	0.076506
446	0.074663
447	0.072998
448	0.071467
449	0.070119
450	0.068881
451	0.067846
452	0.067370
453	0.067076
454	0.066950
455	0.067017
456	0.067227
457	0.067420
458	0.067789
459	0.068265
460	0.068773
461	0.069257
462	0.069733
463	0.070288
464	0.071101
465	0.072278
466	0.073800
467	0.075638
468	0.077769
469	0.079992
470	0.082435
471	0.085268
472	0.088434
473	0.091667
474	0.094499
475	0.097461
476	0.100668
477	0.104133
478	0.107869
479	0.111925
480	0.116349
481	0.121654
482	0.127465
483	0.133434
484	0.139387
485	0.145583
486	0.151957
487	0.158421
488	0.165361
489	0.172804
490	0.180399
491	0.187542
492	0.194955
493	0.202649
494	0.210693
495	0.219240
496	0.228478
497	0.238172
498	0.248328
499	0.258789
500	0.269384
501	0.280026
502	0.291007
503	0.302348
504	0.314090
505	0.326491
506	0.339475
507	0.352722
508	0.365442
509	0.378470
510	0.391837
511	0.405552
512	0.419884
513	0.435424
514	0.451301
515	0.467549
516	0.484252
517	0.501300
518	0.518880
519	0.536804
520	0.555017
521	0.573441
522	0.591524
523	0.609259
524	0.627127
525	0.644972
526	0.662660
527	0.680149
528	0.697512
529	0.715036
530	0.733156
531	0.751010
532	0.767600
533	0.783698
534	0.800160
535	0.818540
536	0.840076
537	0.865312
538	0.893855
539	0.918821
540	0.937086
541	0.951245
542	0.963613
543	0.976355
544	0.993804
545	1.013895
546	1.033604
547	1.050161
548	1.065331
549	1.079685
550	1.092625
551	1.103975
552	1.113749
553	1.122002
554	1.126290
555	1.128667
556	1.128891
557	1.127111
558	1.124992
559	1.128706
560	1.132352
561	1.132499
562	1.130817
563	1.128996
564	1.126963
565	1.124727
566	1.123568
567	1.122319
568	1.120454
569	1.118438
570	1.117654
571	1.120464
572	1.124091
573	1.127760
574	1.130859
575	1.132963
576	1.131146
577	1.129187
578	1.129347
579	1.130745
580	1.132066
581	1.132288
582	1.132544
583	1.134199
584	1.136003
585	1.137554
586	1.138742
587	1.139621
588	1.138810
589	1.137769
590	1.138075
591	1.139544
592	1.140631
593	1.139405
594	1.138080
595	1.136542
596	1.134796
597	1.132947
598	1.131318
599	1.129488
600	1.128523
601	1.127469
602	1.125487
603	1.122034
604	1.117586
605	1.110479
606	1.102856
607	1.095943
608	1.089977
609	1.085195
610	1.084498
611	1.083940
612	1.081563
613	1.077996
614	1.073858
615	1.069021
616	1.063240
617	1.054192
618	1.043370
619	1.031827
620	1.019656
621	1.005559
622	0.990612
623	0.978320
624	0.971002
625	0.966525
626	0.959878
627	0.951746
628	0.943096
629	0.933240
630	0.923264
631	0.913206
632	0.901912
633	0.888511
634	0.874868
635	0.863512
636	0.853329
637	0.841769
638	0.826516
639	0.807287
640	0.788999
641	0.771373
642	0.752088
643	0.729939
644	0.706399
645	0.683200
646	0.661017
647	0.638817
648	0.614702
649	0.588028
650	0.560898
651	0.534310
652	0.507398
653	0.479488
654	0.450290
655	0.420303
656	0.389548
657	0.358865
658	0.329361
659	0.301206
660	0.269692
661	0.231536
662	0.191212
663	0.154181
664	0.122851
665	0.098551
666	0.080483
667	0.066916
668	0.055943
669	0.046763
670	0.039215
671	0.033125
672	0.028273
673	0.024487
674	0.021634
675	0.019547
676	0.018045
677	0.016983
678	0.016238
679	0.015732
680	0.015410
681	0.015234
682	0.015161
683	0.015140
684	0.015123
685	0.015072
686	0.014947
687	0.014766
688	0.014560
689	0.014380
690	0.014263
691	0.014235
692	0.014253
693	0.014264
694	0.014219
695	0.014064
696	0.013745
697	0.013246
698	0.012676
699	0.012181
700	0.011922
701	0.012003
702	0.012495
703	0.013236
704	0.013905
705	0.014271
706	0.014379
707	0.014314
708	0.014168
709	0.014050
710	0.014027
711	0.014066
712	0.014120
713	0.014189
714	0.014248
715	0.014269
716	0.014235
717	0.014139
718	0.013936
719	0.013604
720	0.013194
721	0.012771
722	0.012408
723	0.012266
724	0.012591
725	0.013502
726	0.014674
727	0.015677
728	0.016077
729	0.015640
730	0.014900
731	0.014518
732	0.014586
733	0.014775
734	0.014761
735	0.014497
736	0.014167
737	0.013965
738	0.014077
739	0.014694
740	0.015356
