# Spalte1: Wellenlänge [nm]
# Spalte2: Intensität [mV]
335	-0.201549
336	-0.211535
337	-0.221952
338	-0.232488
339	-0.242873
340	-0.252560
341	-0.261261
342	-0.269677
343	-0.278100
344	-0.287083
345	-0.295950
346	0.300812
347	0.293141
348	0.292470
349	0.295643
350	0.300943
351	0.307463
352	0.314177
353	0.321017
354	0.327998
355	0.335237
356	0.342958
357	0.350882
358	0.358736
359	0.366275
360	0.373265
361	0.379381
362	0.384296
363	0.386415
364	0.386687
365	0.385425
366	0.383109
367	0.380668
368	0.377941
369	0.375378
370	0.373447
371	0.372608
372	0.373366
373	0.375923
374	0.380060
375	0.385517
376	0.392183
377	0.399729
378	0.407732
379	0.415860
380	0.423916
381	0.431536
382	0.438234
383	0.443644
384	0.447279
385	0.448246
386	0.446842
387	0.442767
388	0.436014
389	0.425873
390	0.411991
391	0.394805
392	0.375770
393	0.356347
394	0.338764
395	0.323660
396	0.312477
397	0.306032
398	0.304529
399	0.307211
400	0.312997
401	0.320942
402	0.330124
403	0.339677
404	0.348566
405	0.355894
406	0.361189
407	0.364020
408	0.364830
409	0.363705
410	0.362274
411	0.361365
412	0.362400
413	0.364919
414	0.369147
415	0.375399
416	0.384230
417	0.396555
418	0.414179
419	0.435561
420	0.458960
421	0.482607
422	0.504679
423	0.524523
424	0.539016
425	0.543858
426	0.538519
427	0.523200
428	0.500277
429	0.471362
430	0.439602
431	0.410460
432	0.388042
433	0.375486
434	0.371565
435	0.372771
436	0.374845
437	0.375828
438	0.373261
439	0.364821
440	0.351582
441	0.335984
442	0.320451
443	0.306566
444	0.295212
445	0.286353
446	0.279632
447	0.274779
448	0.271160
449	0.268588
450	0.266438
451	0.264781
452	0.264858
453	0.265112
454	0.265349
455	0.265428
456	0.264898
457	0.262882
458	0.260109
459	0.256696
460	0.252794
461	0.248598
462	0.244386
463	0.240085
464	0.235831
465	0.231749
466	0.227988
467	0.224692
468	0.222015
469	0.219596
470	0.218016
471	0.217852
472	0.218685
473	0.219451
474	0.218672
475	0.217161
476	0.214698
477	0.210852
478	0.205264
479	0.198348
480	0.191052
481	0.185038
482	0.180513
483	0.177752
484	0.176645
485	0.177352
486	0.179602
487	0.183066
488	0.187660
489	0.192780
490	0.197421
491	0.200434
492	0.202580
493	0.203972
494	0.204768
495	0.205207
496	0.205534
497	0.205601
498	0.205489
499	0.205149
500	0.204543
501	0.203689
502	0.202825
503	0.201968
504	0.201203
505	0.200815
506	0.200863
507	0.201262
508	0.201589
509	0.202240
510	0.203111
511	0.204089
512	0.205211
513	0.206672
514	0.207964
515	0.209033
516	0.209887
517	0.210513
518	0.211089
519	0.211671
520	0.212382
521	0.213298
522	0.214183
523	0.214991
524	0.215837
525	0.216605
526	0.217171
527	0.217441
528	0.217378
529	0.217194
530	0.217240
531	0.217463
532	0.217742
533	0.218252
534	0.219083
535	0.220194
536	0.221300
537	0.222054
538	0.222796
539	0.223343
540	0.223713
541	0.224067
542	0.224400
543	0.224695
544	0.225667
545	0.226967
546	0.228071
547	0.228532
548	0.228886
549	0.229278
550	0.229547
551	0.229631
552	0.229513
553	0.229227
554	0.228338
555	0.227365
556	0.226344
557	0.225344
558	0.224570
559	0.225146
560	0.225991
561	0.226444
562	0.226342
563	0.225975
564	0.225434
565	0.224845
566	0.224632
567	0.224699
568	0.224869
569	0.225049
570	0.225340
571	0.226194
572	0.227172
573	0.228235
574	0.229365
575	0.230482
576	0.230945
577	0.231471
578	0.232475
579	0.233729
580	0.234927
581	0.235866
582	0.236795
583	0.238016
584	0.239283
585	0.240528
586	0.241736
587	0.242908
588	0.243729
589	0.244495
590	0.245533
591	0.246804
592	0.247968
593	0.248600
594	0.249174
595	0.249660
596	0.250061
597	0.250427
598	0.250887
599	0.251408
600	0.252294
601	0.253402
602	0.254582
603	0.255707
604	0.256942
605	0.257922
606	0.258936
607	0.260046
608	0.261290
609	0.262696
610	0.264760
611	0.266538
612	0.267695
613	0.268532
614	0.269352
615	0.270266
616	0.271346
617	0.272110
618	0.272081
619	0.270993
620	0.271295
621	0.272453
622	0.273944
623	0.275380
624	0.276854
625	0.278360
626	0.279703
627	0.281208
628	0.282566
629	0.283246
630	0.283318
631	0.283302
632	0.284049
633	0.285367
634	0.286801
635	0.287905
636	0.288468
637	0.288653
638	0.288955
639	0.289615
640	0.290604
641	0.291405
642	0.291916
643	0.292375
644	0.292821
645	0.293301
646	0.294333
647	0.295773
648	0.297166
649	0.298163
650	0.299226
651	0.300838
652	0.302720
653	0.304646
654	0.306490
655	0.307772
656	0.307414
657	0.306575
658	0.305823
659	0.304998
660	0.304701
661	0.304999
662	0.305879
663	0.307518
664	0.309463
665	0.311076
666	0.311768
667	0.312274
668	0.312666
669	0.313021
670	0.313640
671	0.314767
672	0.316059
673	0.317159
674	0.318181
675	0.318981
676	0.319445
677	0.319955
678	0.320725
679	0.321654
680	0.322460
681	0.323192
682	0.323934
683	0.324667
684	0.325380
685	0.326290
686	0.327215
687	0.327959
688	0.328452
689	0.328969
690	0.329555
691	0.330268
692	0.331066
693	0.332013
694	0.333265
695	0.334636
696	0.335765
697	0.336372
698	0.336601
699	0.337013
700	0.338560
701	0.340437
702	0.341581
703	0.342701
704	0.344074
705	0.345666
706	0.347396
707	0.349200
708	0.350970
709	0.352955
710	0.354820
711	0.355621
712	0.354792
713	0.354385
714	0.354939
715	0.355924
716	0.356983
717	0.358080
718	0.359273
719	0.360454
720	0.361714
721	0.363086
722	0.364567
723	0.366085
724	0.367681
725	0.369208
726	0.370592
727	0.371821
728	0.372863
729	0.373574
730	0.374306
731	0.375142
732	0.376166
733	0.377454
734	0.379042
735	0.380767
736	0.382444
737	0.384025
738	0.385217
739	0.386094
740	0.386805
