# Spalte1: Wellenlänge [nm]
# Spalte2: Intensität [mV]
335	0.006215
336	0.006379
337	0.006531
338	0.006673
339	0.006804
340	0.006923
341	0.007032
342	0.007129
343	0.007215
344	0.007291
345	0.007355
346	0.007407
347	0.007449
348	0.007480
349	0.007499
350	0.007507
351	-0.016166
352	-0.030028
353	-0.041394
354	-0.050295
355	-0.056792
356	-0.060978
357	-0.062971
358	-0.062922
359	-0.061010
360	-0.057440
361	-0.052452
362	-0.046310
363	-0.039310
364	-0.031775
365	-0.024059
366	-0.016544
367	-0.009590
368	-0.003303
369	0.002304
370	0.007220
371	0.011436
372	-0.007589
373	-0.008854
374	-0.009835
375	-0.010479
376	-0.010779
377	-0.010744
378	-0.010380
379	-0.009694
380	-0.008695
381	-0.007393
382	-0.005800
383	-0.003932
384	-0.001806
385	0.000557
386	0.003133
387	0.005894
388	0.008809
389	0.011847
390	0.014974
391	0.018160
392	0.021374
393	0.024584
394	0.027763
395	0.030881
396	0.033911
397	0.036828
398	0.039607
399	0.042224
400	0.044656
401	0.046880
402	0.048878
403	0.050655
404	0.052226
405	0.053605
406	0.054805
407	0.055838
408	0.056712
409	0.057434
410	0.058013
411	0.058455
412	0.058768
413	0.058959
414	0.059036
415	0.058922
416	0.058600
417	0.058191
418	0.057887
419	0.057507
420	0.057058
421	0.056549
422	0.056011
423	0.055574
424	0.055087
425	0.054319
426	0.053416
427	0.052565
428	0.051894
429	0.051179
430	0.050302
431	0.049377
432	0.048435
433	0.047483
434	0.046531
435	0.045714
436	0.044911
437	0.044028
438	0.043107
439	0.042236
440	0.041421
441	0.040671
442	0.040028
443	0.039473
444	0.039006
445	0.038651
446	0.038429
447	0.038356
448	0.038445
449	0.038664
450	0.039005
451	0.039530
452	0.040437
453	0.041549
454	0.042866
455	0.044379
456	0.046059
457	0.047776
458	0.049656
459	0.051692
460	0.053876
461	0.056215
462	0.058731
463	0.061364
464	0.064100
465	0.066926
466	0.069866
467	0.072989
468	0.076374
469	0.079938
470	0.083886
471	0.088050
472	0.092031
473	0.095727
474	0.098879
475	0.102220
476	0.105964
477	0.110041
478	0.114370
479	0.118899
480	0.123572
481	0.128874
482	0.134338
483	0.139560
484	0.144347
485	0.149078
486	0.153905
487	0.158988
488	0.164833
489	0.171371
490	0.178058
491	0.184037
492	0.189851
493	0.195300
494	0.200196
495	0.204969
496	0.210821
497	0.217834
498	0.225594
499	0.233573
500	0.241373
501	0.248902
502	0.256438
503	0.264002
504	0.271616
505	0.279565
506	0.287816
507	0.296048
508	0.303628
509	0.311245
510	0.318901
511	0.326601
512	0.334583
513	0.343268
514	0.351924
515	0.360455
516	0.368763
517	0.376746
518	0.384350
519	0.391636
520	0.398684
521	0.405579
522	0.412031
523	0.418175
524	0.424413
525	0.430690
526	0.436773
527	0.442406
528	0.447333
529	0.451481
530	0.454668
531	0.455329
532	0.454074
533	0.454809
534	0.458947
535	0.464082
536	0.468710
537	0.472192
538	0.475338
539	0.477878
540	0.479961
541	0.482007
542	0.484090
543	0.486278
544	0.490204
545	0.495042
546	0.499579
547	0.502942
548	0.506190
549	0.509547
550	0.512672
551	0.515405
552	0.517657
553	0.519310
554	0.518990
555	0.517494
556	0.514958
557	0.511978
558	0.509456
559	0.510184
560	0.511245
561	0.510774
562	0.508516
563	0.503878
564	0.497327
565	0.489772
566	0.482571
567	0.475314
568	0.467081
569	0.457233
570	0.445780
571	0.433994
572	0.421602
573	0.407893
574	0.392445
575	0.375169
576	0.355181
577	0.333859
578	0.312209
579	0.290330
580	0.268079
581	0.245039
582	0.221577
583	0.198954
584	0.177461
585	0.157103
586	0.137958
587	0.120151
588	0.103714
589	0.088967
590	0.075971
591	0.064553
592	0.054524
593	0.045806
594	0.038448
595	0.032272
596	0.027067
597	0.022678
598	0.019073
599	0.016250
600	0.014029
601	0.012236
602	0.010766
603	0.009545
604	0.008544
605	0.007728
606	0.007080
607	0.006575
608	0.006187
609	0.005891
610	0.005680
611	0.005508
612	0.005349
613	0.005204
614	0.005077
615	0.004957
616	0.004837
617	0.004713
618	0.004593
619	0.004483
620	0.004384
621	0.004291
622	0.004204
623	0.004123
624	0.004052
625	0.003988
626	0.003930
627	0.003880
628	0.003834
629	0.003784
630	0.003732
631	0.003682
632	0.003634
633	0.003587
634	0.003544
635	0.003503
636	0.003467
637	0.003435
638	0.003397
639	0.003345
640	0.003291
641	0.003231
642	0.003165
643	0.003119
644	0.003077
645	0.003038
646	0.003006
647	0.002977
648	0.002947
649	0.002912
650	0.002877
651	0.002846
652	0.002816
653	0.002782
654	0.002744
655	0.002707
656	0.002673
657	0.002642
658	0.002611
659	0.002584
660	0.002562
661	0.002542
662	0.002524
663	0.002510
664	0.002499
665	0.002493
666	0.002485
667	0.002480
668	0.002480
669	0.002483
670	0.002489
671	0.002501
672	0.002520
673	0.002542
674	0.002567
675	0.002590
676	0.002614
677	0.002644
678	0.002680
679	0.002716
680	0.002743
681	0.002770
682	0.002795
683	0.002826
684	0.002862
685	0.002896
686	0.002926
687	0.002958
688	0.002990
689	0.003021
690	0.003049
691	0.003072
692	0.003091
693	0.003104
694	0.003115
695	0.003124
696	0.003131
697	0.003132
698	0.003125
699	0.003113
700	0.003106
701	0.003096
702	0.003071
703	0.003037
704	0.002997
705	0.002950
706	0.002896
707	0.002835
708	0.002769
709	0.002705
710	0.002643
711	0.002583
712	0.002521
713	0.002465
714	0.002414
715	0.002377
716	0.002355
717	0.002343
718	0.002350
719	0.002381
720	0.002435
721	0.002513
722	0.002619
723	0.002755
724	0.002922
725	0.003122
726	0.003361
727	0.003641
728	0.003959
729	0.004303
730	0.004672
731	0.005047
732	0.005405
733	0.005747
734	0.006080
735	0.006360
736	0.003029
737	0.003204
738	0.003310
739	0.003333
740	0.003257
