# Spalte1: Wellenlänge [nm]
# Spalte2: Intensität [mV]
350	0.000000
351	0.000000
352	0.000000
353	0.000000
354	0.000000
355	0.000000
356	0.000000
357	0.000000
358	0.000000
359	0.000000
360	0.000000
361	0.000000
362	0.000000
363	0.000000
364	0.000000
365	0.000000
366	0.000000
367	0.000000
368	0.000000
369	0.000000
370	0.000000
371	0.000000
372	0.000000
373	0.000000
374	0.000000
375	0.000000
376	0.000000
377	0.000000
378	0.000000
379	0.000000
380	0.000000
381	0.000000
382	0.000000
383	0.000000
384	0.000000
385	0.000000
386	0.000000
387	0.000000
388	0.000000
389	0.000000
390	0.000000
391	0.000000
392	0.000000
393	0.000000
394	0.000000
395	0.000000
396	0.000000
397	0.000000
398	0.000000
399	0.000000
400	0.000000
401	0.000000
402	0.000000
403	0.000000
404	0.000000
405	0.000000
406	0.000000
407	0.000000
408	0.000000
409	0.000000
410	0.000000
411	0.000000
412	0.000000
413	0.000000
414	0.000000
415	0.000000
416	0.000000
417	0.000000
418	0.000000
419	0.000000
420	0.000000
421	0.000000
422	0.000000
423	0.000000
424	0.000000
425	0.000000
426	0.000000
427	0.000000
428	0.000000
429	0.000000
430	0.000000
431	0.000000
432	0.000000
433	0.000000
434	0.000000
435	0.000000
436	0.000000
437	0.000000
438	0.000000
439	0.000000
440	0.000000
441	0.003823
442	0.007647
443	0.011470
444	0.015294
445	0.019117
446	0.022941
447	0.026764
448	0.030588
449	0.034411
450	0.038235
451	0.042058
452	0.045882
453	0.049705
454	0.053975
455	0.058722
456	0.063940
457	0.069467
458	0.075495
459	0.082020
460	0.089033
461	0.096549
462	0.104605
463	0.113098
464	0.121993
465	0.131242
466	0.140795
467	0.150590
468	0.160612
469	0.170591
470	0.180964
471	0.192327
472	0.204773
473	0.217874
474	0.230529
475	0.243656
476	0.257178
477	0.270722
478	0.283896
479	0.296438
480	0.308410
481	0.321362
482	0.334489
483	0.347193
484	0.359485
485	0.372362
486	0.385829
487	0.399862
488	0.415306
489	0.431994
490	0.448320
491	0.457778
492	0.466190
493	0.480775
494	0.498757
495	0.518490
496	0.538658
497	0.556115
498	0.570293
499	0.582539
500	0.593843
501	0.605373
502	0.618755
503	0.633821
504	0.650231
505	0.668449
506	0.688266
507	0.708746
508	0.727585
509	0.745316
510	0.761251
511	0.775246
512	0.787995
513	0.800731
514	0.812106
515	0.822486
516	0.832744
517	0.843839
518	0.856245
519	0.869432
520	0.882726
521	0.895429
522	0.906133
523	0.914959
524	0.922781
525	0.929782
526	0.936148
527	0.942062
528	0.947635
529	0.953293
530	0.959831
531	0.966119
532	0.970923
533	0.975335
534	0.980323
535	0.986280
536	0.992320
537	0.996971
538	1.001778
539	1.005994
540	1.009532
541	1.012643
542	1.014938
543	1.016038
544	1.018832
545	1.021533
546	1.022780
547	1.022091
548	1.022103
549	1.023031
550	1.023911
551	1.024163
552	1.023361
553	1.021095
554	1.014783
555	1.006550
556	0.996695
557	0.985433
558	0.973568
559	0.965782
560	0.956905
561	0.944187
562	0.929266
563	0.913557
564	0.897095
565	0.877882
566	0.854295
567	0.830832
568	0.806855
569	0.781151
570	0.754038
571	0.726542
572	0.696642
573	0.663791
574	0.627479
575	0.587010
576	0.541490
577	0.494401
578	0.448034
579	0.402620
580	0.358164
581	0.315065
582	0.274316
583	0.236757
584	0.202675
585	0.172593
586	0.146726
587	0.124697
588	0.105947
589	0.090229
590	0.077226
591	0.066452
592	0.057366
593	0.049473
594	0.042553
595	0.036500
596	0.031246
597	0.026728
598	0.022888
599	0.019643
600	0.016941
601	0.014696
602	0.012827
603	0.011265
604	0.009952
605	0.008806
606	0.007779
607	0.006848
608	0.006008
609	0.005259
610	0.004609
611	0.004036
612	0.003530
613	0.003091
614	0.002748
615	0.002404
616	0.002061
617	0.001717
618	0.001374
619	0.001030
620	0.000687
621	0.000343
622	0.000000
623	0.000000
624	0.000000
625	0.000000
626	0.000000
627	0.000000
628	0.000000
629	0.000000
630	0.000000
631	0.000000
632	0.000000
633	0.000000
634	0.000000
635	0.000000
636	0.000000
637	0.000000
638	0.000000
639	0.000000
640	0.000000
641	0.000000
642	0.000000
643	0.000000
644	0.000000
645	0.000000
646	0.000000
647	0.000000
648	0.000000
649	0.000000
650	0.000000
651	0.000000
652	0.000000
653	0.000000
654	0.000000
655	0.000000
656	0.000000
657	0.000000
658	0.000000
659	0.000000
660	0.000000
661	0.000000
662	0.000000
663	0.000000
664	0.000000
665	0.000000
666	0.000000
667	0.000000
668	0.000000
669	0.000000
670	0.000000
671	0.000000
672	0.000000
673	0.000000
674	0.000000
675	0.000000
676	0.000000
677	0.000000
678	0.000000
679	0.000000
680	0.000000
681	0.000000
682	0.000000
683	0.000000
684	0.000000
685	0.000000
686	0.000000
687	0.000000
688	0.000000
689	0.000000
690	0.000000
691	0.000000
692	0.000000
693	0.000000
694	0.000000
695	0.000000
696	0.000000
697	0.000000
698	0.000000
699	0.000000
700	0.000000
701	0.000000
702	0.000000
703	0.000000
704	0.000000
705	0.000000
706	0.000000
707	0.000000
708	0.000000
709	0.000000
710	0.000000
711	0.000000
712	0.000000
713	0.000000
714	0.000000
715	0.000000
716	0.000000
717	0.000000
718	0.000000
719	0.000000
720	0.000000
721	0.000000
722	0.000000
723	0.000000
724	0.000000
725	0.000000
726	0.000000
727	0.000000
728	0.000000
729	0.000000
730	0.000000
731	0.000000
732	0.000000
733	0.000000
734	0.000000
735	0.000000
736	0.000000
737	0.000000
738	0.000000
739	0.000000
740	0.000000
741	0.000000
742	0.000000
743	0.000000
744	0.000000
745	0.000000
746	0.000000
747	0.000000
748	0.000000
749	0.000000
750	0.000000
