# Spalte1: Wellenlänge [nm]
# Spalte2: Intensität [mV]
350	 0.000000
351	 0.000000
352	 0.000000
353	 0.000000
354	 0.000000
355	 0.000000
356	 0.000000
357	 0.000000
358	 0.000000
359	 0.000000
360	 0.000000
361	 0.000000
362	 0.000000
363	 0.000000
364	 0.000000
365	 0.000000
366	 0.000000
367	 0.000000
368	 0.000000
369	 0.000000
370	 0.000000
371	 0.000000
372	 0.000000
373	 0.000000
374	 0.000000
375	 0.000000
376	 0.000000
377	 0.000000
378	 0.000000
379	 0.000000
380	 0.000000
381	 0.000000
382	 0.000000
383	 0.000000
384	 0.000000
385	 0.000000
386	 0.000000
387	 0.000000
388	 0.000000
389	 0.000000
390	 0.000000
391	 0.000000
392	 0.000000
393	 0.000000
394	 0.000000
395	 0.000000
396	 0.000000
397	 0.000000
398	 0.000000
399	 0.000000
400	 0.000000
401	 0.000000
402	 0.000000
403	 0.000000
404	 0.000000
405	 0.000000
406	 0.000000
407	 0.000000
408	 0.000000
409	 0.000000
410	 0.000000
411	 0.000000
412	 0.000000
413	 0.000000
414	 0.000000
415	 0.000000
416	 0.000000
417	 0.000000
418	 0.000000
419	 0.000000
420	 0.000000
421	 0.000000
422	 0.000000
423	 0.000000
424	 0.000000
425	 0.000000
426	 0.000000
427	 0.000000
428	 0.000000
429	 0.000000
430	 0.000000
431	 0.000000
432	 0.000000
433	 0.000000
434	 0.000000
435	 0.000000
436	 0.000000
437	 0.000000
438	 0.000000
439	 0.000000
440	 0.000000
441	 0.000000
442	 0.000000
443	 0.000000
444	 0.000000
445	 0.000000
446	 0.000000
447	 0.000000
448	 0.000000
449	 0.000000
450	 0.000000
451	 0.000000
452	 0.000000
453	 0.000000
454	 0.000000
455	 0.000000
456	 0.000000
457	 0.000000
458	 0.000000
459	0.000000
460	0.003729
461	0.007458
462	0.011187
463	0.014916
464	0.018645
465	0.022373
466	0.026102
467	0.029831
468	0.033560
469	0.037289
470	0.041018
471	0.044747
472	0.048476
473	0.052205
474	0.055934
475	0.059663
476	0.063392
477	0.067120
478	0.070849
479	0.074578
480	0.078307
481	0.082036
482	0.085765
483	0.089379
484	0.093141
485	0.097159
486	0.101321
487	0.105501
488	0.109844
489	0.114252
490	0.118499
491	0.122242
492	0.126161
493	0.130545
494	0.135721
495	0.141978
496	0.149520
497	0.158125
498	0.167135
499	0.175640
500	0.182722
501	0.187643
502	0.190967
503	0.193671
504	0.196838
505	0.201666
506	0.209114
507	0.219964
508	0.233972
509	0.249871
510	0.265702
511	0.279932
512	0.291746
513	0.302074
514	0.311121
515	0.319703
516	0.328650
517	0.338646
518	0.350609
519	0.365209
520	0.382761
521	0.401332
522	0.418088
523	0.432443
524	0.445987
525	0.459566
526	0.473905
527	0.489731
528	0.507447
529	0.525825
530	0.546775
531	0.571143
532	0.596281
533	0.622263
534	0.649768
535	0.679119
536	0.709726
537	0.740408
538	0.771909
539	0.802686
540	0.832171
541	0.861736
542	0.892422
543	0.924001
544	0.958677
545	0.994797
546	1.029906
547	1.062008
548	1.093863
549	1.126767
550	1.158786
551	1.186103
552	1.207978
553	1.225643
554	1.237622
555	1.247508
556	1.256269
557	1.264266
558	1.272241
559	1.286169
560	1.299202
561	1.307430
562	1.312774
563	1.317172
564	1.319922
565	1.320005
566	1.317912
567	1.311291
568	1.298256
569	1.279662
570	1.261653
571	1.247300
572	1.227902
573	1.197558
574	1.157462
575	1.112008
576	1.061913
577	1.012397
578	0.964888
579	0.917769
580	0.869352
581	0.818580
582	0.766065
583	0.712357
584	0.656211
585	0.597066
586	0.534567
587	0.468718
588	0.402509
589	0.342331
590	0.293743
591	0.257270
592	0.230452
593	0.208642
594	0.187549
595	0.164316
596	0.139873
597	0.115579
598	0.092790
599	0.072787
600	0.056580
601	0.043862
602	0.034147
603	0.026987
604	0.021964
605	0.018601
606	0.016276
607	0.013951
608	0.011626
609	0.009300
610	0.006975
611	0.004650
612	0.002325
613	0.000000
614	0.000000
615	0.000000
616	0.000000
617	0.000000
618	0.000000
619	0.000000
620	0.000000
621	0.000000
622	0.000000
623	0.000000
624	0.000000
625	0.000000
626	0.000000
627	0.000000
628	0.000000
629	0.000000
630	0.000000
631	0.000000
632	0.000000
633	0.000000
634	0.000000
635	0.000000
636	0.000000
637	0.000000
638	0.000000
639	0.000000
640	0.000000
641	0.000000
642	0.000000
643	0.000000
644	0.000000
645	0.000000
646	0.000000
647	0.000000
648	0.000000
649	0.000000
650	0.000000
651	0.000000
652	0.000000
653	0.000000
654	0.000000
655	0.000000
656	0.000000
657	0.000000
658	0.000000
659	0.000000
660	0.000000
661	0.000000
662	0.000000
663	0.000000
664	0.000000
665	0.000000
666	0.000000
667	0.000000
668	0.000000
669	0.000000
670	0.000000
671	0.000000
672	0.000000
673	0.000000
674	0.000000
675	0.000000
676	0.000000
677	0.000000
678	0.000000
679	0.000000
680	0.000000
681	0.000000
682	0.000000
683	0.000000
684	0.000000
685	0.000000
686	0.000000
687	0.000000
688	0.000000
689	0.000000
690	0.000000
691	0.000000
692	0.000000
693	0.000000
694	0.000000
695	0.000000
696	0.000000
697	0.000000
698	0.000000
699	0.000000
700	0.000000
701	0.000000
702	0.000000
703	0.000000
704	0.000000
705	0.000000
706	0.000000
707	0.000000
708	0.000000
709	0.000000
710	0.000000
711	0.000000
712	0.000000
713	0.000000
714	0.000000
715	0.000000
716	0.000000
717	0.000000
718	0.000000
719	0.000000
720	0.000000
721	0.000000
722	0.000000
723	0.000000
724	0.000000
725	0.000000
726	0.000000
727	0.000000
728	0.000000
729	0.000000
730	0.000000
731	0.000000
732	0.000000
733	0.000000
734	0.000000
735	0.000000
736	0.000000
737	0.000000
738	0.000000
739	0.000000
740	0.000000
741	0.000000
742	0.000000
743	0.000000
744	0.000000
745	0.000000
746	0.000000
747	0.000000
748	0.000000
749	0.000000
750	0.000000
