# Spalte1: Wellenlänge [nm]
# Spalte2: Intensität [mV]
350	0.000000
351	0.000000
352	0.000000
353	0.000000
354	0.000000
355	0.000000
356	0.000000
357	0.000000
358	0.000000
359	0.000000
360	0.000000
361	0.000000
362	0.000000
363	0.000000
364	0.000000
365	0.000000
366	0.000000
367	0.000000
368	0.000000
369	0.000000
370	0.000000
371	0.000000
372	0.000000
373	0.000000
374	0.000000
375	0.000000
376	0.000000
377	0.000000
378	0.000000
379	0.000000
380	0.000000
381	0.000000
382	0.000000
383	0.000000
384	0.000000
385	0.000000
386	0.000000
387	0.000000
388	0.000000
389	0.000000
390	0.000000
391	0.000000
392	0.000000
393	0.000000
394	0.000000
395	0.000000
396	0.000000
397	0.000000
398	0.000000
399	0.000000
400	0.000000
401	0.000000
402	0.000000
403	0.000000
404	0.000000
405	0.000000
406	0.000000
407	0.000000
408	0.000000
409	0.000000
410	0.000000
411	0.000000
412	0.000000
413	0.000000
414	0.000000
415	0.000000
416	0.000000
417	0.000000
418	0.000000
419	0.000000
420	0.000000
421	0.000000
422	0.000000
423	0.000000
424	0.000000
425	0.000000
426	0.000000
427	0.000000
428	0.000000
429	0.000000
430	0.000000
431	0.000000
432	0.000000
433	0.000000
434	0.000000
435	0.000000
436	0.000000
437	0.000000
438	0.000000
439	0.000000
440	0.000000
441	0.000000
442	0.000000
443	0.000000
444	0.000000
445	0.000000
446	0.000000
447	0.000000
448	0.000000
449	0.000000
450	0.000000
451	0.000000
452	0.000000
453	0.000000
454	0.000000
455	0.000000
456	0.000000
457	0.000000
458	0.000000
459	0.000000
460	0.000000
461	0.000000
462	0.000000
463	0.000000
464	0.000000
465	0.000000
466	0.000000
467	0.000000
468	0.000000
469	0.000000
470	0.000000
471	0.000000
472	0.000000
473	0.000000
474	0.000000
475	0.000000
476	0.000000
477	0.000000
478	0.000000
479	0.000000
480	0.000000
481	0.000000
482	0.000000
483	0.000000
484	0.000000
485	0.000000
486	0.000000
487	0.000000
488	0.000000
489	0.000000
490	0.000000
491	0.000000
492	0.000000
493	0.000000
494	0.000000
495	0.000000
496	0.000000
497	0.000000
498	0.000000
499	0.000000
500	0.000000
501	0.000000
502	0.000000
503	0.000000
504	0.000000
505	0.000000
506	0.000000
507	0.000000
508	0.000000
509	0.000000
510	0.000000
511	0.000000
512	0.000000
513	0.000000
514	0.000000
515	0.000000
516	0.000000
517	0.000000
518	0.000000
519	0.000000
520	0.000000
521	0.000000
522	0.000000
523	0.000000
524	0.000000
525	0.000000
526	0.000000
527	0.000000
528	0.000000
529	0.000000
530	0.000000
531	0.002893
532	0.005786
533	0.008679
534	0.011572
535	0.014465
536	0.017358
537	0.020251
538	0.023144
539	0.026037
540	0.028930
541	0.031823
542	0.035119
543	0.039090
544	0.043970
545	0.049771
546	0.056338
547	0.063296
548	0.070580
549	0.078114
550	0.085593
551	0.092912
552	0.100102
553	0.107363
554	0.114239
555	0.120425
556	0.126386
557	0.132470
558	0.138878
559	0.146533
560	0.153813
561	0.160949
562	0.167998
563	0.175006
564	0.182040
565	0.189276
566	0.197027
567	0.205157
568	0.213524
569	0.222055
570	0.230859
571	0.240324
572	0.249927
573	0.259567
574	0.269211
575	0.278762
576	0.287344
577	0.295449
578	0.302562
579	0.311762
580	0.320751
581	0.330458
582	0.341093
583	0.352358
584	0.363315
585	0.373239
586	0.381501
587	0.387841
588	0.392327
589	0.396132
590	0.400550
591	0.406209
592	0.412562
593	0.418062
594	0.425611
595	0.433873
596	0.441516
597	0.449635
598	0.458484
599	0.465521
600	0.471513
601	0.477395
602	0.483290
603	0.488690
604	0.493235
605	0.495556
606	0.496974
607	0.498871
608	0.501184
609	0.503164
610	0.504407
611	0.502210
612	0.495697
613	0.490343
614	0.484389
615	0.478244
616	0.472081
617	0.461145
618	0.447765
619	0.432548
620	0.416072
621	0.398426
622	0.380367
623	0.362217
624	0.343865
625	0.323273
626	0.299101
627	0.276134
628	0.256826
629	0.239834
630	0.223933
631	0.207803
632	0.190151
633	0.171298
634	0.152092
635	0.133226
636	0.115450
637	0.100429
638	0.090116
639	0.082583
640	0.075431
641	0.067076
642	0.057942
643	0.048769
644	0.040277
645	0.033074
646	0.027646
647	0.023779
648	0.021069
649	0.019110
650	0.017513
651	0.016039
652	0.014246
653	0.012320
654	0.010489
655	0.008947
656	0.007762
657	0.006861
658	0.006173
659	0.005487
660	0.004801
661	0.004115
662	0.003429
663	0.002744
664	0.002058
665	0.001372
666	0.000686
667	0.000000
668	0.000000
669	0.000000
670	0.000000
671	0.000000
672	0.000000
673	0.000000
674	0.000000
675	0.000000
676	0.000000
677	0.000000
678	0.000000
679	0.000000
680	0.000000
681	0.000000
682	0.000000
683	0.000000
684	0.000000
685	0.000000
686	0.000000
687	0.000000
688	0.000000
689	0.000000
690	0.000000
691	0.000000
692	0.000000
693	0.000000
694	0.000000
695	0.000000
696	0.000000
697	0.000000
698	0.000000
699	0.000000
700	0.000000
701	0.000000
702	0.000000
703	0.000000
704	0.000000
705	0.000000
706	0.000000
707	0.000000
708	0.000000
709	0.000000
710	0.000000
711	0.000000
712	0.000000
713	0.000000
714	0.000000
715	0.000000
716	0.000000
717	0.000000
718	0.000000
719	0.000000
720	0.000000
721	0.000000
722	0.000000
723	0.000000
724	0.000000
725	0.000000
726	0.000000
727	0.000000
728	0.000000
729	0.000000
730	0.000000
731	0.000000
732	0.000000
733	0.000000
734	0.000000
735	0.000000
736	0.000000
737	0.000000
738	0.000000
739	0.000000
740	0.000000
741	0.000000
742	0.000000
743	0.000000
744	0.000000
745	0.000000
746	0.000000
747	0.000000
748	0.000000
749	0.000000
750	0.000000
