# Spalte1: Wellenlänge [nm]
# Spalte2: Intensität [mV]
350	0.000000
351	0.000000
352	0.000000
353	0.000000
354	0.000000
355	0.000000
356	0.000000
357	0.000000
358	0.000000
359	0.000000
360	0.000000
361	0.000000
362	0.000000
363	0.000000
364	0.000000
365	0.000000
366	0.000000
367	0.000000
368	0.000000
369	0.000000
370	0.000000
371	0.000000
372	0.000000
373	0.000000
374	0.000000
375	0.000000
376	0.000000
377	0.000000
378	0.000000
379	0.000000
380	0.000000
381	0.000000
382	0.000000
383	0.000000
384	0.000000
385	0.000000
386	0.000000
387	0.000000
388	0.000000
389	0.000000
390	0.000000
391	0.000000
392	0.000000
393	0.000000
394	0.000000
395	0.000000
396	0.000000
397	0.000000
398	0.000000
399	0.000000
400	0.000000
401	0.000000
402	0.000000
403	0.000000
404	0.000000
405	0.000000
406	0.000000
407	0.000000
408	0.000000
409	0.000000
410	0.000000
411	0.000000
412	0.000000
413	0.000000
414	0.000000
415	0.000000
416	0.000000
417	0.000000
418	0.000000
419	0.000000
420	0.000000
421	0.000000
422	0.000000
423	0.000000
424	0.000000
425	0.000000
426	0.000000
427	0.000000
428	0.000000
429	0.000000
430	0.000000
431	0.000000
432	0.000000
433	0.000000
434	0.000000
435	0.000000
436	0.000000
437	0.000000
438	0.000000
439	0.000000
440	0.000000
441	0.000000
442	0.000000
443	0.000000
444	0.000000
445	0.000000
446	0.000000
447	0.000000
448	0.000000
449	0.000000
450	0.000000
451	0.000000
452	0.000000
453	0.000000
454	0.000000
455	0.000000
456	0.000000
457	0.000000
458	0.000000
459	0.000000
460	0.000000
461	0.000000
462	0.000000
463	0.000000
464	0.000000
465	0.000000
466	0.000000
467	0.000000
468	0.000000
469	0.000000
470	0.000000
471	0.000000
472	0.000000
473	0.000000
474	0.000000
475	0.000000
476	0.000000
477	0.000000
478	0.000000
479	0.000000
480	0.000000
481	0.000000
482	0.000000
483	0.000000
484	0.000000
485	0.000000
486	0.000000
487	0.000000
488	0.000000
489	0.000000
490	0.000000
491	0.000000
492	0.000000
493	0.000000
494	0.000000
495	0.000000
496	0.000000
497	0.000000
498	0.000000
499	0.000000
500	0.000000
501	0.000000
502	0.000000
503	0.000000
504	0.000000
505	0.000000
506	0.000000
507	0.000000
508	0.000000
509	0.000000
510	0.000000
511	0.000000
512	0.000000
513	0.000000
514	0.000000
515	0.000000
516	0.000000
517	0.000000
518	0.000000
519	0.000000
520	0.000000
521	0.000000
522	0.000000
523	0.000000
524	0.000000
525	0.000000
526	0.000000
527	0.000000
528	0.000000
529	0.000000
530	0.000000
531	0.000000
532	0.000000
533	0.000000
534	0.000000
535	0.000000
536	0.000000
537	0.000000
538	0.000000
539	0.000000
540	0.000000
541	0.000000
542	0.000000
543	0.000000
544	0.000000
545	0.000000
546	0.000000
547	0.000000
548	0.000000
549	0.000000
550	0.000000
551	0.000000
552	0.000000
553	0.000000
554	0.000000
555	0.000000
556	0.000000
557	0.000000
558	0.000000
559	0.000000
560	0.000000
561	0.000000
562	0.000000
563	0.000000
564	0.000000
565	0.000000
566	0.000000
567	0.000000
568	0.000000
569	0.000000
570	0.000000
571	0.000000
572	0.000000
573	0.000000
574	0.000000
575	0.000000
576	0.000000
577	0.000000
578	0.000000
579	0.000000
580	0.000000
581	0.000000
582	0.000000
583	0.000000
584	0.000000
585	0.000000
586	0.000000
587	0.000000
588	0.000000
589	0.000000
590	0.000000
591	0.000186
592	0.000380
593	0.000541
594	0.000716
595	0.000908
596	0.001116
597	0.001347
598	0.001610
599	0.001893
600	0.002226
601	0.002589
602	0.002967
603	0.003361
604	0.003803
605	0.004266
606	0.004793
607	0.005394
608	0.006077
609	0.006864
610	0.007865
611	0.008982
612	0.010165
613	0.011448
614	0.012868
615	0.014435
616	0.016157
617	0.017957
618	0.019900
619	0.022042
620	0.024411
621	0.026935
622	0.029570
623	0.032277
624	0.035069
625	0.037910
626	0.040715
627	0.043512
628	0.046190
629	0.048807
630	0.051548
631	0.054387
632	0.057254
633	0.060137
634	0.063039
635	0.065961
636	0.068980
637	0.072163
638	0.075409
639	0.078648
640	0.081985
641	0.085372
642	0.088833
643	0.092457
644	0.096347
645	0.100814
646	0.106379
647	0.113322
648	0.122064
649	0.133050
650	0.146853
651	0.164139
652	0.185202
653	0.210274
654	0.239468
655	0.273243
656	0.311810
657	0.355384
658	0.403968
659	0.457706
660	0.516900
661	0.581195
662	0.650070
663	0.723857
664	0.800629
665	0.877027
666	0.949208
667	1.018416
668	1.084602
669	1.147981
670	1.209921
671	1.271017
672	1.329522
673	1.383877
674	1.434911
675	1.482504
676	1.526701
677	1.567646
678	1.605727
679	1.641487
680	1.674410
681	1.705481
682	1.735815
683	1.765933
684	1.795916
685	1.826937
686	1.857776
687	1.887167
688	1.914326
689	1.940175
690	1.964482
691	1.987015
692	2.006936
693	2.024231
694	2.039620
695	2.053185
696	2.065001
697	2.075129
698	2.083699
699	2.092646
700	2.106578
701	2.120038
702	2.126633
703	2.130695
704	2.133695
705	2.135357
706	2.135394
707	2.133891
708	2.131110
709	2.130430
710	2.132284
711	2.133760
712	2.131770
713	2.130264
714	2.129069
715	2.127824
716	2.126006
717	2.122852
718	2.118508
719	2.112594
720	2.104729
721	2.094692
722	2.082605
723	2.068657
724	2.053624
725	2.036670
726	2.016791
727	1.992900
728	1.963824
729	1.927652
730	1.883838
731	1.831304
732	1.769780
733	1.701325
734	1.626374
735	1.540140
736	1.454577
737	1.369013
738	1.283450
739	1.197887
740	1.112323
741	1.026760
742	0.941197
743	0.855633
744	0.770070
745	0.684507
746	0.598943
747	0.513380
748	0.427817
749	0.342253
750	0.256690
