# Spalte1: Wellenlänge [nm]
# Spalte2: Intensität [mV]
350	0.000000
351	0.000000
352	0.000000
353	0.000000
354	0.000000
355	0.000000
356	0.000000
357	0.000000
358	0.000000
359	0.000000
360	0.000000
361	0.000000
362	0.000000
363	0.000000
364	0.000000
365	0.000000
366	0.000000
367	0.000000
368	0.000000
369	0.000000
370	0.000000
371	0.000000
372	0.000000
373	0.000000
374	0.000000
375	0.000000
376	0.000000
377	0.000000
378	0.000000
379	0.000000
380	0.000000
381	0.000000
382	0.000000
383	0.000000
384	0.000000
385	0.000000
386	0.000000
387	0.000000
388	0.000000
389	0.000000
390	0.000000
391	0.000000
392	0.000000
393	0.000000
394	0.000000
395	0.000000
396	0.000000
397	0.000000
398	0.000000
399	0.000000
400	0.000000
401	0.000000
402	0.000000
403	0.000000
404	0.000000
405	0.000000
406	0.000000
407	0.000000
408	0.000000
409	0.000000
410	0.000000
411	0.000000
412	0.000000
413	0.000000
414	0.000000
415	0.000000
416	0.000000
417	0.000000
418	0.000000
419	0.000000
420	0.000000
421	0.000000
422	0.000000
423	0.000000
424	0.000000
425	0.000000
426	0.000000
427	0.000000
428	0.000000
429	0.000000
430	0.000000
431	0.000000
432	0.000000
433	0.000000
434	0.000000
435	0.000000
436	0.000000
437	0.000000
438	0.000000
439	0.000000
440	0.000000
441	0.000000
442	0.000000
443	0.000000
444	0.000000
445	0.000000
446	0.000000
447	0.000000
448	0.000000
449	0.000000
450	0.000000
451	0.000000
452	0.000000
453	0.000000
454	0.000000
455	0.000000
456	0.000000
457	0.000000
458	0.000000
459	0.000000
460	0.000000
461	0.000000
462	0.000000
463	0.000000
464	0.000000
465	0.000000
466	0.000000
467	0.000000
468	0.000000
469	0.000000
470	0.000000
471	0.000000
472	0.000000
473	0.000000
474	0.000000
475	0.000000
476	0.000000
477	0.000000
478	0.000000
479	0.000000
480	0.000000
481	0.000000
482	0.000000
483	0.000000
484	0.000000
485	0.000000
486	0.000000
487	0.000000
488	0.000000
489	0.000000
490	0.000000
491	0.000000
492	0.000000
493	0.000000
494	0.000000
495	0.000000
496	0.000000
497	0.000000
498	0.000000
499	0.000000
500	0.000000
501	0.000000
502	0.000000
503	0.000000
504	0.000000
505	0.000000
506	0.000000
507	0.000000
508	0.000000
509	0.000000
510	0.000000
511	0.000000
512	0.000000
513	0.000000
514	0.000000
515	0.000000
516	0.000000
517	0.000000
518	0.000000
519	0.000000
520	0.000000
521	0.000000
522	0.000000
523	0.000000
524	0.000000
525	0.000000
526	0.000000
527	0.000000
528	0.000000
529	0.000000
530	0.000000
531	0.000000
532	0.000000
533	0.000000
534	0.000000
535	0.000000
536	0.000000
537	0.000000
538	0.000000
539	0.000000
540	0.000000
541	0.000000
542	0.000000
543	0.000000
544	0.000000
545	0.000000
546	0.000000
547	0.000000
548	0.000000
549	0.000000
550	0.000000
551	0.000000
552	0.000000
553	0.000000
554	0.000000
555	0.000000
556	0.000000
557	0.000000
558	0.000000
559	0.000000
560	0.000000
561	0.000000
562	0.000000
563	0.000000
564	0.000000
565	0.000000
566	0.000000
567	0.000000
568	0.000000
569	0.000000
570	0.000000
571	0.000000
572	0.000000
573	0.000000
574	0.000000
575	0.000000
576	0.000000
577	0.000000
578	0.000000
579	0.000000
580	0.000000
581	0.000000
582	0.000000
583	0.000000
584	0.000000
585	0.000000
586	0.000000
587	0.000000
588	0.000000
589	0.000000
590	0.000000
591	0.000000
592	0.000000
593	0.000000
594	0.000000
595	0.000000
596	0.000000
597	0.000000
598	0.000000
599	0.000000
600	0.000000
601	0.000000
602	0.000000
603	0.000000
604	0.000000
605	0.000000
606	0.000000
607	0.000000
608	0.000000
609	0.000000
610	0.000000
611	0.003229
612	0.006458
613	0.009688
614	0.012917
615	0.016146
616	0.019375
617	0.022604
618	0.025833
619	0.029063
620	0.032292
621	0.035521
622	0.038750
623	0.041979
624	0.045208
625	0.048438
626	0.051667
627	0.054896
628	0.058125
629	0.061354
630	0.064583
631	0.067813
632	0.071042
633	0.074271
634	0.077732
635	0.081367
636	0.085309
637	0.089655
638	0.094270
639	0.099023
640	0.103967
641	0.108992
642	0.114073
643	0.119274
644	0.124581
645	0.130013
646	0.135843
647	0.142014
648	0.148374
649	0.154757
650	0.161395
651	0.168564
652	0.176066
653	0.183682
654	0.191273
655	0.199053
656	0.207020
657	0.215219
658	0.223587
659	0.232177
660	0.241196
661	0.251008
662	0.262089
663	0.275277
664	0.290920
665	0.309110
666	0.329748
667	0.353756
668	0.380825
669	0.410559
670	0.442865
671	0.477653
672	0.514189
673	0.552761
674	0.594865
675	0.641598
676	0.694205
677	0.754472
678	0.824487
679	0.905688
680	0.995783
681	1.093612
682	1.204075
683	1.329324
684	1.469881
685	1.627323
686	1.801488
687	1.989840
688	2.188275
689	2.394482
690	2.605034
691	2.816696
692	3.025510
693	3.228296
694	3.422950
695	3.606442
696	3.775761
697	3.928955
698	4.066950
699	4.194378
700	4.321599
701	4.438644
702	4.532496
703	4.611711
704	4.679146
705	4.734090
706	4.775965
707	4.804208
708	4.818254
709	4.824410
710	4.822075
711	4.802679
712	4.757085
713	4.692814
714	4.609984
715	4.509136
716	4.391193
717	4.256851
718	4.108115
719	3.938126
720	3.734054
721	3.483428
722	3.189562
723	2.871177
724	2.548640
725	2.241077
726	1.968343
727	1.739171
728	1.543625
729	1.364715
730	1.189693
731	1.007371
732	0.825206
733	0.661376
734	0.522009
735	0.408154
736	0.320590
737	0.272109
738	0.223402
739	0.187904
740	0.162199
741	0.145979
742	0.129759
743	0.113539
744	0.097319
745	0.081100
746	0.064880
747	0.048660
748	0.032440
749	0.016220
750	0.000000
