#INFO
#COMMENT: 

#DATA:
0.5558461	3.1693e-005	0.00723841082	
0.555825	2.5499e-005	0.00723955792	
0.555825	2.0234e-005	0.00724502402	
0.5558673	1.8376e-005	0.00726648025	
0.5558884	2.9938e-005	0.00737703199	
0.5558884	2.6531e-005	0.00754956752	
0.5559096	1.9511e-005	0.00775732455	
0.5559308	3.3448e-005	0.0080496687	
0.5560154	2.5499e-005	0.00839635636	
0.5560789	2.1783e-005	0.00878361159	
0.5561847	2.7977e-005	0.00919347014	
0.5563116	2.6531e-005	0.00965231549	
0.5569887	2.6015e-005	0.0101492448	
0.5585543	3.799e-005	0.01064774	
0.5605432	4.1191e-005	0.0111470836	
0.5614318	4.2223e-005	0.0116002734	
0.5624685	4.2533e-005	0.0120126049	
0.5634629	4.7075e-005	0.0124603687	
0.5637591	6.5967e-005	0.0129285696	
0.5647747	6.3593e-005	0.0134138785	
0.5660019	6.9167e-005	0.0139236554	
0.5671549	0.000101893	0.0145435358	
0.5687418	0.000122746	0.0153740651	
0.5699055	0.000155678	0.0163258302	
0.5715981	0.000189436	0.0174199566	
0.5730791	0.000208844	0.0185694829	
0.5736504	0.000232691	0.0199604725	
0.5748352	0.000261184	0.0214198697	
0.5758931	0.000279043	0.022519881	
0.5768875	0.000300929	0.0233288847	
0.5782628	0.000314763	0.024054539	
0.5792149	0.000336648	0.0246467982	
0.5798919	0.000365761	0.0250743222	
0.580167	0.000380213	0.0255298356	
0.5806536	0.000392602	0.025896643	
0.5817326	0.000422333	0.026149596	
0.5827694	0.00043245	0.0264649917	
0.5830867	0.000456917	0.0268855637	
0.5846736	0.000484274	0.0274012255	
0.5857632	0.000506056	0.0280863016	
0.5866201	0.000522058	0.0288988667	
0.5876251	0.000539814	0.0300821686	
0.5888522	0.000552719	0.0317876762	
0.5901852	0.000571301	0.0341926334	
0.5911267	0.000572643	0.0370612939	
0.5910103	0.000576875	0.0403768297	
0.5920259	0.000590193	0.0435299833	
0.5925548	0.000597109	0.0467299202	
0.5932107	0.00059618	0.0507243378	
0.5939935	0.000614866	0.0555671395	
0.5951572	0.000614866	0.0608226222	
0.5958131	0.000619821	0.0650967258	
0.5964267	0.000626428	0.0688374114	
0.5971037	0.000633551	0.073230694	
0.5978443	0.000652134	0.0775781724	
0.598479	0.000666793	0.0819256214	
0.5988598	0.000685891	0.0859934832	
0.600087	0.000713145	0.0908675369	
0.6010602	0.000747213	0.0961423416	
0.6015998	0.000774054	0.101552924	
0.6033982	0.000821851	0.107373036	
0.6041387	0.000863971	0.113865666	
0.6045407	0.000902994	0.120266716	
0.6051331	0.000958844	0.127095978	
0.6060852	0.00099797	0.134121836	
0.6069527	0.001028837	0.141106547	
0.6078836	0.001050103	0.147020304	
0.6087088	0.001071576	0.152442746	
0.6097032	0.001080764	0.156965513	
0.6099253	0.001086958	0.162939957	
0.6111842	0.00108448	0.168565998	
0.612771	0.001080558	0.173655828	
0.614104	0.001060633	0.179462284	
0.614908	0.001049484	0.186610055	
0.6152465	0.001034412	0.191395571	
0.6156697	0.001010048	0.19588151	
0.6168968	0.000988575	0.200191593	
0.6179864	0.000971026	0.204636207	
0.6186529	0.000944494	0.20956608	
0.6192876	0.000914246	0.214116468	
0.6207475	0.000886993	0.218457602	
0.6217419	0.0008649	0.222461135	
0.6224084	0.00083362	0.226531611	
0.6223238	0.000801824	0.229621335	
0.6227258	0.000782209	0.232422036	
0.623297	0.000762595	0.235236393	
0.6243126	0.000730489	0.238103986	
0.6249685	0.000692602	0.241909758	
0.6261745	0.00067722	0.244818837	
0.6263437	0.000637577	0.248172875	
0.6267457	0.000602891	0.251330209	
0.6276132	0.000573675	0.254637286	
0.6283326	0.000541053	0.257688157	
0.6292427	0.000513076	0.260346147	
0.6308083	0.000475189	0.262850764	
0.6319297	0.000442257	0.265339351	
0.6329029	0.000416655	0.268569491	
0.632977	0.000378045	0.271438989	
0.6333049	0.000350379	0.274067234	
0.6334954	0.000333964	0.276064518	
0.6335588	0.000309807	0.277890482	
0.6337493	0.000284825	0.279332483	
0.6339185	0.00028658	0.280172878	
0.634659	0.000264487	0.281379581	
0.6355477	0.000237853	0.283285973	
0.6368912	0.000210908	0.285570015	
0.6381183	0.000187681	0.28809099	
0.6389541	0.000158775	0.290599616	
0.6402341	0.000140296	0.293369924	
0.6422018	0.000114591	0.295756407	
0.6429423	0.000103544	0.298259647	
0.6436193	8.362e-005	0.299567845	
0.6435136	6.6586e-005	0.300180483	
0.6438309	8.7646e-005	0.301185732	
0.644106	6.8238e-005	0.302557451	
0.6442752	5.2753e-005	0.303873868	
0.6452062	5.9876e-005	0.305329434	
0.6457034	5.3166e-005	0.306601004	
0.6462852	4.0778e-005	0.307930648	
0.6470892	3.9539e-005	0.309142897	
0.6479778	3.3242e-005	0.310675519	
0.6495224	3.541e-005	0.311847659	
0.6499561	3.0764e-005	0.31328954	
0.6513208	2.5912e-005	0.31468041	
0.6515747	2.8183e-005	0.315939581	
0.6522305	2.1679e-005	0.317131411	
0.6523786	1.8169e-005	0.318161908	
0.6540078	2.8183e-005	0.319447313	
0.6554359	2.2195e-005	0.320459675	
0.6563669	1.7653e-005	0.321452266	
0.6571497	2.0234e-005	0.322396271	
0.6587154	2.1679e-005	0.323448173	
0.6599214	6.091e-006	0.324602528	
0.6615294	1.7963e-005	0.325846666	
0.6632008	1.6621e-005	0.326580729	
0.664026	2.5396e-005	0.327585571	
0.6650416	1.5588e-005	0.328563589	
0.6670515	1.8995e-005	0.329613178	
0.6684056	2.0131e-005	0.330628981	
0.6687442	1.724e-005	0.331975222	
0.6697386	1.2388e-005	0.33319183	
0.6708705	1.9821e-005	0.334093222	
0.6720659	2.1679e-005	0.33475352	
0.6725526	1.8789e-005	0.335537557	
0.6733883	2.426e-005	0.336485032	
0.6746789	2.7047e-005	0.337284979	
0.6760119	1.9615e-005	0.337810626	
0.6772602	2.6118e-005	0.338217273	
0.677916	2.1783e-005	0.338820934	
0.6797568	2.1163e-005	0.339271928	
0.6810686	1.6001e-005	0.339632111	
0.681058	1.8995e-005	0.339912336	
0.6809628	2.5705e-005	0.340337566	
0.6809628	2.0647e-005	0.340771743	
0.6809416	1.6105e-005	0.341227835	
0.681661	2.3641e-005	0.341733064	
0.6833536	2.2195e-005	0.342380395	
0.6835863	1.7653e-005	0.343049401	
0.685755	2.0544e-005	0.343681131	
0.6879025	2.488e-005	0.344260204	
0.6884526	2.1473e-005	0.344814	
0.6884103	1.6311e-005	0.345255938	
0.6890027	2.426e-005	0.345818522	
0.689045	2.075e-005	0.346244669	
0.6903039	2.4467e-005	0.346771164	
0.6915205	2.1886e-005	0.347225112	
0.6922398	2.3125e-005	0.347683757	
0.6924937	1.5898e-005	0.348042145	
0.6920812	2.0544e-005	0.348504661	
0.6925043	2.839e-005	0.349018877	
0.6934353	1.8376e-005	0.349588344	
0.6956568	1.4143e-005	0.350203436	
0.6959107	2.839e-005	0.350621793	
0.6968628	2.2608e-005	0.351130911	
0.6983015	1.8479e-005	0.351690334	
0.6990421	2.1886e-005	0.352261716	
0.7000788	2.5396e-005	0.352720969	
0.7024273	1.5898e-005	0.35313787	
0.7037814	2.2402e-005	0.353532088	
0.705474	2.2918e-005	0.35380527	
0.7056644	2.3228e-005	0.354283617	
0.7065107	1.7137e-005	0.354789912	
0.7083303	1.8582e-005	0.355453004	
0.7101922	2.3434e-005	0.356065802	
0.7122762	1.9924e-005	0.356311034	
0.7142439	1.5588e-005	0.356496297	
0.7156826	4.9036e-005	0.356674579	
0.7153864	3.2312e-005	0.356726319	
0.7165924	2.6841e-005	0.356948948	
0.7174176	2.7357e-005	0.357209822	
0.718687	2.839e-005	0.357602175	
0.7194064	2.0957e-005	0.357827787	
0.7193006	2.2195e-005	0.357895357	
0.7209297	2.2505e-005	0.358091763	
0.7217549	2.1576e-005	0.358419507	
0.7231513	2.2505e-005	0.35852185	
0.7249497	2.3228e-005	0.358929105	
0.7256902	2.9112e-005	0.359081641	
0.7279859	2.2918e-005	0.359170288	
0.7299958	2.1266e-005	0.359005852	
0.7317943	3.4067e-005	0.359156672	
0.7334869	3.0454e-005	0.359204043	
0.7347987	2.5912e-005	0.359156024	
0.7353276	2.6944e-005	0.359215215	
0.7361104	3.0661e-005	0.359271663	
0.7377078	2.6428e-005	0.359625073	
0.7390937	3.3035e-005	0.359709092	
0.73994	2.839e-005	0.359577853	
0.7415268	3.5513e-005	0.359398733	
0.742754	2.9525e-005	0.359540825	
0.7442138	3.1383e-005	0.359458492	
0.7455785	4.3255e-005	0.359291703	
0.7477789	3.3551e-005	0.359051088	
0.7491965	3.3138e-005	0.358937095	
0.7505294	4.212e-005	0.358994271	
0.7509526	3.9952e-005	0.358876138	
0.7526875	3.2725e-005	0.358762105	
0.753153	4.0984e-005	0.358610028	
0.7543801	4.3668e-005	0.358545481	
0.755438	4.0571e-005	0.358656072	
0.7563478	3.9849e-005	0.358420734	
0.7577231	4.3255e-005	0.358434121	
0.7591406	5.2959e-005	0.358231571	
0.7597754	4.2223e-005	0.358077378	
0.7607698	4.3462e-005	0.357922738	
0.7615949	5.7811e-005	0.357671351	
0.762473	4.9346e-005	0.357586075	
0.763679	4.9243e-005	0.357344583	
0.7658371	5.7502e-005	0.357024559	
0.7664295	5.6366e-005	0.356805789	
0.7669796	5.7295e-005	0.356607399	
0.7677201	5.5334e-005	0.356533904	
0.7684818	5.8121e-005	0.356350495	
0.7691377	5.6779e-005	0.35614587	
0.7698359	5.3579e-005	0.35606657	
0.7713804	5.7811e-005	0.355659683	
0.7729461	7.5981e-005	0.355257486	
0.7734962	6.8548e-005	0.355103024	
0.7741944	7.1748e-005	0.354839587	
0.7747445	8.8575e-005	0.354576121	
0.7756543	8.331e-005	0.354463923	
0.7763525	8.0213e-005	0.354132916	
0.7772411	9.2498e-005	0.354162093	
0.7778547	9.095e-005	0.353854417	
0.7787644	9.1466e-005	0.353530213	
0.7786587	9.3324e-005	0.353552168	
0.7786163	9.4769e-005	0.353433048	
0.7788914	9.2292e-005	0.353357139	
0.7787856	9.1879e-005	0.35328517	
0.7787856	9.1879e-005	0.353330755	
0.7787856	0.000100551	0.353413237	
0.7787962	9.5802e-005	0.353481536	
0.7787856	8.9917e-005	0.353502023	
0.7787962	9.9312e-005	0.35348336	
0.7787962	9.6318e-005	0.353481725	
0.7787856	9.1053e-005	0.353459581	
